start;end;duration;jobs;njobs;days;ndays
250580203997;250580204222;225;9;1;1;1
250582298613;250582302982;4369;9;1;1;1
250582302982;250582318174;15192;9;1;1;1
250582318174;250582323584;5410;9;1;1;1
250582323584;250582328817;5233;9;1;1;1
250582328817;250582329600;783;9;1;1;1
250582329600;250582333649;4049;9;1;1;1
250582333649;250582333731;82;9;1;1;1
250582333731;250582333918;187;9;1;1;1
250582333918;250582334150;232;9;1;1;1
250582334150;250582340841;6691;9;1;1;1
250582340841;250582341088;247;9;1;1;1
250582341088;250582345417;4329;9;1;1;1
250582345417;250582347003;1586;9;1;1;1
250582347003;250582349378;2375;9;1;1;1
250582349378;250582349395;17;9;1;1;1
250582349395;250582349450;55;9;1;1;1
250582349450;250582350224;774;9;1;1;1
250582350224;250582350437;213;9;1;1;1
250582350437;250582350514;77;9;1;1;1
250582350514;250582352322;1808;9;1;1;1
250582352322;250582353320;998;9;1;1;1
250582353320;250582353394;74;9;1;1;1
250582353394;250582353857;463;9;1;1;1
250582353857;250582353998;141;9;1;1;1
250582353998;250582354053;55;9;1;1;1
250582354053;250582354408;355;9;1;1;1
250582354408;250582354555;147;9;1;1;1
250582354555;250582355901;1346;9;1;1;1
250582355901;250582356929;1028;9;1;1;1
250582356929;250582356995;66;9;1;1;1
250582356995;250582357084;89;9;1;1;1
250582357084;250582357650;566;9;1;1;1
250582357650;250582358450;800;9;1;1;1
250582358450;250582358778;328;9;1;1;1
250582358778;250582358816;38;9;1;1;1
250582358816;250582359124;308;9;1;1;1
250582359124;250582359691;567;9;1;1;1
250582359691;250582361816;2125;9;1;1;1
250582361816;250582362873;1057;9;1;1;1
250582362873;250582364367;1494;9;1;1;1
250582364367;250582372800;8433;9;1;1;1
250582372800;250582380241;7441;9;1;1;1
250582380241;250582381495;1254;9;1;1;1
250582381495;250582385268;3773;9;1;1;1
250582385268;250582385971;703;9;1;1;1
250582385971;250582386040;69;9;1;1;1
250582386040;250582386906;866;9;1;1;1
250582386906;250582389026;2120;9;1;1;1
250582389026;250582390301;1275;9;1;1;1
250582390301;250582390494;193;9;1;1;1
250582390494;250582390569;75;9;1;1;1
250582390569;250582391131;562;9;1;1;1
250582391131;250582391732;601;9;1;1;1
250582391732;250582393120;1388;9;1;1;1
250582393120;250582393923;803;9;1;1;1
250582393923;250582393985;62;9;1;1;1
250582393985;250582394013;28;9;1;1;1
250582394013;250582394062;49;9;1;1;1
250582394062;250582394116;54;9;1;1;1
250582394116;250582394292;176;9;1;1;1
250582394292;250582396117;1825;9;1;1;1
250582396117;250582398663;2546;9;1;1;1
250582398663;250582400768;2105;9;1;1;1
250582400768;250582400990;222;9;1;1;1
250582400990;250582402642;1652;9;1;1;1
250582402642;250582412144;9502;9;1;1;1
250582412144;250582412206;62;9;1;1;1
250582412206;250582413370;1164;9;1;1;1
250582413370;250582413719;349;9;1;1;1
250582413719;250582413784;65;9;1;1;1
250582413784;250582414218;434;9;1;1;1
250582414218;250582414428;210;9;1;1;1
250582414428;250582414885;457;9;1;1;1
250582414885;250582415762;877;9;1;1;1
250582415762;250582416637;875;9;1;1;1
250582416637;250582418804;2167;9;1;1;1
250582418804;250582418896;92;9;1;1;1
250582418896;250582425083;6187;9;1;1;1
250582425083;250582426215;1132;9;1;1;1
250582426215;250582428536;2321;9;1;1;1
250582428536;250582433022;4486;9;1;1;1
250582433022;250582436077;3055;9;1;1;1
250582436077;250582437353;1276;9;1;1;1
250582437353;250582437567;214;9;1;1;1
250582437567;250582438213;646;9;1;1;1
250582438213;250582439173;960;9;1;1;1
250582439173;250582439505;332;9;1;1;1
250582439505;250582439691;186;9;1;1;1
250582439691;250582439786;95;9;1;1;1
250582439786;250582441669;1883;9;1;1;1
250582441669;250582442812;1143;9;1;1;1
250582442812;250582446774;3962;9;1;1;1
250582446774;250582448429;1655;9;1;1;1
250582448429;250582449466;1037;9;1;1;1
250582449466;250582454096;4630;9;1;1;1
250582454096;250582454744;648;9;1;1;1
250582454744;250582456112;1368;9;1;1;1
250582456112;250582463572;7460;9;1;1;1
250582463572;250582479282;15710;9;1;1;1
250582479282;250582481849;2567;9;1;1;1
250582481849;250582497065;15216;9;1;1;1
250582497065;250582501757;4692;9;1;1;1
250582501757;250582502218;461;9;1;1;1
250582502218;250582502417;199;9;1;1;1
250582502417;250582503142;725;9;1;1;1
250582503142;250582505294;2152;9;1;1;1
250582505294;250582505883;589;9;1;1;1
250582505883;250582506442;559;9;1;1;1
250582506442;250582506971;529;9;1;1;1
250582506971;250582507269;298;9;1;1;1
250582507269;250582508046;777;9;1;1;1
250582508046;250582508161;115;9;1;1;1
250582508161;250582508374;213;9;1;1;1
250582508374;250582508590;216;9;1;1;1
250582508590;250582508724;134;9;1;1;1
250582508724;250582534496;25772;9;1;1;1
250582534496;250582534510;14;9;1;1;1
250582534510;250582534725;215;9;1;1;1
250582534725;250582535319;594;9;1;1;1
250582535319;250582537765;2446;9;1;1;1
250582537765;250582538221;456;9;1;1;1
250582538221;250582539539;1318;9;1;1;1
250582539539;250582546123;6584;9;1;1;1
250582546123;250582548901;2778;9;1;1;1
250582548901;250582549499;598;9;1;1;1
250582549499;250582549810;311;9;1;1;1
250582549810;250582550656;846;9;1;1;1
250582550656;250582552166;1510;9;1;1;1
250582552166;250582552983;817;9;1;1;1
250582552983;250582555934;2951;9;1;1;1
250582555934;250582559203;3269;9;1;1;1
250582559203;250582562069;2866;9;1;1;1
250582562069;250582564884;2815;9;1;1;1
250582564884;250582565552;668;9;1;1;1
250582565552;250582566681;1129;9;1;1;1
250582566681;250582567499;818;9;1;1;1
250582567499;250582568370;871;9;1;1;1
250582568370;250582568539;169;9;1;1;1
250582568539;250582571800;3261;9;1;1;1
250582571800;250582571874;74;9;1;1;1
250582571874;250582572841;967;9;1;1;1
250582572841;250582573032;191;9;1;1;1
250582573032;250582573070;38;9;1;1;1
250582573070;250582573867;797;9;1;1;1
250582573867;250582574197;330;9;1;1;1
250582574197;250582574652;455;9;1;1;1
250582574652;250582574728;76;9;1;1;1
250582574728;250582574935;207;9;1;1;1
250582574935;250582576054;1119;9;1;1;1
250582576054;250582576654;600;9;1;1;1
250582576654;250582576768;114;9;1;1;1
250582576768;250582577341;573;9;1;1;1
250582577341;250582580894;3553;9;1;1;1
250582580894;250582582429;1535;9;1;1;1
250582582429;250582582473;44;9;1;1;1
250582582473;250582582958;485;9;1;1;1
250582582958;250582582982;24;9;1;1;1
250582582982;250582583165;183;9;1;1;1
250582583165;250582583761;596;9;1;1;1
250582583761;250582587375;3614;9;1;1;1
250582587375;250582587657;282;9;1;1;1
250582587657;250582587727;70;9;1;1;1
250582587727;250582588569;842;9;1;1;1
250582588569;250582590603;2034;9;1;1;1
250582590603;250582591127;524;9;1;1;1
250582591127;250582593354;2227;9;1;1;1
250582593354;250582593716;362;9;1;1;1
250582593716;250582603901;10185;9;1;1;1
250582603901;250582610555;6654;9;1;1;1
250582610555;250582617038;6483;9;1;1;1
250582617038;250582619833;2795;9;1;1;1
250582619833;250582619876;43;9;1;1;1
250582619876;250582622934;3058;9;1;1;1
250582622934;250582623190;256;9;1;1;1
250582623190;250582623225;35;9;1;1;1
250582623225;250582623287;62;9;1;1;1
250582623287;250582623475;188;9;1;1;1
250582623475;250582623477;2;9;1;1;1
250582623477;250582623542;65;9;1;1;1
250582623542;250582623577;35;9;1;1;1
250582623577;250582623709;132;9;1;1;1
250582623709;250582623747;38;9;1;1;1
250582623747;250582624030;283;9;1;1;1
250582624030;250582624060;30;9;1;1;1
250582624060;250582630279;6219;9;1;1;1
250582630279;250582630840;561;9;1;1;1
250582630840;250582630925;85;9;1;1;1
250582630925;250582631139;214;9;1;1;1
250582631139;250582632221;1082;9;1;1;1
250582632221;250582632765;544;9;1;1;1
250582632765;250582633211;446;9;1;1;1
250582633211;250582634393;1182;9;1;1;1
250582634393;250582635753;1360;9;1;1;1
250582635753;250582636429;676;9;1;1;1
250582636429;250582637094;665;9;1;1;1
250582637094;250582637296;202;9;1;1;1
250582637296;250582638159;863;9;1;1;1
250582638159;250582638321;162;9;1;1;1
250582638321;250582638389;68;9;1;1;1
250582638389;250582640587;2198;9;1;1;1
250582640587;250582642980;2393;9;1;1;1
250582642980;250582643034;54;9;1;1;1
250582643034;250582644133;1099;9;1;1;1
250582644133;250582645237;1104;9;1;1;1
250582645237;250582645278;41;9;1;1;1
250582645278;250582646467;1189;9;1;1;1
250582646467;250582648114;1647;9;1;1;1
250582648114;250582648371;257;9;1;1;1
250582648371;250582652541;4170;9;1;1;1
250582652541;250582654430;1889;9;1;1;1
250582654430;250582654505;75;9;1;1;1
250582654505;250582654909;404;9;1;1;1
250582654909;250582655344;435;9;1;1;1
250582655344;250582655460;116;9;1;1;1
250582655460;250582655607;147;9;1;1;1
250582655607;250582663829;8222;9;1;1;1
250582663829;250582664411;582;9;1;1;1
250582664411;250582665932;1521;9;1;1;1
250582665932;250582666013;81;9;1;1;1
250582666013;250582667836;1823;9;1;1;1
250582667836;250582668358;522;9;1;1;1
250582668358;250582671457;3099;9;1;1;1
250582671457;250582671523;66;9;1;1;1
250582671523;250582671557;34;9;1;1;1
250582671557;250582672958;1401;9;1;1;1
250582672958;250582673901;943;9;1;1;1
250582673901;250582674173;272;9;1;1;1
250582674173;250582675324;1151;9;1;1;1
250582675324;250582675766;442;9;1;1;1
250582675766;250582680736;4970;9;1;1;1
250582680736;250582680843;107;9;1;1;1
250582680843;250582681206;363;9;1;1;1
250582681206;250582681460;254;9;1;1;1
250582681460;250582682987;1527;9;1;1;1
250582682987;250582683781;794;9;1;1;1
250582683781;250582684441;660;9;1;1;1
250582684441;250582684916;475;9;1;1;1
250582684916;250582686606;1690;9;1;1;1
250582686606;250582688459;1853;9;1;1;1
250582688459;250582688630;171;9;1;1;1
250582688630;250582689304;674;9;1;1;1
250582689304;250582689539;235;9;1;1;1
250582689539;250582690331;792;9;1;1;1
250582690331;250582690513;182;9;1;1;1
250582690513;250582692041;1528;9;1;1;1
250582692041;250582692825;784;9;1;1;1
250582692825;250582693497;672;9;1;1;1
250582693497;250582693710;213;9;1;1;1
250582693710;250582693760;50;9;1;1;1
250582693760;250582693802;42;9;1;1;1
250582693802;250582693974;172;9;1;1;1
250582693974;250582694006;32;9;1;1;1
250582694006;250582694154;148;9;1;1;1
250582694154;250582694250;96;9;1;1;1
250582694250;250582694382;132;9;1;1;1
250582694382;250582694538;156;9;1;1;1
250582694538;250582696639;2101;9;1;1;1
250582696639;250582697228;589;9;1;1;1
250582697228;250582698746;1518;9;1;1;1
250582698746;250582698806;60;9;1;1;1
250582698806;250582700303;1497;9;1;1;1
250582700303;250582700906;603;9;1;1;1
250582700906;250582702699;1793;9;1;1;1
250582702699;250582702986;287;9;1;1;1
250582702986;250582703396;410;9;1;1;1
250582703396;250582703619;223;9;1;1;1
250582703619;250582703658;39;9;1;1;1
250582703658;250582703764;106;9;1;1;1
250582703764;250582703814;50;9;1;1;1
250582703814;250582705407;1593;9;1;1;1
250582705407;250582707155;1748;9;1;1;1
250582707155;250582707262;107;9;1;1;1
250582707262;250582707508;246;9;1;1;1
250582707508;250582710187;2679;9;1;1;1
250582710187;250582710259;72;9;1;1;1
250582710259;250582711240;981;9;1;1;1
250582711240;250582711290;50;9;1;1;1
250582711290;250582711908;618;9;1;1;1
250582711908;250582711948;40;9;1;1;1
250582711948;250582712444;496;9;1;1;1
250582712444;250582713825;1381;9;1;1;1
250582713825;250582714198;373;9;1;1;1
250582714198;250582714241;43;9;1;1;1
250582714241;250582716662;2421;9;1;1;1
250582716662;250582716870;208;9;1;1;1
250582716870;250582716944;74;9;1;1;1
250582716944;250582716987;43;9;1;1;1
250582716987;250582717443;456;9;1;1;1
250582717443;250582718176;733;9;1;1;1
250582718176;250582719057;881;9;1;1;1
250582719057;250582721530;2473;9;1;1;1
250582721530;250582722822;1292;9;1;1;1
250582722822;250582722864;42;9;1;1;1
250582722864;250582724118;1254;9;1;1;1
250582724118;250582725859;1741;9;1;1;1
250582725859;250582726265;406;9;1;1;1
250582726265;250582726305;40;9;1;1;1
250582726305;250582726848;543;9;1;1;1
250582726848;250582727736;888;9;1;1;1
250582727736;250582731300;3564;9;1;1;1
250582731300;250582731323;23;9;1;1;1
250582731323;250582732147;824;9;1;1;1
250582732147;250582732572;425;9;1;1;1
250582732572;250582733008;436;9;1;1;1
250582733008;250582733049;41;9;1;1;1
250582733049;250582735019;1970;9;1;1;1
250582735019;250582735895;876;9;1;1;1
250582735895;250582736063;168;9;1;1;1
250582736063;250582739684;3621;9;1;1;1
250582739684;250582740756;1072;9;1;1;1
250582740756;250582742422;1666;9;1;1;1
250582742422;250582742511;89;9;1;1;1
250582742511;250582742694;183;9;1;1;1
250582742694;250582742818;124;9;1;1;1
250582742818;250582742891;73;9;1;1;1
250582742891;250582743065;174;9;1;1;1
250582743065;250582743424;359;9;1;1;1
250582743424;250582743513;89;9;1;1;1
250582743513;250582743576;63;9;1;1;1
250582743576;250582744107;531;9;1;1;1
250582744107;250582744139;32;9;1;1;1
250582744139;250582744302;163;9;1;1;1
250582744302;250582746389;2087;9;1;1;1
250582746389;250582747613;1224;9;1;1;1
250582747613;250582747661;48;9;1;1;1
250582747661;250582747864;203;9;1;1;1
250582747864;250582748169;305;9;1;1;1
250582748169;250582748484;315;9;1;1;1
250582748484;250582749468;984;9;1;1;1
250582749468;250582749517;49;9;1;1;1
250582749517;250582749616;99;9;1;1;1
250582749616;250582749669;53;9;1;1;1
250582749669;250582750028;359;9;1;1;1
250582750028;250582753041;3013;9;1;1;1
250582753041;250582753128;87;9;1;1;1
250582753128;250582753246;118;9;1;1;1
250582753246;250582753316;70;9;1;1;1
250582753316;250582753380;64;9;1;1;1
250582753380;250582753422;42;9;1;1;1
250582753422;250582753449;27;9;1;1;1
250582753449;250582753512;63;9;1;1;1
250582753512;250582753563;51;9;1;1;1
250582753563;250582753581;18;9;1;1;1
250582753581;250582753687;106;9;1;1;1
250582753687;250582753770;83;9;1;1;1
250582753770;250582753779;9;9;1;1;1
250582753779;250582754953;1174;9;1;1;1
250582754953;250582755505;552;9;1;1;1
250582755505;250582755569;64;9;1;1;1
250582755569;250582756101;532;9;1;1;1
250582756101;250582757238;1137;9;1;1;1
250582757238;250582757590;352;9;1;1;1
250582757590;250582757673;83;9;1;1;1
250582757673;250582757756;83;9;1;1;1
250582757756;250582757981;225;9;1;1;1
250582757981;250582758267;286;9;1;1;1
250582758267;250582759060;793;9;1;1;1
250582759060;250582760330;1270;9;1;1;1
250582760330;250582760494;164;9;1;1;1
250582760494;250582760627;133;9;1;1;1
250582760627;250582761956;1329;9;1;1;1
250582761956;250582762338;382;9;1;1;1
250582762338;250582763175;837;9;1;1;1
250582763175;250582768241;5066;9;1;1;1
250582768241;250582769884;1643;9;1;1;1
250582769884;250582772950;3066;9;1;1;1
250582772950;250582773702;752;9;1;1;1
250582773702;250582775725;2023;9;1;1;1
250582775725;250582778478;2753;9;1;1;1
250582778478;250582778595;117;9;1;1;1
250582778595;250582779060;465;9;1;1;1
250582779060;250582779109;49;9;1;1;1
250582779109;250582779130;21;9;1;1;1
250582779130;250582779266;136;9;1;1;1
250582779266;250582779432;166;9;1;1;1
250582779432;250582779506;74;9;1;1;1
250582779506;250582779535;29;9;1;1;1
250582779535;250582779595;60;9;1;1;1
250582779595;250582779799;204;9;1;1;1
250582779799;250582779801;2;9;1;1;1
250582779801;250582779856;55;9;1;1;1
250582779856;250582779877;21;9;1;1;1
250582779877;250582779921;44;9;1;1;1
250582779921;250582783334;3413;9;1;1;1
250582783334;250582783511;177;9;1;1;1
250582783511;250582783542;31;9;1;1;1
250582783542;250582784255;713;9;1;1;1
250582784255;250582787671;3416;9;1;1;1
250582787671;250582787695;24;9;1;1;1
250582787695;250582787720;25;9;1;1;1
250582787720;250582787728;8;9;1;1;1
250582787728;250582787750;22;9;1;1;1
250582787750;250582787798;48;9;1;1;1
250582787798;250582787834;36;9;1;1;1
250582787834;250582787989;155;9;1;1;1
250582787989;250582789780;1791;9;1;1;1
250582789780;250582790872;1092;9;1;1;1
250582790872;250582791808;936;9;1;1;1
250582791808;250582791945;137;9;1;1;1
250582791945;250582792275;330;9;1;1;1
250582792275;250582792513;238;9;1;1;1
250582792513;250582792842;329;9;1;1;1
250582792842;250582793044;202;9;1;1;1
250582793044;250582793223;179;9;1;1;1
250582793223;250582793244;21;9;1;1;1
250582793244;250582793400;156;9;1;1;1
250582793400;250582793428;28;9;1;1;1
250582793428;250582794115;687;9;1;1;1
250582794115;250582794408;293;9;1;1;1
250582794408;250582794468;60;9;1;1;1
250582794468;250582794482;14;9;1;1;1
250582794482;250582794498;16;9;1;1;1
250582794498;250582794601;103;9;1;1;1
250582794601;250582795176;575;9;1;1;1
250582795176;250582795402;226;9;1;1;1
250582795402;250582795422;20;9;1;1;1
250582795422;250582795518;96;9;1;1;1
250582795518;250582795646;128;9;1;1;1
250582795646;250582795706;60;9;1;1;1
250582795706;250582796234;528;9;1;1;1
250582796234;250582797528;1294;9;1;1;1
250582797528;250582798551;1023;9;1;1;1
250582798551;250582798819;268;9;1;1;1
250582798819;250582798829;10;9;1;1;1
250582798829;250582798915;86;9;1;1;1
250582798915;250582798935;20;9;1;1;1
250582798935;250582799042;107;9;1;1;1
250582799042;250582800793;1751;9;1;1;1
250582800793;250582801258;465;9;1;1;1
250582801258;250582801339;81;9;1;1;1
250582801339;250582802295;956;9;1;1;1
250582802295;250582802828;533;9;1;1;1
250582802828;250582802966;138;9;1;1;1
250582802966;250582803038;72;9;1;1;1
250582803038;250582803724;686;9;1;1;1
250582803724;250582805460;1736;9;1;1;1
250582805460;250582805505;45;9;1;1;1
250582805505;250582805885;380;9;1;1;1
250582805885;250582805894;9;9;1;1;1
250582805894;250582806048;154;9;1;1;1
250582806048;250582806530;482;9;1;1;1
250582806530;250582806560;30;9;1;1;1
250582806560;250582806605;45;9;1;1;1
250582806605;250582807545;940;9;1;1;1
250582807545;250582807643;98;9;1;1;1
250582807643;250582807963;320;9;1;1;1
250582807963;250582808479;516;9;1;1;1
250582808479;250582809052;573;9;1;1;1
250582809052;250582809277;225;9;1;1;1
250582809277;250582809643;366;9;1;1;1
250582809643;250582809891;248;9;1;1;1
250582809891;250582809917;26;9;1;1;1
250582809917;250582809966;49;9;1;1;1
250582809966;250582809978;12;9;1;1;1
250582809978;250582810250;272;9;1;1;1
250582810250;250582811160;910;9;1;1;1
250582811160;250582811638;478;9;1;1;1
250582811638;250582811830;192;9;1;1;1
250582811830;250582812438;608;9;1;1;1
250582812438;250582812748;310;9;1;1;1
250582812748;250582813104;356;9;1;1;1
250582813104;250582815820;2716;9;1;1;1
250582815820;250582817056;1236;9;1;1;1
250582817056;250582817260;204;9;1;1;1
250582817260;250582818602;1342;9;1;1;1
250582818602;250582818658;56;9;1;1;1
250582818658;250582818713;55;9;1;1;1
250582818713;250582819165;452;9;1;1;1
250582819165;250582819202;37;9;1;1;1
250582819202;250582819598;396;9;1;1;1
250582819598;250582819638;40;9;1;1;1
250582819638;250582819831;193;9;1;1;1
250582819831;250582819904;73;9;1;1;1
250582819904;250582820032;128;9;1;1;1
250582820032;250582820132;100;9;1;1;1
250582820132;250582820160;28;9;1;1;1
250582820160;250582820197;37;9;1;1;1
250582820197;250582820288;91;9;1;1;1
250582820288;250582820449;161;9;1;1;1
250582820449;250582820997;548;9;1;1;1
250582820997;250582821059;62;9;1;1;1
250582821059;250582822533;1474;9;1;1;1
250582822533;250582822614;81;9;1;1;1
250582822614;250582823845;1231;9;1;1;1
250582823845;250582824073;228;9;1;1;1
250582824073;250582825041;968;9;1;1;1
250582825041;250582825391;350;9;1;1;1
250582825391;250582825636;245;9;1;1;1
250582825636;250582825936;300;9;1;1;1
250582825936;250582826157;221;9;1;1;1
250582826157;250582826498;341;9;1;1;1
250582826498;250582827104;606;9;1;1;1
250582827104;250582831153;4049;9;1;1;1
250582831153;250582831856;703;9;1;1;1
250582831856;250582832704;848;9;1;1;1
250582832704;250582833099;395;9;1;1;1
250582833099;250582833770;671;9;1;1;1
250582833770;250582834196;426;9;1;1;1
250582834196;250582834269;73;9;1;1;1
250582834269;250582835677;1408;9;1;1;1
250582835677;250582837906;2229;9;1;1;1
250582837906;250582838071;165;9;1;1;1
250582838071;250582838113;42;9;1;1;1
250582838113;250582839224;1111;9;1;1;1
250582839224;250582839302;78;9;1;1;1
250582839302;250582839366;64;9;1;1;1
250582839366;250582839662;296;9;1;1;1
250582839662;250582841947;2285;9;1;1;1
250582841947;250582842549;602;9;1;1;1
250582842549;250582842926;377;9;1;1;1
250582842926;250582843030;104;9;1;1;1
250582843030;250582843190;160;9;1;1;1
250582843190;250582843220;30;9;1;1;1
250582843220;250582843292;72;9;1;1;1
250582843292;250582843321;29;9;1;1;1
250582843321;250582843427;106;9;1;1;1
250582843427;250582843609;182;9;1;1;1
250582843609;250582844241;632;9;1;1;1
250582844241;250582845239;998;9;1;1;1
250582845239;250582845344;105;9;1;1;1
250582845344;250582845428;84;9;1;1;1
250582845428;250582845468;40;9;1;1;1
250582845468;250582845553;85;9;1;1;1
250582845553;250582845913;360;9;1;1;1
250582845913;250582846279;366;9;1;1;1
250582846279;250582846317;38;9;1;1;1
250582846317;250582846440;123;9;1;1;1
250582846440;250582846538;98;9;1;1;1
250582846538;250582847246;708;9;1;1;1
250582847246;250582848335;1089;9;1;1;1
250582848335;250582848385;50;9;1;1;1
250582848385;250582848602;217;9;1;1;1
250582848602;250582850379;1777;9;1;1;1
250582850379;250582850434;55;9;1;1;1
250582850434;250582850508;74;9;1;1;1
250582850508;250582850575;67;9;1;1;1
250582850575;250582850805;230;9;1;1;1
250582850805;250582850847;42;9;1;1;1
250582850847;250582850911;64;9;1;1;1
250582850911;250582851060;149;9;1;1;1
250582851060;250582851104;44;9;1;1;1
250582851104;250582851838;734;9;1;1;1
250582851838;250582853186;1348;9;1;1;1
250582853186;250582853237;51;9;1;1;1
250582853237;250582853857;620;9;1;1;1
250582853857;250582855001;1144;9;1;1;1
250582855001;250582855381;380;9;1;1;1
250582855381;250582855492;111;9;1;1;1
250582855492;250582855824;332;9;1;1;1
250582855824;250582856538;714;9;1;1;1
250582856538;250582856670;132;9;1;1;1
250582856670;250582857722;1052;9;1;1;1
250582857722;250582858626;904;9;1;1;1
250582858626;250582858748;122;9;1;1;1
250582858748;250582858927;179;9;1;1;1
250582858927;250582859384;457;9;1;1;1
250582859384;250582859425;41;9;1;1;1
250582859425;250582859648;223;9;1;1;1
250582859648;250582859862;214;9;1;1;1
250582859862;250582860889;1027;9;1;1;1
250582860889;250582862066;1177;9;1;1;1
250582862066;250582862105;39;9;1;1;1
250582862105;250582862544;439;9;1;1;1
250582862544;250582863975;1431;9;1;1;1
250582863975;250582865933;1958;9;1;1;1
250582865933;250582866544;611;9;1;1;1
250582866544;250582868193;1649;9;1;1;1
250582868193;250582869293;1100;9;1;1;1
250582869293;250582871289;1996;9;1;1;1
250582871289;250582871981;692;9;1;1;1
250582871981;250582875683;3702;9;1;1;1
250582875683;250582875781;98;9;1;1;1
250582875781;250582876065;284;9;1;1;1
250582876065;250582881315;5250;9;1;1;1
250582881315;250582883118;1803;9;1;1;1
250582883118;250582885916;2798;9;1;1;1
250582885916;250582886742;826;9;1;1;1
250582886742;250582887494;752;9;1;1;1
250582887494;250582887539;45;9;1;1;1
250582887539;250582887776;237;9;1;1;1
250582887776;250582888522;746;9;1;1;1
250582888522;250582888605;83;9;1;1;1
250582888605;250582893399;4794;9;1;1;1
250582893399;250582894032;633;9;1;1;1
250582894032;250582896055;2023;9;1;1;1
250582896055;250582896689;634;9;1;1;1
250582896689;250582897168;479;9;1;1;1
250582897168;250582897236;68;9;1;1;1
250582897236;250582897859;623;9;1;1;1
250582897859;250582898735;876;9;1;1;1
250582898735;250582899340;605;9;1;1;1
250582899340;250582899585;245;9;1;1;1
250582899585;250582899941;356;9;1;1;1
250582899941;250582900301;360;9;1;1;1
250582900301;250582900589;288;9;1;1;1
250582900589;250582900986;397;9;1;1;1
250582900986;250582901763;777;9;1;1;1
250582901763;250582902106;343;9;1;1;1
250582902106;250582903521;1415;9;1;1;1
250582903521;250582904411;890;9;1;1;1
250582904411;250582904447;36;9;1;1;1
250582904447;250582904832;385;9;1;1;1
250582904832;250582904951;119;9;1;1;1
250582904951;250582904993;42;9;1;1;1
250582904993;250582905301;308;9;1;1;1
250582905301;250582905374;73;9;1;1;1
250582905374;250582905419;45;9;1;1;1
250582905419;250582905441;22;9;1;1;1
250582905441;250582905501;60;9;1;1;1
250582905501;250582905534;33;9;1;1;1
250582905534;250582906358;824;9;1;1;1
250582906358;250582906442;84;9;1;1;1
250582906442;250582906758;316;9;1;1;1
250582906758;250582907022;264;9;1;1;1
250582907022;250582907299;277;9;1;1;1
250582907299;250582907454;155;9;1;1;1
250582907454;250582907463;9;9;1;1;1
250582907463;250582907592;129;9;1;1;1
250582907592;250582907625;33;9;1;1;1
250582907625;250582907708;83;9;1;1;1
250582907708;250582907837;129;9;1;1;1
250582907837;250582908129;292;9;1;1;1
250582908129;250582908183;54;9;1;1;1
250582908183;250582908227;44;9;1;1;1
250582908227;250582908429;202;9;1;1;1
250582908429;250582908696;267;9;1;1;1
250582908696;250582908793;97;9;1;1;1
250582908793;250582910419;1626;9;1;1;1
250582910419;250582910487;68;9;1;1;1
250582910487;250582911599;1112;9;1;1;1
250582911599;250582912286;687;9;1;1;1
250582912286;250582912362;76;9;1;1;1
250582912362;250582912514;152;9;1;1;1
250582912514;250582912598;84;9;1;1;1
250582912598;250582912734;136;9;1;1;1
250582912734;250582913125;391;9;1;1;1
250582913125;250582913202;77;9;1;1;1
250582913202;250582913706;504;9;1;1;1
250582913706;250582914347;641;9;1;1;1
250582914347;250582914368;21;9;1;1;1
250582914368;250582916337;1969;9;1;1;1
250582916337;250582917723;1386;9;1;1;1
250582917723;250582919426;1703;9;1;1;1
250582919426;250582919474;48;9;1;1;1
250582919474;250582919773;299;9;1;1;1
250582919773;250582919924;151;9;1;1;1
250582919924;250582919952;28;9;1;1;1
250582919952;250582919989;37;9;1;1;1
250582919989;250582920186;197;9;1;1;1
250582920186;250582920223;37;9;1;1;1
250582920223;250582920234;11;9;1;1;1
250582920234;250582920276;42;9;1;1;1
250582920276;250582920360;84;9;1;1;1
250582920360;250582920370;10;9;1;1;1
250582920370;250582920391;21;9;1;1;1
250582920391;250582920675;284;9;1;1;1
250582920675;250582920702;27;9;1;1;1
250582920702;250582920947;245;9;1;1;1
250582920947;250582921273;326;9;1;1;1
250582921273;250582921316;43;9;1;1;1
250582921316;250582921380;64;9;1;1;1
250582921380;250582921519;139;9;1;1;1
250582921519;250582921590;71;9;1;1;1
250582921590;250582921786;196;9;1;1;1
250582921786;250582922293;507;9;1;1;1
250582922293;250582922333;40;9;1;1;1
250582922333;250582922346;13;9;1;1;1
250582922346;250582922504;158;9;1;1;1
250582922504;250582922539;35;9;1;1;1
250582922539;250582923073;534;9;1;1;1
250582923073;250582923920;847;9;1;1;1
250582923920;250582924258;338;9;1;1;1
250582924258;250582924370;112;9;1;1;1
250582924370;250582924411;41;9;1;1;1
250582924411;250582924470;59;9;1;1;1
250582924470;250582924839;369;9;1;1;1
250582924839;250582924853;14;9;1;1;1
250582924853;250582924883;30;9;1;1;1
250582924883;250582924887;4;9;1;1;1
250582924887;250582926258;1371;9;1;1;1
250582926258;250582926322;64;9;1;1;1
250582926322;250582926353;31;9;1;1;1
250582926353;250582926696;343;9;1;1;1
250582926696;250582927061;365;9;1;1;1
250582927061;250582927690;629;9;1;1;1
250582927690;250582927737;47;9;1;1;1
250582927737;250582927911;174;9;1;1;1
250582927911;250582927932;21;9;1;1;1
250582927932;250582928054;122;9;1;1;1
250582928054;250582928381;327;9;1;1;1
250582928381;250582928446;65;9;1;1;1
250582928446;250582928643;197;9;1;1;1
250582928643;250582929189;546;9;1;1;1
250582929189;250582929477;288;9;1;1;1
250582929477;250582929647;170;9;1;1;1
250582929647;250582930153;506;9;1;1;1
250582930153;250582930712;559;9;1;1;1
250582930712;250582930741;29;9;1;1;1
250582930741;250582930771;30;9;1;1;1
250582930771;250582930805;34;9;1;1;1
250582930805;250582930828;23;9;1;1;1
250582930828;250582931083;255;9;1;1;1
250582931083;250582931098;15;9;1;1;1
250582931098;250582931127;29;9;1;1;1
250582931127;250582931367;240;9;1;1;1
250582931367;250582932029;662;9;1;1;1
250582932029;250582932500;471;9;1;1;1
250582932500;250582932622;122;9;1;1;1
250582932622;250582932806;184;9;1;1;1
250582932806;250582933179;373;9;1;1;1
250582933179;250582933597;418;9;1;1;1
250582933597;250582934258;661;9;1;1;1
250582934258;250582934506;248;9;1;1;1
250582934506;250582935235;729;9;1;1;1
250582935235;250582935367;132;9;1;1;1
250582935367;250582935987;620;9;1;1;1
250582935987;250582936027;40;9;1;1;1
250582936027;250582936492;465;9;1;1;1
250582936492;250582936522;30;9;1;1;1
250582936522;250582936771;249;9;1;1;1
250582936771;250582938158;1387;9;1;1;1
250582938158;250582938597;439;9;1;1;1
250582938597;250582938944;347;9;1;1;1
250582938944;250582939509;565;9;1;1;1
250582939509;250582939772;263;9;1;1;1
250582939772;250582940464;692;9;1;1;1
250582940464;250582940670;206;9;1;1;1
250582940670;250582942350;1680;9;1;1;1
250582942350;250582942594;244;9;1;1;1
250582942594;250582942753;159;9;1;1;1
250582942753;250582943359;606;9;1;1;1
250582943359;250582943476;117;9;1;1;1
250582943476;250582943574;98;9;1;1;1
250582943574;250582943943;369;9;1;1;1
250582943943;250582945190;1247;9;1;1;1
250582945190;250582945407;217;9;1;1;1
250582945407;250582945956;549;9;1;1;1
250582945956;250582946113;157;9;1;1;1
250582946113;250582946119;6;9;1;1;1
250582946119;250582946528;409;9;1;1;1
250582946528;250582946568;40;9;1;1;1
250582946568;250582946760;192;9;1;1;1
250582946760;250582946849;89;9;1;1;1
250582946849;250582947185;336;9;1;1;1
250582947185;250582947410;225;9;1;1;1
250582947410;250582947432;22;9;1;1;1
250582947432;250582949878;2446;9;1;1;1
250582949878;250582951478;1600;9;1;1;1
250582951478;250582951942;464;9;1;1;1
250582951942;250582952395;453;9;1;1;1
250582952395;250582952450;55;9;1;1;1
250582952450;250582952611;161;9;1;1;1
250582952611;250582952650;39;9;1;1;1
250582952650;250582953133;483;9;1;1;1
250582953133;250582953228;95;9;1;1;1
250582953228;250582953556;328;9;1;1;1
250582953556;250582953561;5;9;1;1;1
250582953561;250582953578;17;9;1;1;1
250582953578;250582953868;290;9;1;1;1
250582953868;250582954100;232;9;1;1;1
250582954100;250582955304;1204;9;1;1;1
250582955304;250582955414;110;9;1;1;1
250582955414;250582955784;370;9;1;1;1
250582955784;250582957221;1437;9;1;1;1
250582957221;250582957281;60;9;1;1;1
250582957281;250582957841;560;9;1;1;1
250582957841;250582959300;1459;9;1;1;1
250582959300;250582959642;342;9;1;1;1
250582959642;250582959813;171;9;1;1;1
250582959813;250582959963;150;9;1;1;1
250582959963;250582959989;26;9;1;1;1
250582959989;250582960418;429;9;1;1;1
250582960418;250582960966;548;9;1;1;1
250582960966;250582961254;288;9;1;1;1
250582961254;250582961711;457;9;1;1;1
250582961711;250582962318;607;9;1;1;1
250582962318;250582962445;127;9;1;1;1
250582962445;250582963307;862;9;1;1;1
250582963307;250582963567;260;9;1;1;1
250582963567;250582964240;673;9;1;1;1
250582964240;250582964397;157;9;1;1;1
250582964397;250582964713;316;9;1;1;1
250582964713;250582964948;235;9;1;1;1
250582964948;250582965194;246;9;1;1;1
250582965194;250582965558;364;9;1;1;1
250582965558;250582965582;24;9;1;1;1
250582965582;250582965611;29;9;1;1;1
250582965611;250582965775;164;9;1;1;1
250582965775;250582965976;201;9;1;1;1
250582965976;250582966269;293;9;1;1;1
250582966269;250582966916;647;9;1;1;1
250582966916;250582967187;271;9;1;1;1
250582967187;250582967292;105;9;1;1;1
250582967292;250582967348;56;9;1;1;1
250582967348;250582968185;837;9;1;1;1
250582968185;250582969460;1275;9;1;1;1
250582969460;250582970407;947;9;1;1;1
250582970407;250582970536;129;9;1;1;1
250582970536;250582971496;960;9;1;1;1
250582971496;250582971824;328;9;1;1;1
250582971824;250582971863;39;9;1;1;1
250582971863;250582971903;40;9;1;1;1
250582971903;250582972191;288;9;1;1;1
250582972191;250582972524;333;9;1;1;1
250582972524;250582973417;893;9;1;1;1
250582973417;250582973468;51;9;1;1;1
250582973468;250582973600;132;9;1;1;1
250582973600;250582973976;376;9;1;1;1
250582973976;250582974135;159;9;1;1;1
250582974135;250582974496;361;9;1;1;1
250582974496;250582974589;93;9;1;1;1
250582974589;250582974667;78;9;1;1;1
250582974667;250582974752;85;9;1;1;1
250582974752;250582974891;139;9;1;1;1
250582974891;250582975010;119;9;1;1;1
250582975010;250582975159;149;9;1;1;1
250582975159;250582975271;112;9;1;1;1
250582975271;250582975502;231;9;1;1;1
250582975502;250582975666;164;9;1;1;1
250582975666;250582975879;213;9;1;1;1
250582975879;250582976003;124;9;1;1;1
250582976003;250582976262;259;9;1;1;1
250582976262;250582976418;156;9;1;1;1
250582976418;250582976568;150;9;1;1;1
250582976568;250582977090;522;9;1;1;1
250582977090;250582977259;169;9;1;1;1
250582977259;250582977340;81;9;1;1;1
250582977340;250582977500;160;9;1;1;1
250582977500;250582977924;424;9;1;1;1
250582977924;250582977995;71;9;1;1;1
250582977995;250582978093;98;9;1;1;1
250582978093;250582978255;162;9;1;1;1
250582978255;250582979032;777;9;1;1;1
250582979032;250582980025;993;9;1;1;1
250582980025;250582981770;1745;9;1;1;1
250582981770;250582981805;35;9;1;1;1
250582981805;250582981909;104;9;1;1;1
250582981909;250582982617;708;9;1;1;1
250582982617;250582982887;270;9;1;1;1
250582982887;250582983061;174;9;1;1;1
250582983061;250582983238;177;9;1;1;1
250582983238;250582983649;411;9;1;1;1
250582983649;250582984076;427;9;1;1;1
250582984076;250582984238;162;9;1;1;1
250582984238;250582984401;163;9;1;1;1
250582984401;250582985021;620;9;1;1;1
250582985021;250582985425;404;9;1;1;1
250582985425;250582986016;591;9;1;1;1
250582986016;250582986061;45;9;1;1;1
250582986061;250582986719;658;9;1;1;1
250582986719;250582986825;106;9;1;1;1
250582986825;250582986828;3;9;1;1;1
250582986828;250582986982;154;9;1;1;1
250582986982;250582987004;22;9;1;1;1
250582987004;250582987070;66;9;1;1;1
250582987070;250582987238;168;9;1;1;1
250582987238;250582987344;106;9;1;1;1
250582987344;250582987975;631;9;1;1;1
250582987975;250582990134;2159;9;1;1;1
250582990134;250582990488;354;9;1;1;1
250582990488;250582990540;52;9;1;1;1
250582990540;250582990733;193;9;1;1;1
250582990733;250582991425;692;9;1;1;1
250582991425;250582992350;925;9;1;1;1
250582992350;250582993427;1077;9;1;1;1
250582993427;250582993470;43;9;1;1;1
250582993470;250582993647;177;9;1;1;1
250582993647;250582993789;142;9;1;1;1
250582993789;250582994034;245;9;1;1;1
250582994034;250582994230;196;9;1;1;1
250582994230;250582994308;78;9;1;1;1
250582994308;250582994398;90;9;1;1;1
250582994398;250582994549;151;9;1;1;1
250582994549;250582995227;678;9;1;1;1
250582995227;250582995425;198;9;1;1;1
250582995425;250582995521;96;9;1;1;1
250582995521;250582995812;291;9;1;1;1
250582995812;250582995882;70;9;1;1;1
250582995882;250582996264;382;9;1;1;1
250582996264;250582996314;50;9;1;1;1
250582996314;250582996353;39;9;1;1;1
250582996353;250582996849;496;9;1;1;1
250582996849;250582996898;49;9;1;1;1
250582996898;250582997055;157;9;1;1;1
250582997055;250582997185;130;9;1;1;1
250582997185;250582997869;684;9;1;1;1
250582997869;250582997942;73;9;1;1;1
250582997942;250582998033;91;9;1;1;1
250582998033;250582998244;211;9;1;1;1
250582998244;250582998542;298;9;1;1;1
250582998542;250582999020;478;9;1;1;1
250582999020;250582999145;125;9;1;1;1
250582999145;250582999188;43;9;1;1;1
250582999188;250582999425;237;9;1;1;1
250582999425;250582999534;109;9;1;1;1
250582999534;250582999733;199;9;1;1;1
250582999733;250582999755;22;9;1;1;1
250582999755;250583000108;353;9;1;1;1
250583000108;250583000138;30;9;1;1;1
250583000138;250583000425;287;9;1;1;1
250583000425;250583000430;5;9;1;1;1
250583000430;250583000758;328;9;1;1;1
250583000758;250583001113;355;9;1;1;1
250583001113;250583001182;69;9;1;1;1
250583001182;250583001967;785;9;1;1;1
250583001967;250583002296;329;9;1;1;1
250583002296;250583002563;267;9;1;1;1
250583002563;250583002883;320;9;1;1;1
250583002883;250583002899;16;9;1;1;1
250583002899;250583003018;119;9;1;1;1
250583003018;250583003152;134;9;1;1;1
250583003152;250583003304;152;9;1;1;1
250583003304;250583003332;28;9;1;1;1
250583003332;250583003619;287;9;1;1;1
250583003619;250583003686;67;9;1;1;1
250583003686;250583003990;304;9;1;1;1
250583003990;250583004268;278;9;1;1;1
250583004268;250583004740;472;9;1;1;1
250583004740;250583004829;89;9;1;1;1
250583004829;250583006503;1674;9;1;1;1
250583006503;250583006679;176;9;1;1;1
250583006679;250583007560;881;9;1;1;1
250583007560;250583007584;24;9;1;1;1
250583007584;250583007599;15;9;1;1;1
250583007599;250583007969;370;9;1;1;1
250583007969;250583008037;68;9;1;1;1
250583008037;250583008070;33;9;1;1;1
250583008070;250583008126;56;9;1;1;1
250583008126;250583009566;1440;9;1;1;1
250583009566;250583009863;297;9;1;1;1
250583009863;250583010179;316;9;1;1;1
250583010179;250583010219;40;9;1;1;1
250583010219;250583010383;164;9;1;1;1
250583010383;250583010872;489;9;1;1;1
250583010872;250583011517;645;9;1;1;1
250583011517;250583011599;82;9;1;1;1
250583011599;250583011812;213;9;1;1;1
250583011812;250583011891;79;9;1;1;1
250583011891;250583012130;239;9;1;1;1
250583012130;250583012230;100;9;1;1;1
250583012230;250583012390;160;9;1;1;1
250583012390;250583012674;284;9;1;1;1
250583012674;250583013012;338;9;1;1;1
250583013012;250583013076;64;9;1;1;1
250583013076;250583013170;94;9;1;1;1
250583013170;250583013371;201;9;1;1;1
250583013371;250583013810;439;9;1;1;1
250583013810;250583013971;161;9;1;1;1
250583013971;250583014011;40;9;1;1;1
250583014011;250583014173;162;9;1;1;1
250583014173;250583015180;1007;9;1;1;1
250583015180;250583015957;777;9;1;1;1
250583015957;250583016062;105;9;1;1;1
250583016062;250583016508;446;9;1;1;1
250583016508;250583016526;18;9;1;1;1
250583016526;250583017047;521;9;1;1;1
250583017047;250583017186;139;9;1;1;1
250583017186;250583017294;108;9;1;1;1
250583017294;250583017528;234;9;1;1;1
250583017528;250583019266;1738;9;1;1;1
250583019266;250583019410;144;9;1;1;1
250583019410;250583019563;153;9;1;1;1
250583019563;250583019615;52;9;1;1;1
250583019615;250583019681;66;9;1;1;1
250583019681;250583020795;1114;9;1;1;1
250583020795;250583021274;479;9;1;1;1
250583021274;250583022131;857;9;1;1;1
250583022131;250583022283;152;9;1;1;1
250583022283;250583022312;29;9;1;1;1
250583022312;250583022460;148;9;1;1;1
250583022460;250583022480;20;9;1;1;1
250583022480;250583022826;346;9;1;1;1
250583022826;250583022830;4;9;1;1;1
250583022830;250583022848;18;9;1;1;1
250583022848;250583023034;186;9;1;1;1
250583023034;250583023129;95;9;1;1;1
250583023129;250583023525;396;9;1;1;1
250583023525;250583023568;43;9;1;1;1
250583023568;250583024367;799;9;1;1;1
250583024367;250583024436;69;9;1;1;1
250583024436;250583024463;27;9;1;1;1
250583024463;250583024527;64;9;1;1;1
250583024527;250583024671;144;9;1;1;1
250583024671;250583024781;110;9;1;1;1
250583024781;250583026060;1279;9;1;1;1
250583026060;250583026291;231;9;1;1;1
250583026291;250583026430;139;9;1;1;1
250583026430;250583026457;27;9;1;1;1
250583026457;250583027018;561;9;1;1;1
250583027018;250583027226;208;9;1;1;1
250583027226;250583027499;273;9;1;1;1
250583027499;250583027609;110;9;1;1;1
250583027609;250583027700;91;9;1;1;1
250583027700;250583028326;626;9;1;1;1
250583028326;250583028460;134;9;1;1;1
250583028460;250583029574;1114;9;1;1;1
250583029574;250583029676;102;9;1;1;1
250583029676;250583031106;1430;9;1;1;1
250583031106;250583031332;226;9;1;1;1
250583031332;250583032011;679;9;1;1;1
250583032011;250583032292;281;9;1;1;1
250583032292;250583032457;165;9;1;1;1
250583032457;250583032475;18;9;1;1;1
250583032475;250583032490;15;9;1;1;1
250583032490;250583032999;509;9;1;1;1
250583032999;250583033751;752;9;1;1;1
250583033751;250583034975;1224;9;1;1;1
250583034975;250583035063;88;9;1;1;1
250583035063;250583035076;13;9;1;1;1
250583035076;250583035085;9;9;1;1;1
250583035085;250583035107;22;9;1;1;1
250583035107;250583035250;143;9;1;1;1
250583035250;250583035437;187;9;1;1;1
250583035437;250583035513;76;9;1;1;1
250583035513;250583035669;156;9;1;1;1
250583035669;250583035914;245;9;1;1;1
250583035914;250583035950;36;9;1;1;1
250583035950;250583036067;117;9;1;1;1
250583036067;250583036206;139;9;1;1;1
250583036206;250583036220;14;9;1;1;1
250583036220;250583036250;30;9;1;1;1
250583036250;250583036275;25;9;1;1;1
250583036275;250583036300;25;9;1;1;1
250583036300;250583036311;11;9;1;1;1
250583036311;250583036375;64;9;1;1;1
250583036375;250583036740;365;9;1;1;1
250583036740;250583036956;216;9;1;1;1
250583036956;250583037756;800;9;1;1;1
250583037756;250583037757;1;9;1;1;1
250583037757;250583038017;260;9;1;1;1
250583038017;250583038189;172;9;1;1;1
250583038189;250583038581;392;9;1;1;1
250583038581;250583038607;26;9;1;1;1
250583038607;250583038923;316;9;1;1;1
250583038923;250583039006;83;9;1;1;1
250583039006;250583039011;5;9;1;1;1
250583039011;250583039215;204;9;1;1;1
250583039215;250583039242;27;9;1;1;1
250583039242;250583039353;111;9;1;1;1
250583039353;250583039656;303;9;1;1;1
250583039656;250583039693;37;9;1;1;1
250583039693;250583039775;82;9;1;1;1
250583039775;250583039885;110;9;1;1;1
250583039885;250583039915;30;9;1;1;1
250583039915;250583039935;20;9;1;1;1
250583039935;250583040065;130;9;1;1;1
250583040065;250583041035;970;9;1;1;1
250583041035;250583041173;138;9;1;1;1
250583041173;250583041821;648;9;1;1;1
250583041821;250583041973;152;9;1;1;1
250583041973;250583042125;152;9;1;1;1
250583042125;250583042189;64;9;1;1;1
250583042189;250583042360;171;9;1;1;1
250583042360;250583042743;383;9;1;1;1
250583042743;250583043009;266;9;1;1;1
250583043009;250583043571;562;9;1;1;1
250583043571;250583045430;1859;9;1;1;1
250583045430;250583045765;335;9;1;1;1
250583045765;250583045997;232;9;1;1;1
250583045997;250583046308;311;9;1;1;1
250583046308;250583046672;364;9;1;1;1
250583046672;250583046919;247;9;1;1;1
250583046919;250583047643;724;9;1;1;1
250583047643;250583047754;111;9;1;1;1
250583047754;250583047985;231;9;1;1;1
250583047985;250583048024;39;9;1;1;1
250583048024;250583048071;47;9;1;1;1
250583048071;250583048110;39;9;1;1;1
250583048110;250583048146;36;9;1;1;1
250583048146;250583048190;44;9;1;1;1
250583048190;250583048473;283;9;1;1;1
250583048473;250583048615;142;9;1;1;1
250583048615;250583048904;289;9;1;1;1
250583048904;250583049536;632;9;1;1;1
250583049536;250583050167;631;9;1;1;1
250583050167;250583050423;256;9;1;1;1
250583050423;250583050702;279;9;1;1;1
250583050702;250583051140;438;9;1;1;1
250583051140;250583051228;88;9;1;1;1
250583051228;250583051372;144;9;1;1;1
250583051372;250583051721;349;9;1;1;1
250583051721;250583051867;146;9;1;1;1
250583051867;250583051941;74;9;1;1;1
250583051941;250583051952;11;9;1;1;1
250583051952;250583052242;290;9;1;1;1
250583052242;250583052318;76;9;1;1;1
250583052318;250583052604;286;9;1;1;1
250583052604;250583052791;187;9;1;1;1
250583052791;250583052866;75;9;1;1;1
250583052866;250583052871;5;9;1;1;1
250583052871;250583052918;47;9;1;1;1
250583052918;250583053010;92;9;1;1;1
250583053010;250583053018;8;9;1;1;1
250583053018;250583053128;110;9;1;1;1
250583053128;250583053276;148;9;1;1;1
250583053276;250583053514;238;9;1;1;1
250583053514;250583053768;254;9;1;1;1
250583053768;250583053916;148;9;1;1;1
250583053916;250583054006;90;9;1;1;1
250583054006;250583054339;333;9;1;1;1
250583054339;250583054873;534;9;1;1;1
250583054873;250583054997;124;9;1;1;1
250583054997;250583055435;438;9;1;1;1
250583055435;250583055892;457;9;1;1;1
250583055892;250583055985;93;9;1;1;1
250583055985;250583056008;23;9;1;1;1
250583056008;250583056074;66;9;1;1;1
250583056074;250583056236;162;9;1;1;1
250583056236;250583056334;98;9;1;1;1
250583056334;250583056389;55;9;1;1;1
250583056389;250583056534;145;9;1;1;1
250583056534;250583056558;24;9;1;1;1
250583056558;250583057163;605;9;1;1;1
250583057163;250583057340;177;9;1;1;1
250583057340;250583057565;225;9;1;1;1
250583057565;250583057728;163;9;1;1;1
250583057728;250583057761;33;9;1;1;1
250583057761;250583057854;93;9;1;1;1
250583057854;250583058433;579;9;1;1;1
250583058433;250583059119;686;9;1;1;1
250583059119;250583059218;99;9;1;1;1
250583059218;250583059324;106;9;1;1;1
250583059324;250583059358;34;9;1;1;1
250583059358;250583059451;93;9;1;1;1
250583059451;250583059604;153;9;1;1;1
250583059604;250583059931;327;9;1;1;1
250583059931;250583060123;192;9;1;1;1
250583060123;250583060127;4;9;1;1;1
250583060127;250583060219;92;9;1;1;1
250583060219;250583060597;378;9;1;1;1
250583060597;250583060959;362;9;1;1;1
250583060959;250583061326;367;9;1;1;1
250583061326;250583061608;282;9;1;1;1
250583061608;250583062005;397;9;1;1;1
250583062005;250583063051;1046;9;1;1;1
250583063051;250583063208;157;9;1;1;1
250583063208;250583063243;35;9;1;1;1
250583063243;250583063759;516;9;1;1;1
250583063759;250583063768;9;9;1;1;1
250583063768;250583064266;498;9;1;1;1
250583064266;250583065130;864;9;1;1;1
250583065130;250583065177;47;9;1;1;1
250583065177;250583065276;99;9;1;1;1
250583065276;250583065345;69;9;1;1;1
250583065345;250583065356;11;9;1;1;1
250583065356;250583065372;16;9;1;1;1
250583065372;250583065451;79;9;1;1;1
250583065451;250583065702;251;9;1;1;1
250583065702;250583065767;65;9;1;1;1
250583065767;250583066161;394;9;1;1;1
250583066161;250583066207;46;9;1;1;1
250583066207;250583066345;138;9;1;1;1
250583066345;250583066479;134;9;1;1;1
250583066479;250583066497;18;9;1;1;1
250583066497;250583067318;821;9;1;1;1
250583067318;250583067354;36;9;1;1;1
250583067354;250583068406;1052;9;1;1;1
250583068406;250583068649;243;9;1;1;1
250583068649;250583068960;311;9;1;1;1
250583068960;250583069215;255;9;1;1;1
250583069215;250583069532;317;9;1;1;1
250583069532;250583069617;85;9;1;1;1
250583069617;250583069980;363;9;1;1;1
250583069980;250583070252;272;9;1;1;1
250583070252;250583070710;458;9;1;1;1
250583070710;250583070809;99;9;1;1;1
250583070809;250583072273;1464;9;1;1;1
250583072273;250583072503;230;9;1;1;1
250583072503;250583072724;221;9;1;1;1
250583072724;250583072773;49;9;1;1;1
250583072773;250583073831;1058;9;1;1;1
250583073831;250583073857;26;9;1;1;1
250583073857;250583075010;1153;9;1;1;1
250583075010;250583075536;526;9;1;1;1
250583075536;250583075598;62;9;1;1;1
250583075598;250583075892;294;9;1;1;1
250583075892;250583076599;707;9;1;1;1
250583076599;250583076879;280;9;1;1;1
250583076879;250583077413;534;9;1;1;1
250583077413;250583077575;162;9;1;1;1
250583077575;250583077616;41;9;1;1;1
250583077616;250583077820;204;9;1;1;1
250583077820;250583077825;5;9;1;1;1
250583077825;250583078831;1006;9;1;1;1
250583078831;250583079051;220;9;1;1;1
250583079051;250583079422;371;9;1;1;1
250583079422;250583079870;448;9;1;1;1
250583079870;250583079871;1;9;1;1;1
250583079871;250583080051;180;9;1;1;1
250583080051;250583080176;125;9;1;1;1
250583080176;250583080342;166;9;1;1;1
250583080342;250583080631;289;9;1;1;1
250583080631;250583080724;93;9;1;1;1
250583080724;250583080826;102;9;1;1;1
250583080826;250583080898;72;9;1;1;1
250583080898;250583081292;394;9;1;1;1
250583081292;250583081317;25;9;1;1;1
250583081317;250583082494;1177;9;1;1;1
250583082494;250583082672;178;9;1;1;1
250583082672;250583082986;314;9;1;1;1
250583082986;250583083151;165;9;1;1;1
250583083151;250583083457;306;9;1;1;1
250583083457;250583084410;953;9;1;1;1
250583084410;250583084796;386;9;1;1;1
250583084796;250583085401;605;9;1;1;1
250583085401;250583085688;287;9;1;1;1
250583085688;250583085710;22;9;1;1;1
250583085710;250583085997;287;9;1;1;1
250583085997;250583086051;54;9;1;1;1
250583086051;250583086389;338;9;1;1;1
250583086389;250583086444;55;9;1;1;1
250583086444;250583086665;221;9;1;1;1
250583086665;250583086750;85;9;1;1;1
250583086750;250583086977;227;9;1;1;1
250583086977;250583087486;509;9;1;1;1
250583087486;250583087766;280;9;1;1;1
250583087766;250583087977;211;9;1;1;1
250583087977;250583088341;364;9;1;1;1
250583088341;250583088477;136;9;1;1;1
250583088477;250583088483;6;9;1;1;1
250583088483;250583088517;34;9;1;1;1
250583088517;250583088525;8;9;1;1;1
250583088525;250583088570;45;9;1;1;1
250583088570;250583088677;107;9;1;1;1
250583088677;250583088691;14;9;1;1;1
250583088691;250583088932;241;9;1;1;1
250583088932;250583089461;529;9;1;1;1
250583089461;250583089599;138;9;1;1;1
250583089599;250583089679;80;9;1;1;1
250583089679;250583089791;112;9;1;1;1
250583089791;250583089855;64;9;1;1;1
250583089855;250583090040;185;9;1;1;1
250583090040;250583090160;120;9;1;1;1
250583090160;250583090202;42;9;1;1;1
250583090202;250583090291;89;9;1;1;1
250583090291;250583090382;91;9;1;1;1
250583090382;250583090919;537;9;1;1;1
250583090919;250583091032;113;9;1;1;1
250583091032;250583091396;364;9;1;1;1
250583091396;250583091415;19;9;1;1;1
250583091415;250583091439;24;9;1;1;1
250583091439;250583091631;192;9;1;1;1
250583091631;250583091711;80;9;1;1;1
250583091711;250583091838;127;9;1;1;1
250583091838;250583092105;267;9;1;1;1
250583092105;250583092395;290;9;1;1;1
250583092395;250583092595;200;9;1;1;1
250583092595;250583092616;21;9;1;1;1
250583092616;250583092690;74;9;1;1;1
250583092690;250583092785;95;9;1;1;1
250583092785;250583092898;113;9;1;1;1
250583092898;250583092971;73;9;1;1;1
250583092971;250583093219;248;9;1;1;1
250583093219;250583094082;863;9;1;1;1
250583094082;250583094541;459;9;1;1;1
250583094541;250583095770;1229;9;1;1;1
250583095770;250583096197;427;9;1;1;1
250583096197;250583096285;88;9;1;1;1
250583096285;250583096346;61;9;1;1;1
250583096346;250583096805;459;9;1;1;1
250583096805;250583097305;500;9;1;1;1
250583097305;250583097483;178;9;1;1;1
250583097483;250583098003;520;9;1;1;1
250583098003;250583098185;182;9;1;1;1
250583098185;250583098189;4;9;1;1;1
250583098189;250583098265;76;9;1;1;1
250583098265;250583098329;64;9;1;1;1
250583098329;250583098399;70;9;1;1;1
250583098399;250583098461;62;9;1;1;1
250583098461;250583098614;153;9;1;1;1
250583098614;250583098641;27;9;1;1;1
250583098641;250583098736;95;9;1;1;1
250583098736;250583098966;230;9;1;1;1
250583098966;250583099027;61;9;1;1;1
250583099027;250583099071;44;9;1;1;1
250583099071;250583099220;149;9;1;1;1
250583099220;250583099646;426;9;1;1;1
250583099646;250583099713;67;9;1;1;1
250583099713;250583100001;288;9;1;1;1
250583100001;250583100082;81;9;1;1;1
250583100082;250583100792;710;9;1;1;1
250583100792;250583100837;45;9;1;1;1
250583100837;250583100891;54;9;1;1;1
250583100891;250583100936;45;9;1;1;1
250583100936;250583101010;74;9;1;1;1
250583101010;250583101154;144;9;1;1;1
250583101154;250583101215;61;9;1;1;1
250583101215;250583101365;150;9;1;1;1
250583101365;250583101430;65;9;1;1;1
250583101430;250583101744;314;9;1;1;1
250583101744;250583101951;207;9;1;1;1
250583101951;250583102299;348;9;1;1;1
250583102299;250583102384;85;9;1;1;1
250583102384;250583102702;318;9;1;1;1
250583102702;250583102747;45;9;1;1;1
250583102747;250583103076;329;9;1;1;1
250583103076;250583103123;47;9;1;1;1
250583103123;250583103217;94;9;1;1;1
250583103217;250583103376;159;9;1;1;1
250583103376;250583103413;37;9;1;1;1
250583103413;250583103491;78;9;1;1;1
250583103491;250583103569;78;9;1;1;1
250583103569;250583103698;129;9;1;1;1
250583103698;250583104127;429;9;1;1;1
250583104127;250583104376;249;9;1;1;1
250583104376;250583104381;5;9;1;1;1
250583104381;250583104504;123;9;1;1;1
250583104504;250583104695;191;9;1;1;1
250583104695;250583104776;81;9;1;1;1
250583104776;250583104963;187;9;1;1;1
250583104963;250583105325;362;9;1;1;1
250583105325;250583105405;80;9;1;1;1
250583105405;250583105459;54;9;1;1;1
250583105459;250583105760;301;9;1;1;1
250583105760;250583105848;88;9;1;1;1
250583105848;250583106120;272;9;1;1;1
250583106120;250583106361;241;9;1;1;1
250583106361;250583106535;174;9;1;1;1
250583106535;250583106795;260;9;1;1;1
250583106795;250583107070;275;9;1;1;1
250583107070;250583107148;78;9;1;1;1
250583107148;250583107222;74;9;1;1;1
250583107222;250583107386;164;9;1;1;1
250583107386;250583107387;1;9;1;1;1
250583107387;250583107421;34;9;1;1;1
250583107421;250583107482;61;9;1;1;1
250583107482;250583107491;9;9;1;1;1
250583107491;250583107584;93;9;1;1;1
250583107584;250583108433;849;9;1;1;1
250583108433;250583108505;72;9;1;1;1
250583108505;250583108644;139;9;1;1;1
250583108644;250583108708;64;9;1;1;1
250583108708;250583108786;78;9;1;1;1
250583108786;250583108901;115;9;1;1;1
250583108901;250583109459;558;9;1;1;1
250583109459;250583109665;206;9;1;1;1
250583109665;250583109761;96;9;1;1;1
250583109761;250583109861;100;9;1;1;1
250583109861;250583109906;45;9;1;1;1
250583109906;250583110573;667;9;1;1;1
250583110573;250583110623;50;9;1;1;1
250583110623;250583110639;16;9;1;1;1
250583110639;250583110862;223;9;1;1;1
250583110862;250583110951;89;9;1;1;1
250583110951;250583111172;221;9;1;1;1
250583111172;250583111187;15;9;1;1;1
250583111187;250583111526;339;9;1;1;1
250583111526;250583111940;414;9;1;1;1
250583111940;250583112002;62;9;1;1;1
250583112002;250583112297;295;9;1;1;1
250583112297;250583112925;628;9;1;1;1
250583112925;250583113128;203;9;1;1;1
250583113128;250583113177;49;9;1;1;1
250583113177;250583113482;305;9;1;1;1
250583113482;250583113766;284;9;1;1;1
250583113766;250583113823;57;9;1;1;1
250583113823;250583114089;266;9;1;1;1
250583114089;250583114164;75;9;1;1;1
250583114164;250583114395;231;9;1;1;1
250583114395;250583114405;10;9;1;1;1
250583114405;250583114867;462;9;1;1;1
250583114867;250583115130;263;9;1;1;1
250583115130;250583115433;303;9;1;1;1
250583115433;250583115445;12;9;1;1;1
250583115445;250583115471;26;9;1;1;1
250583115471;250583115548;77;9;1;1;1
250583115548;250583115716;168;9;1;1;1
250583115716;250583116139;423;9;1;1;1
250583116139;250583116508;369;9;1;1;1
250583116508;250583116731;223;9;1;1;1
250583116731;250583117042;311;9;1;1;1
250583117042;250583119603;2561;9;1;1;1
250583119603;250583119821;218;9;1;1;1
250583119821;250583121444;1623;9;1;1;1
250583121444;250583122473;1029;9;1;1;1
250583122473;250583123346;873;9;1;1;1
250583123346;250583123431;85;9;1;1;1
250583123431;250583123435;4;9;1;1;1
250583123435;250583123543;108;9;1;1;1
250583123543;250583123560;17;9;1;1;1
250583123560;250583123598;38;9;1;1;1
250583123598;250583123721;123;9;1;1;1
250583123721;250583123967;246;9;1;1;1
250583123967;250583124009;42;9;1;1;1
250583124009;250583124067;58;9;1;1;1
250583124067;250583124109;42;9;1;1;1
250583124109;250583124868;759;9;1;1;1
250583124868;250583125003;135;9;1;1;1
250583125003;250583125132;129;9;1;1;1
250583125132;250583125289;157;9;1;1;1
250583125289;250583125365;76;9;1;1;1
250583125365;250583125506;141;9;1;1;1
250583125506;250583126025;519;9;1;1;1
250583126025;250583126374;349;9;1;1;1
250583126374;250583126460;86;9;1;1;1
250583126460;250583126466;6;9;1;1;1
250583126466;250583127462;996;9;1;1;1
250583127462;250583127551;89;9;1;1;1
250583127551;250583127805;254;9;1;1;1
250583127805;250583128388;583;9;1;1;1
250583128388;250583128455;67;9;1;1;1
250583128455;250583128485;30;9;1;1;1
250583128485;250583129445;960;9;1;1;1
250583129445;250583130199;754;9;1;1;1
250583130199;250583130417;218;9;1;1;1
250583130417;250583130495;78;9;1;1;1
250583130495;250583130800;305;9;1;1;1
250583130800;250583130921;121;9;1;1;1
250583130921;250583131784;863;9;1;1;1
250583131784;250583131847;63;9;1;1;1
250583131847;250583132020;173;9;1;1;1
250583132020;250583132431;411;9;1;1;1
250583132431;250583132530;99;9;1;1;1
250583132530;250583132717;187;9;1;1;1
250583132717;250583132776;59;9;1;1;1
250583132776;250583132789;13;9;1;1;1
250583132789;250583133111;322;9;1;1;1
250583133111;250583133160;49;9;1;1;1
250583133160;250583133722;562;9;1;1;1
250583133722;250583134179;457;9;1;1;1
250583134179;250583134222;43;9;1;1;1
250583134222;250583134238;16;9;1;1;1
250583134238;250583134361;123;9;1;1;1
250583134361;250583134426;65;9;1;1;1
250583134426;250583134464;38;9;1;1;1
250583134464;250583134787;323;9;1;1;1
250583134787;250583135026;239;9;1;1;1
250583135026;250583135199;173;9;1;1;1
250583135199;250583135380;181;9;1;1;1
250583135380;250583135560;180;9;1;1;1
250583135560;250583135893;333;9;1;1;1
250583135893;250583136159;266;9;1;1;1
250583136159;250583136792;633;9;1;1;1
250583136792;250583137025;233;9;1;1;1
250583137025;250583137056;31;9;1;1;1
250583137056;250583137217;161;9;1;1;1
250583137217;250583137395;178;9;1;1;1
250583137395;250583137578;183;9;1;1;1
250583137578;250583137680;102;9;1;1;1
250583137680;250583137692;12;9;1;1;1
250583137692;250583137754;62;9;1;1;1
250583137754;250583137781;27;9;1;1;1
250583137781;250583138031;250;9;1;1;1
250583138031;250583138210;179;9;1;1;1
250583138210;250583138563;353;9;1;1;1
250583138563;250583138935;372;9;1;1;1
250583138935;250583139021;86;9;1;1;1
250583139021;250583139093;72;9;1;1;1
250583139093;250583139322;229;9;1;1;1
250583139322;250583139332;10;9;1;1;1
250583139332;250583139422;90;9;1;1;1
250583139422;250583139557;135;9;1;1;1
250583139557;250583140017;460;9;1;1;1
250583140017;250583140709;692;9;1;1;1
250583140709;250583140719;10;9;1;1;1
250583140719;250583140728;9;9;1;1;1
250583140728;250583140948;220;9;1;1;1
250583140948;250583140972;24;9;1;1;1
250583140972;250583141338;366;9;1;1;1
250583141338;250583142186;848;9;1;1;1
250583142186;250583142259;73;9;1;1;1
250583142259;250583142270;11;9;1;1;1
250583142270;250583142286;16;9;1;1;1
250583142286;250583142313;27;9;1;1;1
250583142313;250583142580;267;9;1;1;1
250583142580;250583142686;106;9;1;1;1
250583142686;250583142853;167;9;1;1;1
250583142853;250583142971;118;9;1;1;1
250583142971;250583143003;32;9;1;1;1
250583143003;250583143099;96;9;1;1;1
250583143099;250583143271;172;9;1;1;1
250583143271;250583143345;74;9;1;1;1
250583143345;250583143348;3;9;1;1;1
250583143348;250583143439;91;9;1;1;1
250583143439;250583143628;189;9;1;1;1
250583143628;250583144041;413;9;1;1;1
250583144041;250583144256;215;9;1;1;1
250583144256;250583144286;30;9;1;1;1
250583144286;250583144338;52;9;1;1;1
250583144338;250583144430;92;9;1;1;1
250583144430;250583144544;114;9;1;1;1
250583144544;250583144655;111;9;1;1;1
250583144655;250583144857;202;9;1;1;1
250583144857;250583145011;154;9;1;1;1
250583145011;250583145275;264;9;1;1;1
250583145275;250583145376;101;9;1;1;1
250583145376;250583145469;93;9;1;1;1
250583145469;250583145487;18;9;1;1;1
250583145487;250583145862;375;9;1;1;1
250583145862;250583146728;866;9;1;1;1
250583146728;250583146810;82;9;1;1;1
250583146810;250583146986;176;9;1;1;1
250583146986;250583147037;51;9;1;1;1
250583147037;250583147505;468;9;1;1;1
250583147505;250583148090;585;9;1;1;1
250583148090;250583148189;99;9;1;1;1
250583148189;250583148247;58;9;1;1;1
250583148247;250583148722;475;9;1;1;1
250583148722;250583148809;87;9;1;1;1
250583148809;250583149009;200;9;1;1;1
250583149009;250583149824;815;9;1;1;1
250583149824;250583150037;213;9;1;1;1
250583150037;250583150250;213;9;1;1;1
250583150250;250583150356;106;9;1;1;1
250583150356;250583150597;241;9;1;1;1
250583150597;250583151248;651;9;1;1;1
250583151248;250583151330;82;9;1;1;1
250583151330;250583151781;451;9;1;1;1
250583151781;250583152907;1126;9;1;1;1
250583152907;250583153953;1046;9;1;1;1
250583153953;250583154873;920;9;1;1;1
250583154873;250583154993;120;9;1;1;1
250583154993;250583155639;646;9;1;1;1
250583155639;250583155674;35;9;1;1;1
250583155674;250583155682;8;9;1;1;1
250583155682;250583155701;19;9;1;1;1
250583155701;250583155779;78;9;1;1;1
250583155779;250583156123;344;9;1;1;1
250583156123;250583156144;21;9;1;1;1
250583156144;250583156214;70;9;1;1;1
250583156214;250583156421;207;9;1;1;1
250583156421;250583156493;72;9;1;1;1
250583156493;250583156800;307;9;1;1;1
250583156800;250583156902;102;9;1;1;1
250583156902;250583156952;50;9;1;1;1
250583156952;250583157064;112;9;1;1;1
250583157064;250583157303;239;9;1;1;1
250583157303;250583157677;374;9;1;1;1
250583157677;250583157921;244;9;1;1;1
250583157921;250583158151;230;9;1;1;1
250583158151;250583158400;249;9;1;1;1
250583158400;250583158723;323;9;1;1;1
250583158723;250583158781;58;9;1;1;1
250583158781;250583158962;181;9;1;1;1
250583158962;250583159029;67;9;1;1;1
250583159029;250583159124;95;9;1;1;1
250583159124;250583159668;544;9;1;1;1
250583159668;250583159695;27;9;1;1;1
250583159695;250583160511;816;9;1;1;1
250583160511;250583160643;132;9;1;1;1
250583160643;250583160810;167;9;1;1;1
250583160810;250583161201;391;9;1;1;1
250583161201;250583161565;364;9;1;1;1
250583161565;250583161617;52;9;1;1;1
250583161617;250583162047;430;9;1;1;1
250583162047;250583163650;1603;9;1;1;1
250583163650;250583163861;211;9;1;1;1
250583163861;250583163912;51;9;1;1;1
250583163912;250583164899;987;9;1;1;1
250583164899;250583165024;125;9;1;1;1
250583165024;250583165446;422;9;1;1;1
250583165446;250583165537;91;9;1;1;1
250583165537;250583165990;453;9;1;1;1
250583165990;250583166067;77;9;1;1;1
250583166067;250583166319;252;9;1;1;1
250583166319;250583166560;241;9;1;1;1
250583166560;250583166632;72;9;1;1;1
250583166632;250583166754;122;9;1;1;1
250583166754;250583167407;653;9;1;1;1
250583167407;250583167420;13;9;1;1;1
250583167420;250583167548;128;9;1;1;1
250583167548;250583167584;36;9;1;1;1
250583167584;250583167680;96;9;1;1;1
250583167680;250583167701;21;9;1;1;1
250583167701;250583167825;124;9;1;1;1
250583167825;250583168203;378;9;1;1;1
250583168203;250583168581;378;9;1;1;1
250583168581;250583168741;160;9;1;1;1
250583168741;250583169205;464;9;1;1;1
250583169205;250583169217;12;9;1;1;1
250583169217;250583169276;59;9;1;1;1
250583169276;250583169549;273;9;1;1;1
250583169549;250583170059;510;9;1;1;1
250583170059;250583170151;92;9;1;1;1
250583170151;250583170381;230;9;1;1;1
250583170381;250583170548;167;9;1;1;1
250583170548;250583171440;892;9;1;1;1
250583171440;250583171619;179;9;1;1;1
250583171619;250583172133;514;9;1;1;1
250583172133;250583172221;88;9;1;1;1
250583172221;250583173447;1226;9;1;1;1
250583173447;250583173983;536;9;1;1;1
250583173983;250583174039;56;9;1;1;1
250583174039;250583174042;3;9;1;1;1
250583174042;250583174190;148;9;1;1;1
250583174190;250583174523;333;9;1;1;1
250583174523;250583174665;142;9;1;1;1
250583174665;250583175111;446;9;1;1;1
250583175111;250583175531;420;9;1;1;1
250583175531;250583175532;1;9;1;1;1
250583175532;250583176226;694;9;1;1;1
250583176226;250583176327;101;9;1;1;1
250583176327;250583176819;492;9;1;1;1
250583176819;250583176894;75;9;1;1;1
250583176894;250583177030;136;9;1;1;1
250583177030;250583177121;91;9;1;1;1
250583177121;250583177640;519;9;1;1;1
250583177640;250583177731;91;9;1;1;1
250583177731;250583177852;121;9;1;1;1
250583177852;250583178292;440;9;1;1;1
250583178292;250583178878;586;9;1;1;1
250583178878;250583179688;810;9;1;1;1
250583179688;250583179790;102;9;1;1;1
250583179790;250583179834;44;9;1;1;1
250583179834;250583180123;289;9;1;1;1
250583180123;250583180368;245;9;1;1;1
250583180368;250583180725;357;9;1;1;1
250583180725;250583181747;1022;9;1;1;1
250583181747;250583182098;351;9;1;1;1
250583182098;250583182499;401;9;1;1;1
250583182499;250583182720;221;9;1;1;1
250583182720;250583182787;67;9;1;1;1
250583182787;250583182912;125;9;1;1;1
250583182912;250583182970;58;9;1;1;1
250583182970;250583183008;38;9;1;1;1
250583183008;250583183021;13;9;1;1;1
250583183021;250583183086;65;9;1;1;1
250583183086;250583183090;4;9;1;1;1
250583183090;250583183306;216;9;1;1;1
250583183306;250583183345;39;9;1;1;1
250583183345;250583183587;242;9;1;1;1
250583183587;250583183619;32;9;1;1;1
250583183619;250583183798;179;9;1;1;1
250583183798;250583183852;54;9;1;1;1
250583183852;250583184000;148;9;1;1;1
250583184000;250583184115;115;9;1;1;1
250583184115;250583184296;181;9;1;1;1
250583184296;250583184368;72;9;1;1;1
250583184368;250583185128;760;9;1;1;1
250583185128;250583185418;290;9;1;1;1
250583185418;250583185710;292;9;1;1;1
250583185710;250583185794;84;9;1;1;1
250583185794;250583185997;203;9;1;1;1
250583185997;250583186077;80;9;1;1;1
250583186077;250583186299;222;9;1;1;1
250583186299;250583186409;110;9;1;1;1
250583186409;250583186508;99;9;1;1;1
250583186508;250583186530;22;9;1;1;1
250583186530;250583186646;116;9;1;1;1
250583186646;250583187011;365;9;1;1;1
250583187011;250583187336;325;9;1;1;1
250583187336;250583187636;300;9;1;1;1
250583187636;250583189411;1775;9;1;1;1
250583189411;250583190002;591;9;1;1;1
250583190002;250583190104;102;9;1;1;1
250583190104;250583190633;529;9;1;1;1
250583190633;250583190711;78;9;1;1;1
250583190711;250583190752;41;9;1;1;1
250583190752;250583190930;178;9;1;1;1
250583190930;250583191036;106;9;1;1;1
250583191036;250583191640;604;9;1;1;1
250583191640;250583191710;70;9;1;1;1
250583191710;250583191848;138;9;1;1;1
250583191848;250583192067;219;9;1;1;1
250583192067;250583192426;359;9;1;1;1
250583192426;250583192474;48;9;1;1;1
250583192474;250583192585;111;9;1;1;1
250583192585;250583192630;45;9;1;1;1
250583192630;250583192688;58;9;1;1;1
250583192688;250583192701;13;9;1;1;1
250583192701;250583193314;613;9;1;1;1
250583193314;250583194176;862;9;1;1;1
250583194176;250583195288;1112;9;1;1;1
250583195288;250583195450;162;9;1;1;1
250583195450;250583195526;76;9;1;1;1
250583195526;250583195635;109;9;1;1;1
250583195635;250583195689;54;9;1;1;1
250583195689;250583195821;132;9;1;1;1
250583195821;250583195875;54;9;1;1;1
250583195875;250583195884;9;9;1;1;1
250583195884;250583196490;606;9;1;1;1
250583196490;250583196814;324;9;1;1;1
250583196814;250583197044;230;9;1;1;1
250583197044;250583197238;194;9;1;1;1
250583197238;250583197293;55;9;1;1;1
250583197293;250583197296;3;9;1;1;1
250583197296;250583197428;132;9;1;1;1
250583197428;250583197656;228;9;1;1;1
250583197656;250583197768;112;9;1;1;1
250583197768;250583198029;261;9;1;1;1
250583198029;250583198144;115;9;1;1;1
250583198144;250583198167;23;9;1;1;1
250583198167;250583198259;92;9;1;1;1
250583198259;250583198440;181;9;1;1;1
250583198440;250583198524;84;9;1;1;1
250583198524;250583199022;498;9;1;1;1
250583199022;250583199101;79;9;1;1;1
250583199101;250583199212;111;9;1;1;1
250583199212;250583199259;47;9;1;1;1
250583199259;250583199268;9;9;1;1;1
250583199268;250583199316;48;9;1;1;1
250583199316;250583199568;252;9;1;1;1
250583199568;250583199576;8;9;1;1;1
250583199576;250583199848;272;9;1;1;1
250583199848;250583200544;696;9;1;1;1
250583200544;250583200738;194;9;1;1;1
250583200738;250583201040;302;9;1;1;1
250583201040;250583201480;440;9;1;1;1
250583201480;250583201929;449;9;1;1;1
250583201929;250583202354;425;9;1;1;1
250583202354;250583202768;414;9;1;1;1
250583202768;250583203789;1021;9;1;1;1
250583203789;250583204179;390;9;1;1;1
250583204179;250583204303;124;9;1;1;1
250583204303;250583204442;139;9;1;1;1
250583204442;250583205610;1168;9;1;1;1
250583205610;250583205885;275;9;1;1;1
250583205885;250583206466;581;9;1;1;1
250583206466;250583206967;501;9;1;1;1
250583206967;250583207006;39;9;1;1;1
250583207006;250583207124;118;9;1;1;1
250583207124;250583208142;1018;9;1;1;1
250583208142;250583208740;598;9;1;1;1
250583208740;250583208746;6;9;1;1;1
250583208746;250583209243;497;9;1;1;1
250583209243;250583209249;6;9;1;1;1
250583209249;250583209434;185;9;1;1;1
250583209434;250583210023;589;9;1;1;1
250583210023;250583210036;13;9;1;1;1
250583210036;250583210063;27;9;1;1;1
250583210063;250583210873;810;9;1;1;1
250583210873;250583211048;175;9;1;1;1
250583211048;250583211059;11;9;1;1;1
250583211059;250583211251;192;9;1;1;1
250583211251;250583211285;34;9;1;1;1
250583211285;250583211351;66;9;1;1;1
250583211351;250583211824;473;9;1;1;1
250583211824;250583212254;430;9;1;1;1
250583212254;250583212298;44;9;1;1;1
250583212298;250583212475;177;9;1;1;1
250583212475;250583212895;420;9;1;1;1
250583212895;250583212930;35;9;1;1;1
250583212930;250583213068;138;9;1;1;1
250583213068;250583213100;32;9;1;1;1
250583213100;250583213113;13;9;1;1;1
250583213113;250583213254;141;9;1;1;1
250583213254;250583213449;195;9;1;1;1
250583213449;250583213462;13;9;1;1;1
250583213462;250583213524;62;9;1;1;1
250583213524;250583213676;152;9;1;1;1
250583213676;250583214387;711;9;1;1;1
250583214387;250583214699;312;9;1;1;1
250583214699;250583215185;486;9;1;1;1
250583215185;250583215386;201;9;1;1;1
250583215386;250583215433;47;9;1;1;1
250583215433;250583215759;326;9;1;1;1
250583215759;250583215995;236;9;1;1;1
250583215995;250583216148;153;9;1;1;1
250583216148;250583216306;158;9;1;1;1
250583216306;250583216387;81;9;1;1;1
250583216387;250583216862;475;9;1;1;1
250583216862;250583216908;46;9;1;1;1
250583216908;250583216952;44;9;1;1;1
250583216952;250583216990;38;9;1;1;1
250583216990;250583217757;767;9;1;1;1
250583217757;250583218199;442;9;1;1;1
250583218199;250583218259;60;9;1;1;1
250583218259;250583218759;500;9;1;1;1
250583218759;250583219205;446;9;1;1;1
250583219205;250583219710;505;9;1;1;1
250583219710;250583221069;1359;9;1;1;1
250583221069;250583221463;394;9;1;1;1
250583221463;250583221858;395;9;1;1;1
250583221858;250583222379;521;9;1;1;1
250583222379;250583222607;228;9;1;1;1
250583222607;250583222615;8;9;1;1;1
250583222615;250583222686;71;9;1;1;1
250583222686;250583222871;185;9;1;1;1
250583222871;250583223132;261;9;1;1;1
250583223132;250583223291;159;9;1;1;1
250583223291;250583223535;244;9;1;1;1
250583223535;250583223684;149;9;1;1;1
250583223684;250583223784;100;9;1;1;1
250583223784;250583224401;617;9;1;1;1
250583224401;250583224432;31;9;1;1;1
250583224432;250583224436;4;9;1;1;1
250583224436;250583224523;87;9;1;1;1
250583224523;250583224543;20;9;1;1;1
250583224543;250583224815;272;9;1;1;1
250583224815;250583224821;6;9;1;1;1
250583224821;250583225020;199;9;1;1;1
250583225020;250583225624;604;9;1;1;1
250583225624;250583225790;166;9;1;1;1
250583225790;250583225974;184;9;1;1;1
250583225974;250583226045;71;9;1;1;1
250583226045;250583226185;140;9;1;1;1
250583226185;250583226208;23;9;1;1;1
250583226208;250583226494;286;9;1;1;1
250583226494;250583227216;722;9;1;1;1
250583227216;250583227321;105;9;1;1;1
250583227321;250583227399;78;9;1;1;1
250583227399;250583227635;236;9;1;1;1
250583227635;250583227840;205;9;1;1;1
250583227840;250583228291;451;9;1;1;1
250583228291;250583228547;256;9;1;1;1
250583228547;250583229118;571;9;1;1;1
250583229118;250583229427;309;9;1;1;1
250583229427;250583229542;115;9;1;1;1
250583229542;250583229834;292;9;1;1;1
250583229834;250583230592;758;9;1;1;1
250583230592;250583230858;266;9;1;1;1
250583230858;250583230932;74;9;1;1;1
250583230932;250583231146;214;9;1;1;1
250583231146;250583232801;1655;9;1;1;1
250583232801;250583233714;913;9;1;1;1
250583233714;250583234910;1196;9;1;1;1
250583234910;250583235274;364;9;1;1;1
250583235274;250583235464;190;9;1;1;1
250583235464;250583235685;221;9;1;1;1
250583235685;250583235743;58;9;1;1;1
250583235743;250583236007;264;9;1;1;1
250583236007;250583236092;85;9;1;1;1
250583236092;250583236114;22;9;1;1;1
250583236114;250583236767;653;9;1;1;1
250583236767;250583237961;1194;9;1;1;1
250583237961;250583239436;1475;9;1;1;1
250583239436;250583239500;64;9;1;1;1
250583239500;250583242244;2744;9;1;1;1
250583242244;250583244414;2170;9;1;1;1
250583244414;250583244624;210;9;1;1;1
250583244624;250583245257;633;9;1;1;1
250583245257;250583245374;117;9;1;1;1
250583245374;250583245565;191;9;1;1;1
250583245565;250583245721;156;9;1;1;1
250583245721;250583249105;3384;9;1;1;1
250583249105;250583250142;1037;9;1;1;1
250583250142;250583252363;2221;9;1;1;1
250583252363;250583254034;1671;9;1;1;1
250583254034;250583254112;78;9;1;1;1
250583254112;250583255488;1376;9;1;1;1
250583255488;250583255883;395;9;1;1;1
250583255883;250583256129;246;9;1;1;1
250583256129;250583256605;476;9;1;1;1
250583256605;250583256634;29;9;1;1;1
250583256634;250583256663;29;9;1;1;1
250583256663;250583256830;167;9;1;1;1
250583256830;250583257490;660;9;1;1;1
250583257490;250583258492;1002;9;1;1;1
250583258492;250583258529;37;9;1;1;1
250583258529;250583258717;188;9;1;1;1
250583258717;250583259552;835;9;1;1;1
250583259552;250583260123;571;9;1;1;1
250583260123;250583260162;39;9;1;1;1
250583260162;250583261025;863;9;1;1;1
250583261025;250583261361;336;9;1;1;1
250583261361;250583261415;54;9;1;1;1
250583261415;250583261533;118;9;1;1;1
250583261533;250583261917;384;9;1;1;1
250583261917;250583262800;883;9;1;1;1
250583262800;250583264324;1524;9;1;1;1
250583264324;250583264573;249;9;1;1;1
250583264573;250583264719;146;9;1;1;1
250583264719;250583264780;61;9;1;1;1
250583264780;250583265461;681;9;1;1;1
250583265461;250583265748;287;9;1;1;1
250583265748;250583265829;81;9;1;1;1
250583265829;250583266471;642;9;1;1;1
250583266471;250583266844;373;9;1;1;1
250583266844;250583267384;540;9;1;1;1
250583267384;250583267519;135;9;1;1;1
250583267519;250583267774;255;9;1;1;1
250583267774;250583268935;1161;9;1;1;1
250583268935;250583269148;213;9;1;1;1
250583269148;250583269299;151;9;1;1;1
250583269299;250583269404;105;9;1;1;1
250583269404;250583269498;94;9;1;1;1
250583269498;250583270073;575;9;1;1;1
250583270073;250583270646;573;9;1;1;1
250583270646;250583271816;1170;9;1;1;1
250583271816;250583272882;1066;9;1;1;1
250583272882;250583272954;72;9;1;1;1
250583272954;250583273505;551;9;1;1;1
250583273505;250583273535;30;9;1;1;1
250583273535;250583274172;637;9;1;1;1
250583274172;250583274726;554;9;1;1;1
250583274726;250583274794;68;9;1;1;1
250583274794;250583274975;181;9;1;1;1
250583274975;250583276444;1469;9;1;1;1
250583276444;250583276683;239;9;1;1;1
250583276683;250583276770;87;9;1;1;1
250583276770;250583276826;56;9;1;1;1
250583276826;250583277188;362;9;1;1;1
250583277188;250583277376;188;9;1;1;1
250583277376;250583277534;158;9;1;1;1
250583277534;250583277646;112;9;1;1;1
250583277646;250583278112;466;9;1;1;1
250583278112;250583278792;680;9;1;1;1
250583278792;250583279532;740;9;1;1;1
250583279532;250583280561;1029;9;1;1;1
250583280561;250583280572;11;9;1;1;1
250583280572;250583280689;117;9;1;1;1
250583280689;250583281589;900;9;1;1;1
250583281589;250583281600;11;9;1;1;1
250583281600;250583281854;254;9;1;1;1
250583281854;250583283235;1381;9;1;1;1
250583283235;250583283283;48;9;1;1;1
250583283283;250583283526;243;9;1;1;1
250583283526;250583283537;11;9;1;1;1
250583283537;250583283613;76;9;1;1;1
250583283613;250583285357;1744;9;1;1;1
250583285357;250583286303;946;9;1;1;1
250583286303;250583286304;1;9;1;1;1
250583286304;250583286629;325;9;1;1;1
250583286629;250583286709;80;9;1;1;1
250583286709;250583286933;224;9;1;1;1
250583286933;250583287313;380;9;1;1;1
250583287313;250583288139;826;9;1;1;1
250583288139;250583288478;339;9;1;1;1
250583288478;250583288508;30;9;1;1;1
250583288508;250583288587;79;9;1;1;1
250583288587;250583288694;107;9;1;1;1
250583288694;250583289212;518;9;1;1;1
250583289212;250583289266;54;9;1;1;1
250583289266;250583290276;1010;9;1;1;1
250583290276;250583290930;654;9;1;1;1
250583290930;250583291292;362;9;1;1;1
250583291292;250583291569;277;9;1;1;1
250583291569;250583291646;77;9;1;1;1
250583291646;250583291763;117;9;1;1;1
250583291763;250583292129;366;9;1;1;1
250583292129;250583292600;471;9;1;1;1
250583292600;250583293273;673;9;1;1;1
250583293273;250583294223;950;9;1;1;1
250583294223;250583296848;2625;9;1;1;1
250583296848;250583296867;19;9;1;1;1
250583296867;250583297626;759;9;1;1;1
250583297626;250583297679;53;9;1;1;1
250583297679;250583297709;30;9;1;1;1
250583297709;250583297945;236;9;1;1;1
250583297945;250583299356;1411;9;1;1;1
250583299356;250583299519;163;9;1;1;1
250583299519;250583299526;7;9;1;1;1
250583299526;250583299548;22;9;1;1;1
250583299548;250583299557;9;9;1;1;1
250583299557;250583299601;44;9;1;1;1
250583299601;250583299672;71;9;1;1;1
250583299672;250583299694;22;9;1;1;1
250583299694;250583299713;19;9;1;1;1
250583299713;250583299886;173;9;1;1;1
250583299886;250583299922;36;9;1;1;1
250583299922;250583299981;59;9;1;1;1
250583299981;250583300300;319;9;1;1;1
250583300300;250583302668;2368;9;1;1;1
250583302668;250583302741;73;9;1;1;1
250583302741;250583303008;267;9;1;1;1
250583303008;250583303812;804;9;1;1;1
250583303812;250583303882;70;9;1;1;1
250583303882;250583304355;473;9;1;1;1
250583304355;250583304912;557;9;1;1;1
250583304912;250583306264;1352;9;1;1;1
250583306264;250583306733;469;9;1;1;1
250583306733;250583306820;87;9;1;1;1
250583306820;250583306987;167;9;1;1;1
250583306987;250583307189;202;9;1;1;1
250583307189;250583307568;379;9;1;1;1
250583307568;250583309097;1529;9;1;1;1
250583309097;250583309111;14;9;1;1;1
250583309111;250583309600;489;9;1;1;1
250583309600;250583310189;589;9;1;1;1
250583310189;250583310510;321;9;1;1;1
250583310510;250583313904;3394;9;1;1;1
250583313904;250583318025;4121;9;1;1;1
250583318025;250583319463;1438;9;1;1;1
250583319463;250583319468;5;9;1;1;1
250583319468;250583319524;56;9;1;1;1
250583319524;250583319613;89;9;1;1;1
250583319613;250583320356;743;9;1;1;1
250583320356;250583321838;1482;9;1;1;1
250583321838;250583322880;1042;9;1;1;1
250583322880;250583322891;11;9;1;1;1
250583322891;250583323696;805;9;1;1;1
250583323696;250583323847;151;9;1;1;1
250583323847;250583323893;46;9;1;1;1
250583323893;250583324453;560;9;1;1;1
250583324453;250583324501;48;9;1;1;1
250583324501;250583325204;703;9;1;1;1
250583325204;250583325295;91;9;1;1;1
250583325295;250583325304;9;9;1;1;1
250583325304;250583325489;185;9;1;1;1
250583325489;250583325691;202;9;1;1;1
250583325691;250583325734;43;9;1;1;1
250583325734;250583325900;166;9;1;1;1
250583325900;250583325929;29;9;1;1;1
250583325929;250583326194;265;9;1;1;1
250583326194;250583326222;28;9;1;1;1
250583326222;250583326244;22;9;1;1;1
250583326244;250583326549;305;9;1;1;1
250583326549;250583327012;463;9;1;1;1
250583327012;250583327161;149;9;1;1;1
250583327161;250583327172;11;9;1;1;1
250583327172;250583327229;57;9;1;1;1
250583327229;250583329318;2089;9;1;1;1
250583329318;250583329391;73;9;1;1;1
250583329391;250583329398;7;9;1;1;1
250583329398;250583330189;791;9;1;1;1
250583330189;250583330325;136;9;1;1;1
250583330325;250583330454;129;9;1;1;1
250583330454;250583330638;184;9;1;1;1
250583330638;250583331036;398;9;1;1;1
250583331036;250583331140;104;9;1;1;1
250583331140;250583331972;832;9;1;1;1
250583331972;250583332010;38;9;1;1;1
250583332010;250583332525;515;9;1;1;1
250583332525;250583332569;44;9;1;1;1
250583332569;250583332825;256;9;1;1;1
250583332825;250583334692;1867;9;1;1;1
250583334692;250583334804;112;9;1;1;1
250583334804;250583334979;175;9;1;1;1
250583334979;250583335462;483;9;1;1;1
250583335462;250583335497;35;9;1;1;1
250583335497;250583336043;546;9;1;1;1
250583336043;250583336117;74;9;1;1;1
250583336117;250583336686;569;9;1;1;1
250583336686;250583336728;42;9;1;1;1
250583336728;250583337911;1183;9;1;1;1
250583337911;250583338929;1018;9;1;1;1
250583338929;250583339351;422;9;1;1;1
250583339351;250583340031;680;9;1;1;1
250583340031;250583340062;31;9;1;1;1
250583340062;250583342118;2056;9;1;1;1
250583342118;250583342606;488;9;1;1;1
250583342606;250583343930;1324;9;1;1;1
250583343930;250583345226;1296;9;1;1;1
250583345226;250583345294;68;9;1;1;1
250583345294;250583345662;368;9;1;1;1
250583345662;250583345758;96;9;1;1;1
250583345758;250583347538;1780;9;1;1;1
250583347538;250583347624;86;9;1;1;1
250583347624;250583347664;40;9;1;1;1
250583347664;250583347697;33;9;1;1;1
250583347697;250583349115;1418;9;1;1;1
250583349115;250583349324;209;9;1;1;1
250583349324;250583349752;428;9;1;1;1
250583349752;250583350959;1207;9;1;1;1
250583350959;250583351066;107;9;1;1;1
250583351066;250583352833;1767;9;1;1;1
250583352833;250583353747;914;9;1;1;1
250583353747;250583353829;82;9;1;1;1
250583353829;250583354762;933;9;1;1;1
250583354762;250583354993;231;9;1;1;1
250583354993;250583356001;1008;9;1;1;1
250583356001;250583356331;330;9;1;1;1
250583356331;250583356628;297;9;1;1;1
250583356628;250583357278;650;9;1;1;1
250583357278;250583358417;1139;9;1;1;1
250583358417;250583358841;424;9;1;1;1
250583358841;250583359580;739;9;1;1;1
250583359580;250583359781;201;9;1;1;1
250583359781;250583360444;663;9;1;1;1
250583360444;250583360529;85;9;1;1;1
250583360529;250583360905;376;9;1;1;1
250583360905;250583361809;904;9;1;1;1
250583361809;250583362929;1120;9;1;1;1
250583362929;250583363136;207;9;1;1;1
250583363136;250583364728;1592;9;1;1;1
250583364728;250583366639;1911;9;1;1;1
250583366639;250583368084;1445;9;1;1;1
250583368084;250583368127;43;9;1;1;1
250583368127;250583368440;313;9;1;1;1
250583368440;250583368732;292;9;1;1;1
250583368732;250583369090;358;9;1;1;1
250583369090;250583369854;764;9;1;1;1
250583369854;250583370629;775;9;1;1;1
250583370629;250583372068;1439;9;1;1;1
250583372068;250583373176;1108;9;1;1;1
250583373176;250583373411;235;9;1;1;1
250583373411;250583373860;449;9;1;1;1
250583373860;250583374589;729;9;1;1;1
250583374589;250583374788;199;9;1;1;1
250583374788;250583374862;74;9;1;1;1
250583374862;250583375544;682;9;1;1;1
250583375544;250583378283;2739;9;1;1;1
250583378283;250583378553;270;9;1;1;1
250583378553;250583380282;1729;9;1;1;1
250583380282;250583380408;126;9;1;1;1
250583380408;250583381809;1401;9;1;1;1
250583381809;250583381885;76;9;1;1;1
250583381885;250583382287;402;9;1;1;1
250583382287;250583382719;432;9;1;1;1
250583382719;250583383825;1106;9;1;1;1
250583383825;250583385430;1605;9;1;1;1
250583385430;250583387161;1731;9;1;1;1
250583387161;250583387322;161;9;1;1;1
250583387322;250583388435;1113;9;1;1;1
250583388435;250583389217;782;9;1;1;1
250583389217;250583389537;320;9;1;1;1
250583389537;250583389553;16;9;1;1;1
250583389553;250583390017;464;9;1;1;1
250583390017;250583390069;52;9;1;1;1
250583390069;250583390270;201;9;1;1;1
250583390270;250583392264;1994;9;1;1;1
250583392264;250583393522;1258;9;1;1;1
250583393522;250583394903;1381;9;1;1;1
250583394903;250583395487;584;9;1;1;1
250583395487;250583396070;583;9;1;1;1
250583396070;250583397422;1352;9;1;1;1
250583397422;250583398138;716;9;1;1;1
250583398138;250583398424;286;9;1;1;1
250583398424;250583399395;971;9;1;1;1
250583399395;250583399398;3;9;1;1;1
250583399398;250583399533;135;9;1;1;1
250583399533;250583400252;719;9;1;1;1
250583400252;250583400679;427;9;1;1;1
250583400679;250583401067;388;9;1;1;1
250583401067;250583401617;550;9;1;1;1
250583401617;250583402080;463;9;1;1;1
250583402080;250583403216;1136;9;1;1;1
250583403216;250583403294;78;9;1;1;1
250583403294;250583403303;9;9;1;1;1
250583403303;250583403398;95;9;1;1;1
250583403398;250583403540;142;9;1;1;1
250583403540;250583403779;239;9;1;1;1
250583403779;250583404273;494;9;1;1;1
250583404273;250583404810;537;9;1;1;1
250583404810;250583405511;701;9;1;1;1
250583405511;250583405870;359;9;1;1;1
250583405870;250583405888;18;9;1;1;1
250583405888;250583406476;588;9;1;1;1
250583406476;250583406506;30;9;1;1;1
250583406506;250583406785;279;9;1;1;1
250583406785;250583407226;441;9;1;1;1
250583407226;250583407686;460;9;1;1;1
250583407686;250583409390;1704;9;1;1;1
250583409390;250583409422;32;9;1;1;1
250583409422;250583409442;20;9;1;1;1
250583409442;250583409616;174;9;1;1;1
250583409616;250583409786;170;9;1;1;1
250583409786;250583410485;699;9;1;1;1
250583410485;250583411256;771;9;1;1;1
250583411256;250583411321;65;9;1;1;1
250583411321;250583412099;778;9;1;1;1
250583412099;250583412445;346;9;1;1;1
250583412445;250583412559;114;9;1;1;1
250583412559;250583413331;772;9;1;1;1
250583413331;250583413667;336;9;1;1;1
250583413667;250583414018;351;9;1;1;1
250583414018;250583414669;651;9;1;1;1
250583414669;250583415386;717;9;1;1;1
250583415386;250583415895;509;9;1;1;1
250583415895;250583416045;150;9;1;1;1
250583416045;250583416349;304;9;1;1;1
250583416349;250583416415;66;9;1;1;1
250583416415;250583416600;185;9;1;1;1
250583416600;250583416703;103;9;1;1;1
250583416703;250583416895;192;9;1;1;1
250583416895;250583417307;412;9;1;1;1
250583417307;250583417308;1;9;1;1;1
250583417308;250583417444;136;9;1;1;1
250583417444;250583418487;1043;9;1;1;1
250583418487;250583418695;208;9;1;1;1
250583418695;250583419378;683;9;1;1;1
250583419378;250583419714;336;9;1;1;1
250583419714;250583420274;560;9;1;1;1
250583420274;250583420334;60;9;1;1;1
250583420334;250583420402;68;9;1;1;1
250583420402;250583420433;31;9;1;1;1
250583420433;250583420464;31;9;1;1;1
250583420464;250583420504;40;9;1;1;1
250583420504;250583421337;833;9;1;1;1
250583421337;250583421605;268;9;1;1;1
250583421605;250583421626;21;9;1;1;1
250583421626;250583421663;37;9;1;1;1
250583421663;250583421696;33;9;1;1;1
250583421696;250583421718;22;9;1;1;1
250583421718;250583421751;33;9;1;1;1
250583421751;250583421854;103;9;1;1;1
250583421854;250583422015;161;9;1;1;1
250583422015;250583422150;135;9;1;1;1
250583422150;250583422835;685;9;1;1;1
250583422835;250583422995;160;9;1;1;1
250583422995;250583423264;269;9;1;1;1
250583423264;250583423286;22;9;1;1;1
250583423286;250583423399;113;9;1;1;1
250583423399;250583423816;417;9;1;1;1
250583423816;250583425027;1211;9;1;1;1
250583425027;250583425510;483;9;1;1;1
250583425510;250583427295;1785;9;1;1;1
250583427295;250583427348;53;9;1;1;1
250583427348;250583427406;58;9;1;1;1
250583427406;250583427797;391;9;1;1;1
250583427797;250583428528;731;9;1;1;1
250583428528;250583429006;478;9;1;1;1
250583429006;250583429414;408;9;1;1;1
250583429414;250583429848;434;9;1;1;1
250583429848;250583431970;2122;9;1;1;1
250583431970;250583433097;1127;9;1;1;1
250583433097;250583433279;182;9;1;1;1
250583433279;250583433455;176;9;1;1;1
250583433455;250583433697;242;9;1;1;1
250583433697;250583433791;94;9;1;1;1
250583433791;250583434043;252;9;1;1;1
250583434043;250583434057;14;9;1;1;1
250583434057;250583434276;219;9;1;1;1
250583434276;250583434624;348;9;1;1;1
250583434624;250583434682;58;9;1;1;1
250583434682;250583436094;1412;9;1;1;1
250583436094;250583436236;142;9;1;1;1
250583436236;250583436467;231;9;1;1;1
250583436467;250583436568;101;9;1;1;1
250583436568;250583436618;50;9;1;1;1
250583436618;250583436688;70;9;1;1;1
250583436688;250583437717;1029;9;1;1;1
250583437717;250583437781;64;9;1;1;1
250583437781;250583438316;535;9;1;1;1
250583438316;250583438475;159;9;1;1;1
250583438475;250583438476;1;9;1;1;1
250583438476;250583438531;55;9;1;1;1
250583438531;250583438633;102;9;1;1;1
250583438633;250583438782;149;9;1;1;1
250583438782;250583439010;228;9;1;1;1
250583439010;250583439256;246;9;1;1;1
250583439256;250583439478;222;9;1;1;1
250583439478;250583440726;1248;9;1;1;1
250583440726;250583440749;23;9;1;1;1
250583440749;250583440864;115;9;1;1;1
250583440864;250583440990;126;9;1;1;1
250583440990;250583441521;531;9;1;1;1
250583441521;250583441653;132;9;1;1;1
250583441653;250583442091;438;9;1;1;1
250583442091;250583442183;92;9;1;1;1
250583442183;250583443565;1382;9;1;1;1
250583443565;250583444432;867;9;1;1;1
250583444432;250583444956;524;9;1;1;1
250583444956;250583445222;266;9;1;1;1
250583445222;250583445571;349;9;1;1;1
250583445571;250583445891;320;9;1;1;1
250583445891;250583446685;794;9;1;1;1
250583446685;250583447125;440;9;1;1;1
250583447125;250583447264;139;9;1;1;1
250583447264;250583448583;1319;9;1;1;1
250583448583;250583448590;7;9;1;1;1
250583448590;250583452395;3805;9;1;1;1
250583452395;250583452567;172;9;1;1;1
250583452567;250583453948;1381;9;1;1;1
250583453948;250583455310;1362;9;1;1;1
250583455310;250583456125;815;9;1;1;1
250583456125;250583456787;662;9;1;1;1
250583456787;250583457359;572;9;1;1;1
250583457359;250583458104;745;9;1;1;1
250583458104;250583458958;854;9;1;1;1
250583458958;250583460503;1545;9;1;1;1
250583460503;250583461112;609;9;1;1;1
250583461112;250583461161;49;9;1;1;1
250583461161;250583461570;409;9;1;1;1
250583461570;250583462529;959;9;1;1;1
250583462529;250583463988;1459;9;1;1;1
250583463988;250583464076;88;9;1;1;1
250583464076;250583464975;899;9;1;1;1
250583464975;250583465048;73;9;1;1;1
250583465048;250583465758;710;9;1;1;1
250583465758;250583465864;106;9;1;1;1
250583465864;250583466380;516;9;1;1;1
250583466380;250583466441;61;9;1;1;1
250583466441;250583466446;5;9;1;1;1
250583466446;250583466962;516;9;1;1;1
250583466962;250583468352;1390;9;1;1;1
250583468352;250583469109;757;9;1;1;1
250583469109;250583469649;540;9;1;1;1
250583469649;250583470792;1143;9;1;1;1
250583470792;250583471775;983;9;1;1;1
250583471775;250583471801;26;9;1;1;1
250583471801;250583473190;1389;9;1;1;1
250583473190;250583473253;63;9;1;1;1
250583473253;250583474068;815;9;1;1;1
250583474068;250583474411;343;9;1;1;1
250583474411;250583474998;587;9;1;1;1
250583474998;250583477864;2866;9;1;1;1
250583477864;250583477905;41;9;1;1;1
250583477905;250583477962;57;9;1;1;1
250583477962;250583479095;1133;9;1;1;1
250583479095;250583479647;552;9;1;1;1
250583479647;250583479696;49;9;1;1;1
250583479696;250583480641;945;9;1;1;1
250583480641;250583481118;477;9;1;1;1
250583481118;250583483135;2017;9;1;1;1
250583483135;250583483351;216;9;1;1;1
250583483351;250583484186;835;9;1;1;1
250583484186;250583485103;917;9;1;1;1
250583485103;250583487403;2300;9;1;1;1
250583487403;250583487799;396;9;1;1;1
250583487799;250583487854;55;9;1;1;1
250583487854;250583488042;188;9;1;1;1
250583488042;250583488120;78;9;1;1;1
250583488120;250583489362;1242;9;1;1;1
250583489362;250583489964;602;9;1;1;1
250583489964;250583490247;283;9;1;1;1
250583490247;250583491289;1042;9;1;1;1
250583491289;250583491548;259;9;1;1;1
250583491548;250583491682;134;9;1;1;1
250583491682;250583492286;604;9;1;1;1
250583492286;250583492432;146;9;1;1;1
250583492432;250583496475;4043;9;1;1;1
250583496475;250583497519;1044;9;1;1;1
250583497519;250583498119;600;9;1;1;1
250583498119;250583498299;180;9;1;1;1
250583498299;250583499871;1572;9;1;1;1
250583499871;250583501325;1454;9;1;1;1
250583501325;250583501761;436;9;1;1;1
250583501761;250583502709;948;9;1;1;1
250583502709;250583504028;1319;9;1;1;1
250583504028;250583504311;283;9;1;1;1
250583504311;250583504846;535;9;1;1;1
250583504846;250583505087;241;9;1;1;1
250583505087;250583505369;282;9;1;1;1
250583505369;250583506797;1428;9;1;1;1
250583506797;250583507094;297;9;1;1;1
250583507094;250583507270;176;9;1;1;1
250583507270;250583508987;1717;9;1;1;1
250583508987;250583509001;14;9;1;1;1
250583509001;250583510410;1409;9;1;1;1
250583510410;250583510596;186;9;1;1;1
250583510596;250583511205;609;9;1;1;1
250583511205;250583512042;837;9;1;1;1
250583512042;250583513599;1557;9;1;1;1
250583513599;250583514600;1001;9;1;1;1
250583514600;250583514768;168;9;1;1;1
250583514768;250583514840;72;9;1;1;1
250583514840;250583514884;44;9;1;1;1
250583514884;250583514959;75;9;1;1;1
250583514959;250583515805;846;9;1;1;1
250583515805;250583516053;248;9;1;1;1
250583516053;250583517144;1091;9;1;1;1
250583517144;250583518318;1174;9;1;1;1
250583518318;250583518462;144;9;1;1;1
250583518462;250583518543;81;9;1;1;1
250583518543;250583519033;490;9;1;1;1
250583519033;250583519131;98;9;1;1;1
250583519131;250583519336;205;9;1;1;1
250583519336;250583519482;146;9;1;1;1
250583519482;250583519649;167;9;1;1;1
250583519649;250583519912;263;9;1;1;1
250583519912;250583520155;243;9;1;1;1
250583520155;250583520666;511;9;1;1;1
250583520666;250583520750;84;9;1;1;1
250583520750;250583520814;64;9;1;1;1
250583520814;250583520944;130;9;1;1;1
250583520944;250583521038;94;9;1;1;1
250583521038;250583521125;87;9;1;1;1
250583521125;250583521538;413;9;1;1;1
250583521538;250583521795;257;9;1;1;1
250583521795;250583521810;15;9;1;1;1
250583521810;250583521861;51;9;1;1;1
250583521861;250583522339;478;9;1;1;1
250583522339;250583522395;56;9;1;1;1
250583522395;250583522595;200;9;1;1;1
250583522595;250583522721;126;9;1;1;1
250583522721;250583524244;1523;9;1;1;1
250583524244;250583524285;41;9;1;1;1
250583524285;250583524372;87;9;1;1;1
250583524372;250583524508;136;9;1;1;1
250583524508;250583524682;174;9;1;1;1
250583524682;250583524708;26;9;1;1;1
250583524708;250583524995;287;9;1;1;1
250583524995;250583525398;403;9;1;1;1
250583525398;250583525402;4;9;1;1;1
250583525402;250583525490;88;9;1;1;1
250583525490;250583525604;114;9;1;1;1
250583525604;250583525743;139;9;1;1;1
250583525743;250583525806;63;9;1;1;1
250583525806;250583526300;494;9;1;1;1
250583526300;250583526334;34;9;1;1;1
250583526334;250583526715;381;9;1;1;1
250583526715;250583526800;85;9;1;1;1
250583526800;250583526995;195;9;1;1;1
250583526995;250583527280;285;9;1;1;1
250583527280;250583527563;283;9;1;1;1
250583527563;250583527800;237;9;1;1;1
250583527800;250583527817;17;9;1;1;1
250583527817;250583528627;810;9;1;1;1
250583528627;250583528742;115;9;1;1;1
250583528742;250583529207;465;9;1;1;1
250583529207;250583529562;355;9;1;1;1
250583529562;250583529909;347;9;1;1;1
250583529909;250583529938;29;9;1;1;1
250583529938;250583530124;186;9;1;1;1
250583530124;250583530151;27;9;1;1;1
250583530151;250583530291;140;9;1;1;1
250583530291;250583530560;269;9;1;1;1
250583530560;250583530779;219;9;1;1;1
250583530779;250583530881;102;9;1;1;1
250583530881;250583530962;81;9;1;1;1
250583530962;250583531038;76;9;1;1;1
250583531038;250583531095;57;9;1;1;1
250583531095;250583531147;52;9;1;1;1
250583531147;250583531513;366;9;1;1;1
250583531513;250583531535;22;9;1;1;1
250583531535;250583531807;272;9;1;1;1
250583531807;250583531905;98;9;1;1;1
250583531905;250583533188;1283;9;1;1;1
250583533188;250583533438;250;9;1;1;1
250583533438;250583533612;174;9;1;1;1
250583533612;250583534443;831;9;1;1;1
250583534443;250583534489;46;9;1;1;1
250583534489;250583535108;619;9;1;1;1
250583535108;250583535374;266;9;1;1;1
250583535374;250583535377;3;9;1;1;1
250583535377;250583535413;36;9;1;1;1
250583535413;250583535454;41;9;1;1;1
250583535454;250583535606;152;9;1;1;1
250583535606;250583535609;3;9;1;1;1
250583535609;250583537114;1505;9;1;1;1
250583537114;250583537165;51;9;1;1;1
250583537165;250583537382;217;9;1;1;1
250583537382;250583537594;212;9;1;1;1
250583537594;250583537960;366;9;1;1;1
250583537960;250583538989;1029;9;1;1;1
250583538989;250583539299;310;9;1;1;1
250583539299;250583539471;172;9;1;1;1
250583539471;250583539622;151;9;1;1;1
250583539622;250583539934;312;9;1;1;1
250583539934;250583540709;775;9;1;1;1
250583540709;250583541449;740;9;1;1;1
250583541449;250583541501;52;9;1;1;1
250583541501;250583541855;354;9;1;1;1
250583541855;250583541906;51;9;1;1;1
250583541906;250583541935;29;9;1;1;1
250583541935;250583542149;214;9;1;1;1
250583542149;250583542292;143;9;1;1;1
250583542292;250583542384;92;9;1;1;1
250583542384;250583542581;197;9;1;1;1
250583542581;250583543101;520;9;1;1;1
250583543101;250583543188;87;9;1;1;1
250583543188;250583543257;69;9;1;1;1
250583543257;250583543481;224;9;1;1;1
250583543481;250583544216;735;9;1;1;1
250583544216;250583544760;544;9;1;1;1
250583544760;250583544863;103;9;1;1;1
250583544863;250583545876;1013;9;1;1;1
250583545876;250583545957;81;9;1;1;1
250583545957;250583548309;2352;9;1;1;1
250583548309;250583549387;1078;9;1;1;1
250583549387;250583551567;2180;9;1;1;1
250583551567;250583552092;525;9;1;1;1
250583552092;250583553053;961;9;1;1;1
250583553053;250583553688;635;9;1;1;1
250583553688;250583554160;472;9;1;1;1
250583554160;250583554529;369;9;1;1;1
250583554529;250583555017;488;9;1;1;1
250583555017;250583555661;644;9;1;1;1
250583555661;250583556866;1205;9;1;1;1
250583556866;250583557593;727;9;1;1;1
250583557593;250583557777;184;9;1;1;1
250583557777;250583561798;4021;9;1;1;1
250583561798;250583562901;1103;9;1;1;1
250583562901;250583563641;740;9;1;1;1
250583563641;250583565097;1456;9;1;1;1
250583565097;250583565138;41;9;1;1;1
250583565138;250583565352;214;9;1;1;1
250583565352;250583565433;81;9;1;1;1
250583565433;250583566877;1444;9;1;1;1
250583566877;250583567384;507;9;1;1;1
250583567384;250583567713;329;9;1;1;1
250583567713;250583568051;338;9;1;1;1
250583568051;250583568084;33;9;1;1;1
250583568084;250583568275;191;9;1;1;1
250583568275;250583568407;132;9;1;1;1
250583568407;250583568958;551;9;1;1;1
250583568958;250583569913;955;9;1;1;1
250583569913;250583571665;1752;9;1;1;1
250583571665;250583571956;291;9;1;1;1
250583571956;250583571993;37;9;1;1;1
250583571993;250583572116;123;9;1;1;1
250583572116;250583572312;196;9;1;1;1
250583572312;250583572500;188;9;1;1;1
250583572500;250583572569;69;9;1;1;1
250583572569;250583572936;367;9;1;1;1
250583572936;250583573379;443;9;1;1;1
250583573379;250583573635;256;9;1;1;1
250583573635;250583574245;610;9;1;1;1
250583574245;250583575056;811;9;1;1;1
250583575056;250583575224;168;9;1;1;1
250583575224;250583575334;110;9;1;1;1
250583575334;250583575593;259;9;1;1;1
250583575593;250583576109;516;9;1;1;1
250583576109;250583576337;228;9;1;1;1
250583576337;250583576595;258;9;1;1;1
250583576595;250583576878;283;9;1;1;1
250583576878;250583576970;92;9;1;1;1
250583576970;250583577198;228;9;1;1;1
250583577198;250583577323;125;9;1;1;1
250583577323;250583577580;257;9;1;1;1
250583577580;250583577685;105;9;1;1;1
250583577685;250583577874;189;9;1;1;1
250583577874;250583578348;474;9;1;1;1
250583578348;250583578491;143;9;1;1;1
250583578491;250583578841;350;9;1;1;1
250583578841;250583579368;527;9;1;1;1
250583579368;250583579613;245;9;1;1;1
250583579613;250583580059;446;9;1;1;1
250583580059;250583580174;115;9;1;1;1
250583580174;250583582001;1827;9;1;1;1
250583582001;250583582304;303;9;1;1;1
250583582304;250583582369;65;9;1;1;1
250583582369;250583584830;2461;9;1;1;1
250583584830;250583584924;94;9;1;1;1
250583584924;250583585224;300;9;1;1;1
250583585224;250583585760;536;9;1;1;1
250583585760;250583585997;237;9;1;1;1
250583585997;250583586001;4;9;1;1;1
250583586001;250583591537;5536;9;1;1;1
250583591537;250583593230;1693;9;1;1;1
250583593230;250583593743;513;9;1;1;1
250583593743;250583594352;609;9;1;1;1
250583594352;250583598157;3805;9;1;1;1
250583598157;250583603572;5415;9;1;1;1
250583603572;250583606901;3329;9;1;1;1
250583606901;250583610421;3520;9;1;1;1
250583610421;250583610461;40;9;1;1;1
250583610461;250583612738;2277;9;1;1;1
250583612738;250583614095;1357;9;1;1;1
250583614095;250583614662;567;9;1;1;1
250583614662;250583614952;290;9;1;1;1
250583614952;250583616124;1172;9;1;1;1
250583616124;250583617773;1649;9;1;1;1
250583617773;250583619331;1558;9;1;1;1
250583619331;250583619670;339;9;1;1;1
250583619670;250583625197;5527;9;1;1;1
250583625197;250583625734;537;9;1;1;1
250583625734;250583628112;2378;9;1;1;1
250583628112;250583630148;2036;9;1;1;1
250583630148;250583630240;92;9;1;1;1
250583630240;250583630643;403;9;1;1;1
250583630643;250583630745;102;9;1;1;1
250583630745;250583635068;4323;9;1;1;1
250583635068;250583635772;704;9;1;1;1
250583635772;250583639316;3544;9;1;1;1
250583639316;250583642234;2918;9;1;1;1
250583642234;250583642855;621;9;1;1;1
250583642855;250583643050;195;9;1;1;1
250583643050;250583645698;2648;9;1;1;1
250583645698;250583647561;1863;9;1;1;1
250583647561;250583649855;2294;9;1;1;1
250583649855;250583649957;102;9;1;1;1
250583649957;250583651447;1490;9;1;1;1
250583651447;250583651983;536;9;1;1;1
250583651983;250583657473;5490;9;1;1;1
250583657473;250583659385;1912;9;1;1;1
250583659385;250583659839;454;9;1;1;1
250583659839;250583660028;189;9;1;1;1
250583660028;250583661102;1074;9;1;1;1
250583661102;250583661197;95;9;1;1;1
250583661197;250583661271;74;9;1;1;1
250583661271;250583662602;1331;9;1;1;1
250583662602;250583662633;31;9;1;1;1
250583662633;250583662643;10;9;1;1;1
250583662643;250583662714;71;9;1;1;1
250583662714;250583662773;59;9;1;1;1
250583662773;250583663279;506;9;1;1;1
250583663279;250583663300;21;9;1;1;1
250583663300;250583663536;236;9;1;1;1
250583663536;250583666352;2816;9;1;1;1
250583666352;250583666483;131;9;1;1;1
250583666483;250583666610;127;9;1;1;1
250583666610;250583666771;161;9;1;1;1
250583666771;250583667497;726;9;1;1;1
250583667497;250583668014;517;9;1;1;1
250583668014;250583668466;452;9;1;1;1
250583668466;250583668709;243;9;1;1;1
250583668709;250583668760;51;9;1;1;1
250583668760;250583669341;581;9;1;1;1
250583669341;250583669913;572;9;1;1;1
250583669913;250583670241;328;9;1;1;1
250583670241;250583670466;225;9;1;1;1
250583670466;250583671923;1457;9;1;1;1
250583671923;250583672395;472;9;1;1;1
250583672395;250583672695;300;9;1;1;1
250583672695;250583672824;129;9;1;1;1
250583672824;250583672939;115;9;1;1;1
250583672939;250583674690;1751;9;1;1;1
250583674690;250583676424;1734;9;1;1;1
250583676424;250583676594;170;9;1;1;1
250583676594;250583676678;84;9;1;1;1
250583676678;250583678040;1362;9;1;1;1
250583678040;250583678267;227;9;1;1;1
250583678267;250583680104;1837;9;1;1;1
250583680104;250583680160;56;9;1;1;1
250583680160;250583680312;152;9;1;1;1
250583680312;250583680779;467;9;1;1;1
250583680779;250583680980;201;9;1;1;1
250583680980;250583681086;106;9;1;1;1
250583681086;250583681405;319;9;1;1;1
250583681405;250583682152;747;9;1;1;1
250583682152;250583683656;1504;9;1;1;1
250583683656;250583683873;217;9;1;1;1
250583683873;250583684252;379;9;1;1;1
250583684252;250583684338;86;9;1;1;1
250583684338;250583684360;22;9;1;1;1
250583684360;250583685661;1301;9;1;1;1
250583685661;250583686197;536;9;1;1;1
250583686197;250583689191;2994;9;1;1;1
250583689191;250583690186;995;9;1;1;1
250583690186;250583690279;93;9;1;1;1
250583690279;250583691664;1385;9;1;1;1
250583691664;250583692413;749;9;1;1;1
250583692413;250583692871;458;9;1;1;1
250583692871;250583693243;372;9;1;1;1
250583693243;250583693614;371;9;1;1;1
250583693614;250583693755;141;9;1;1;1
250583693755;250583694104;349;9;1;1;1
250583694104;250583694574;470;9;1;1;1
250583694574;250583694714;140;9;1;1;1
250583694714;250583697314;2600;9;1;1;1
250583697314;250583698224;910;9;1;1;1
250583698224;250583699543;1319;9;1;1;1
250583699543;250583699976;433;9;1;1;1
250583699976;250583701534;1558;9;1;1;1
250583701534;250583701596;62;9;1;1;1
250583701596;250583701618;22;9;1;1;1
250583701618;250583702491;873;9;1;1;1
250583702491;250583703013;522;9;1;1;1
250583703013;250583703071;58;9;1;1;1
250583703071;250583703519;448;9;1;1;1
250583703519;250583703685;166;9;1;1;1
250583703685;250583705205;1520;9;1;1;1
250583705205;250583705309;104;9;1;1;1
250583705309;250583705795;486;9;1;1;1
250583705795;250583705821;26;9;1;1;1
250583705821;250583706761;940;9;1;1;1
250583706761;250583707977;1216;9;1;1;1
250583707977;250583708673;696;9;1;1;1
250583708673;250583709731;1058;9;1;1;1
250583709731;250583710431;700;9;1;1;1
250583710431;250583710819;388;9;1;1;1
250583710819;250583711550;731;9;1;1;1
250583711550;250583716187;4637;9;1;1;1
250583716187;250583716231;44;9;1;1;1
250583716231;250583716385;154;9;1;1;1
250583716385;250583716453;68;9;1;1;1
250583716453;250583716672;219;9;1;1;1
250583716672;250583716727;55;9;1;1;1
250583716727;250583716950;223;9;1;1;1
250583716950;250583716997;47;9;1;1;1
250583716997;250583719305;2308;9;1;1;1
250583719305;250583720236;931;9;1;1;1
250583720236;250583722461;2225;9;1;1;1
250583722461;250583722551;90;9;1;1;1
250583722551;250583723096;545;9;1;1;1
250583723096;250583725840;2744;9;1;1;1
250583725840;250583726169;329;9;1;1;1
250583726169;250583726278;109;9;1;1;1
250583726278;250583726301;23;9;1;1;1
250583726301;250583726879;578;9;1;1;1
250583726879;250583728114;1235;9;1;1;1
250583728114;250583728253;139;9;1;1;1
250583728253;250583728265;12;9;1;1;1
250583728265;250583728615;350;9;1;1;1
250583728615;250583729000;385;9;1;1;1
250583729000;250583729204;204;9;1;1;1
250583729204;250583729321;117;9;1;1;1
250583729321;250583731068;1747;9;1;1;1
250583731068;250583731556;488;9;1;1;1
250583731556;250583731801;245;9;1;1;1
250583731801;250583731840;39;9;1;1;1
250583731840;250583731946;106;9;1;1;1
250583731946;250583732212;266;9;1;1;1
250583732212;250583732307;95;9;1;1;1
250583732307;250583732529;222;9;1;1;1
250583732529;250583732779;250;9;1;1;1
250583732779;250583734117;1338;9;1;1;1
250583734117;250583734162;45;9;1;1;1
250583734162;250583734721;559;9;1;1;1
250583734721;250583734820;99;9;1;1;1
250583734820;250583735349;529;9;1;1;1
250583735349;250583735998;649;9;1;1;1
250583735998;250583736083;85;9;1;1;1
250583736083;250583737054;971;9;1;1;1
250583737054;250583738342;1288;9;1;1;1
250583738342;250583739181;839;9;1;1;1
250583739181;250583740080;899;9;1;1;1
250583740080;250583740148;68;9;1;1;1
250583740148;250583740155;7;9;1;1;1
250583740155;250583740813;658;9;1;1;1
250583740813;250583741034;221;9;1;1;1
250583741034;250583741279;245;9;1;1;1
250583741279;250583742178;899;9;1;1;1
250583742178;250583742631;453;9;1;1;1
250583742631;250583742663;32;9;1;1;1
250583742663;250583743430;767;9;1;1;1
250583743430;250583743801;371;9;1;1;1
250583743801;250583746410;2609;9;1;1;1
250583746410;250583748124;1714;9;1;1;1
250583748124;250583748996;872;9;1;1;1
250583748996;250583750081;1085;9;1;1;1
250583750081;250583750597;516;9;1;1;1
250583750597;250583751037;440;9;1;1;1
250583751037;250583751059;22;9;1;1;1
250583751059;250583751153;94;9;1;1;1
250583751153;250583754485;3332;9;1;1;1
250583754485;250583754664;179;9;1;1;1
250583754664;250583755472;808;9;1;1;1
250583755472;250583756870;1398;9;1;1;1
250583756870;250583756948;78;9;1;1;1
250583756948;250583758522;1574;9;1;1;1
250583758522;250583758655;133;9;1;1;1
250583758655;250583759852;1197;9;1;1;1
250583759852;250583761314;1462;9;1;1;1
250583761314;250583762381;1067;9;1;1;1
250583762381;250583762446;65;9;1;1;1
250583762446;250583762543;97;9;1;1;1
250583762543;250583762945;402;9;1;1;1
250583762945;250583763974;1029;9;1;1;1
250583763974;250583771880;7906;9;1;1;1
250583771880;250583772502;622;9;1;1;1
250583772502;250583774018;1516;9;1;1;1
250583774018;250583774613;595;9;1;1;1
250583774613;250583776775;2162;9;1;1;1
250583776775;250583776981;206;9;1;1;1
250583776981;250583777986;1005;9;1;1;1
250583777986;250583780698;2712;9;1;1;1
250583780698;250583781186;488;9;1;1;1
250583781186;250583784300;3114;9;1;1;1
250583784300;250583784565;265;9;1;1;1
250583784565;250583786104;1539;9;1;1;1
250583786104;250583788816;2712;9;1;1;1
250583788816;250583789292;476;9;1;1;1
250583789292;250583789625;333;9;1;1;1
250583789625;250583789657;32;9;1;1;1
250583789657;250583789747;90;9;1;1;1
250583789747;250583789872;125;9;1;1;1
250583789872;250583790479;607;9;1;1;1
250583790479;250583791069;590;9;1;1;1
250583791069;250583791095;26;9;1;1;1
250583791095;250583791196;101;9;1;1;1
250583791196;250583792232;1036;9;1;1;1
250583792232;250583792432;200;9;1;1;1
250583792432;250583792578;146;9;1;1;1
250583792578;250583793128;550;9;1;1;1
250583793128;250583793755;627;9;1;1;1
250583793755;250583793817;62;9;1;1;1
250583793817;250583794566;749;9;1;1;1
250583794566;250583796610;2044;9;1;1;1
250583796610;250583798111;1501;9;1;1;1
250583798111;250583798230;119;9;1;1;1
250583798230;250583798378;148;9;1;1;1
250583798378;250583799692;1314;9;1;1;1
250583799692;250583800022;330;9;1;1;1
250583800022;250583800093;71;9;1;1;1
250583800093;250583800186;93;9;1;1;1
250583800186;250583801289;1103;9;1;1;1
250583801289;250583801572;283;9;1;1;1
250583801572;250583801841;269;9;1;1;1
250583801841;250583803134;1293;9;1;1;1
250583803134;250583805256;2122;9;1;1;1
250583805256;250583805405;149;9;1;1;1
250583805405;250583805448;43;9;1;1;1
250583805448;250583807013;1565;9;1;1;1
250583807013;250583808663;1650;9;1;1;1
250583808663;250583809562;899;9;1;1;1
250583809562;250583809981;419;9;1;1;1
250583809981;250583810431;450;9;1;1;1
250583810431;250583811472;1041;9;1;1;1
250583811472;250583812171;699;9;1;1;1
250583812171;250583813090;919;9;1;1;1
250583813090;250583813813;723;9;1;1;1
250583813813;250583814505;692;9;1;1;1
250583814505;250583814528;23;9;1;1;1
250583814528;250583819391;4863;9;1;1;1
250583819391;250583823551;4160;9;1;1;1
250583823551;250583823590;39;9;1;1;1
250583823590;250583824006;416;9;1;1;1
250583824006;250583824039;33;9;1;1;1
250583824039;250583824094;55;9;1;1;1
250583824094;250583829306;5212;9;1;1;1
250583829306;250583829793;487;9;1;1;1
250583829793;250583835727;5934;9;1;1;1
250583835727;250583845589;9862;9;1;1;1
250583845589;250583847865;2276;9;1;1;1
250583847865;250583848174;309;9;1;1;1
250583848174;250583848866;692;9;1;1;1
250583848866;250583849396;530;9;1;1;1
250583849396;250583849766;370;9;1;1;1
250583849766;250583850133;367;9;1;1;1
250583850133;250583850378;245;9;1;1;1
250583850378;250583852741;2363;9;1;1;1
250583852741;250583852789;48;9;1;1;1
250583852789;250583859971;7182;9;1;1;1
250583859971;250583862455;2484;9;1;1;1
250583862455;250583862921;466;9;1;1;1
250583862921;250583863424;503;9;1;1;1
250583863424;250583864477;1053;9;1;1;1
250583864477;250583868228;3751;9;1;1;1
250583868228;250583868475;247;9;1;1;1
250583868475;250583868719;244;9;1;1;1
250583868719;250583870739;2020;9;1;1;1
250583870739;250583870821;82;9;1;1;1
250583870821;250583872536;1715;9;1;1;1
250583872536;250583872625;89;9;1;1;1
250583872625;250583872815;190;9;1;1;1
250583872815;250583879364;6549;9;1;1;1
250583879364;250583880210;846;9;1;1;1
250583880210;250583880650;440;9;1;1;1
250583880650;250583882456;1806;9;1;1;1
250583882456;250583882519;63;9;1;1;1
250583882519;250583886769;4250;9;1;1;1
250583886769;250583888114;1345;9;1;1;1
250583888114;250583889042;928;9;1;1;1
250583889042;250583891191;2149;9;1;1;1
250583891191;250583891225;34;9;1;1;1
250583891225;250583893326;2101;9;1;1;1
250583893326;250583893388;62;9;1;1;1
250583893388;250583895154;1766;9;1;1;1
250583895154;250583896669;1515;9;1;1;1
250583896669;250583896796;127;9;1;1;1
250583896796;250583898024;1228;9;1;1;1
250583898024;250583898074;50;9;1;1;1
250583898074;250583898146;72;9;1;1;1
250583898146;250583898586;440;9;1;1;1
250583898586;250583900077;1491;9;1;1;1
250583900077;250583900880;803;9;1;1;1
250583900880;250583903340;2460;9;1;1;1
250583903340;250583903620;280;9;1;1;1
250583903620;250583904176;556;9;1;1;1
250583904176;250583904980;804;9;1;1;1
250583904980;250583905040;60;9;1;1;1
250583905040;250583905098;58;9;1;1;1
250583905098;250583905359;261;9;1;1;1
250583905359;250583907501;2142;9;1;1;1
250583907501;250583908124;623;9;1;1;1
250583908124;250583909156;1032;9;1;1;1
250583909156;250583911117;1961;9;1;1;1
250583911117;250583911195;78;9;1;1;1
250583911195;250583911915;720;9;1;1;1
250583911915;250583913276;1361;9;1;1;1
250583913276;250583916102;2826;9;1;1;1
250583916102;250583916195;93;9;1;1;1
250583916195;250583916246;51;9;1;1;1
250583916246;250583916837;591;9;1;1;1
250583916837;250583917801;964;9;1;1;1
250583917801;250583919222;1421;9;1;1;1
250583919222;250583919795;573;9;1;1;1
250583919795;250583920101;306;9;1;1;1
250583920101;250583920611;510;9;1;1;1
250583920611;250583921932;1321;9;1;1;1
250583921932;250583921964;32;9;1;1;1
250583921964;250583921985;21;9;1;1;1
250583921985;250583922285;300;9;1;1;1
250583922285;250583922444;159;9;1;1;1
250583922444;250583923011;567;9;1;1;1
250583923011;250583924818;1807;9;1;1;1
250583924818;250583924984;166;9;1;1;1
250583924984;250583925124;140;9;1;1;1
250583925124;250583929040;3916;9;1;1;1
250583929040;250583934887;5847;9;1;1;1
250583934887;250583941213;6326;9;1;1;1
250583941213;250583941254;41;9;1;1;1
250583941254;250583945082;3828;9;1;1;1
250583945082;250583945150;68;9;1;1;1
250583945150;250583955286;10136;9;1;1;1
250583955286;250583983051;27765;9;1;1;1
250583983051;250584015672;32621;9;1;1;1
250584015672;250584021330;5658;9;1;1;1
250584021330;250584030884;9554;9;1;1;1
250584030884;250584035953;5069;9;1;1;1
250584035953;250584048632;12679;9;1;1;1
250584048632;250584050222;1590;9;1;1;1
250584050222;250584059136;8914;9;1;1;1
250584059136;250584060808;1672;9;1;1;1
250584060808;250584060960;152;9;1;1;1
250584060960;250584061011;51;9;1;1;1
250584061011;250584062465;1454;9;1;1;1
250584062465;250584064851;2386;9;1;1;1
250584064851;250584067429;2578;9;1;1;1
250584067429;250584068798;1369;9;1;1;1
250584068798;250584070833;2035;9;1;1;1
250584070833;250584075563;4730;9;1;1;1
250584075563;250584075695;132;9;1;1;1
250584075695;250584077479;1784;9;1;1;1
250584077479;250584078017;538;9;1;1;1
250584078017;250584078170;153;9;1;1;1
250584078170;250584078519;349;9;1;1;1
250584078519;250584078910;391;9;1;1;1
250584078910;250584079003;93;9;1;1;1
250584079003;250584079084;81;9;1;1;1
250584079084;250584089143;10059;9;1;1;1
250584089143;250584090777;1634;9;1;1;1
250584090777;250584099842;9065;9;1;1;1
250584099842;250584101830;1988;9;1;1;1
250584101830;250584102186;356;9;1;1;1
250584102186;250584105681;3495;9;1;1;1
250584105681;250584106384;703;9;1;1;1
250584106384;250584108138;1754;9;1;1;1
250584108138;250584108716;578;9;1;1;1
250584108716;250584108922;206;9;1;1;1
250584108922;250584111485;2563;9;1;1;1
250584111485;250584112872;1387;9;1;1;1
250584112872;250584113271;399;9;1;1;1
250584113271;250584113492;221;9;1;1;1
250584113492;250584117242;3750;9;1;1;1
250584117242;250584125735;8493;9;1;1;1
250584125735;250584125868;133;9;1;1;1
250584125868;250584127443;1575;9;1;1;1
250584127443;250584127494;51;9;1;1;1
250584127494;250584127626;132;9;1;1;1
250584127626;250584128740;1114;9;1;1;1
250584128740;250584129088;348;9;1;1;1
250584129088;250584130540;1452;9;1;1;1
250584130540;250584131946;1406;9;1;1;1
250584131946;250584134561;2615;9;1;1;1
250584134561;250584135063;502;9;1;1;1
250584135063;250584140528;5465;9;1;1;1
250584140528;250584141960;1432;9;1;1;1
250584141960;250584142655;695;9;1;1;1
250584142655;250584143019;364;9;1;1;1
250584143019;250584143132;113;9;1;1;1
250584143132;250584143812;680;9;1;1;1
250584143812;250584144848;1036;9;1;1;1
250584144848;250584147559;2711;9;1;1;1
250584147559;250584147798;239;9;1;1;1
250584147798;250584147850;52;9;1;1;1
250584147850;250584148098;248;9;1;1;1
250584148098;250584149054;956;9;1;1;1
250584663793;250584677673;13880;9;1;1;1
250584677673;250584685207;7534;9;1;1;1
250584685207;250584685292;85;9;1;1;1
250584685292;250584686016;724;9;1;1;1
250584686016;250584686094;78;9;1;1;1
250584686094;250584687724;1630;9;1;1;1
250584687724;250584688527;803;9;1;1;1
250584688527;250584688782;255;9;1;1;1
250584688782;250584688990;208;9;1;1;1
250584688990;250584690124;1134;9;1;1;1
250584690124;250584692042;1918;9;1;1;1
250584692042;250584692105;63;9;1;1;1
250584692105;250584692479;374;9;1;1;1
250584692479;250584692810;331;9;1;1;1
250584692810;250584692880;70;9;1;1;1
250584692880;250584692890;10;9;1;1;1
250584692890;250584692999;109;9;1;1;1
250584692999;250584693201;202;9;1;1;1
250584693201;250584693270;69;9;1;1;1
250584693270;250584693301;31;9;1;1;1
250584693301;250584693327;26;9;1;1;1
250584693327;250584693357;30;9;1;1;1
250584693357;250584693393;36;9;1;1;1
250584693393;250584693489;96;9;1;1;1
250584693489;250584693588;99;9;1;1;1
250584693588;250584693822;234;9;1;1;1
250584693822;250584693878;56;9;1;1;1
250584693878;250584693918;40;9;1;1;1
250584693918;250584693996;78;9;1;1;1
250584693996;250584694033;37;9;1;1;1
250584694033;250584694333;300;9;1;1;1
250584694333;250584694372;39;9;1;1;1
250584694372;250584694406;34;9;1;1;1
250584694406;250584694538;132;9;1;1;1
250584694538;250584694823;285;9;1;1;1
250584694823;250584695530;707;9;1;1;1
250584695530;250584696453;923;9;1;1;1
250584696453;250584697488;1035;9;1;1;1
250584697488;250584697812;324;9;1;1;1
250584697812;250584697822;10;9;1;1;1
250584697822;250584697992;170;9;1;1;1
250584697992;250584698086;94;9;1;1;1
250584698086;250584698488;402;9;1;1;1
250584698488;250584698803;315;9;1;1;1
250584698803;250584699070;267;9;1;1;1
250584699070;250584699092;22;9;1;1;1
250584699092;250584699125;33;9;1;1;1
250584699125;250584699219;94;9;1;1;1
250584699219;250584699390;171;9;1;1;1
250584699390;250584700244;854;9;1;1;1
250584700244;250584701406;1162;9;1;1;1
250584701406;250584702261;855;9;1;1;1
250584702261;250584702800;539;9;1;1;1
250584702800;250584702893;93;9;1;1;1
250584702893;250584702942;49;9;1;1;1
250584702942;250584703927;985;9;1;1;1
250584703927;250584704675;748;9;1;1;1
250584704675;250584704849;174;9;1;1;1
250584704849;250584705619;770;9;1;1;1
250584705619;250584705847;228;9;1;1;1
250584705847;250584706609;762;9;1;1;1
250584706609;250584706648;39;9;1;1;1
250584706648;250584706703;55;9;1;1;1
250584706703;250584706799;96;9;1;1;1
250584706799;250584707016;217;9;1;1;1
250584707016;250584707163;147;9;1;1;1
250584707163;250584707190;27;9;1;1;1
250584707190;250584707273;83;9;1;1;1
250584707273;250584707284;11;9;1;1;1
250584707284;250584707379;95;9;1;1;1
250584707379;250584707489;110;9;1;1;1
250584707489;250584707585;96;9;1;1;1
250584707585;250584707888;303;9;1;1;1
250584707888;250584708038;150;9;1;1;1
250584708038;250584708521;483;9;1;1;1
250584708521;250584708805;284;9;1;1;1
250584708805;250584709310;505;9;1;1;1
250584709310;250584709544;234;9;1;1;1
250584709544;250584709706;162;9;1;1;1
250584709706;250584710459;753;9;1;1;1
250584710459;250584710652;193;9;1;1;1
250584710652;250584710826;174;9;1;1;1
250584710826;250584711761;935;9;1;1;1
250584711761;250584712331;570;9;1;1;1
250584712331;250584712351;20;9;1;1;1
250584712351;250584712445;94;9;1;1;1
250584712445;250584712696;251;9;1;1;1
250584712696;250584712862;166;9;1;1;1
250584712862;250584713290;428;9;1;1;1
250584713290;250584713586;296;9;1;1;1
250584713586;250584713594;8;9;1;1;1
250584713594;250584713647;53;9;1;1;1
250584713647;250584713653;6;9;1;1;1
250584713653;250584713800;147;9;1;1;1
250584713800;250584713950;150;9;1;1;1
250584713950;250584714215;265;9;1;1;1
250584714215;250584714275;60;9;1;1;1
250584714275;250584714328;53;9;1;1;1
250584714328;250584714526;198;9;1;1;1
250584714526;250584714869;343;9;1;1;1
250584714869;250584714900;31;9;1;1;1
250584714900;250584714975;75;9;1;1;1
250584714975;250584715009;34;9;1;1;1
250584715009;250584715084;75;9;1;1;1
250584715084;250584716744;1660;9;1;1;1
250584716744;250584716795;51;9;1;1;1
250584716795;250584716836;41;9;1;1;1
250584716836;250584716945;109;9;1;1;1
250584716945;250584717002;57;9;1;1;1
250584717002;250584717101;99;9;1;1;1
250584717101;250584717339;238;9;1;1;1
250584717339;250584717412;73;9;1;1;1
250584717412;250584717780;368;9;1;1;1
250584717780;250584718138;358;9;1;1;1
250584718138;250584718563;425;9;1;1;1
250584718563;250584718862;299;9;1;1;1
250584718862;250584719419;557;9;1;1;1
250584719419;250584719531;112;9;1;1;1
250584719531;250584719663;132;9;1;1;1
250584719663;250584719783;120;9;1;1;1
250584719783;250584719876;93;9;1;1;1
250584719876;250584719984;108;9;1;1;1
250584719984;250584720107;123;9;1;1;1
250584720107;250584721301;1194;9;1;1;1
250584721301;250584721456;155;9;1;1;1
250584721456;250584722017;561;9;1;1;1
250584722017;250584722097;80;9;1;1;1
250584722097;250584722134;37;9;1;1;1
250584722134;250584722689;555;9;1;1;1
250584722689;250584722751;62;9;1;1;1
250584722751;250584722917;166;9;1;1;1
250584722917;250584722973;56;9;1;1;1
250584722973;250584723344;371;9;1;1;1
250584723344;250584723653;309;9;1;1;1
250584723653;250584723738;85;9;1;1;1
250584723738;250584723800;62;9;1;1;1
250584723800;250584723961;161;9;1;1;1
250584723961;250584724235;274;9;1;1;1
250584724235;250584724393;158;9;1;1;1
250584724393;250584724419;26;9;1;1;1
250584724419;250584724452;33;9;1;1;1
250584724452;250584724664;212;9;1;1;1
250584724664;250584725134;470;9;1;1;1
250584725134;250584725166;32;9;1;1;1
250584725166;250584725388;222;9;1;1;1
250584725388;250584725520;132;9;1;1;1
250584725520;250584725625;105;9;1;1;1
250584725625;250584725752;127;9;1;1;1
250584725752;250584725855;103;9;1;1;1
250584725855;250584725981;126;9;1;1;1
250584725981;250584726009;28;9;1;1;1
250584726009;250584726050;41;9;1;1;1
250584726050;250584726051;1;9;1;1;1
250584726051;250584726137;86;9;1;1;1
250584726137;250584726192;55;9;1;1;1
250584726192;250584726248;56;9;1;1;1
250584726248;250584726377;129;9;1;1;1
250584726377;250584726579;202;9;1;1;1
250584726579;250584726684;105;9;1;1;1
250584726684;250584726922;238;9;1;1;1
250584726922;250584727203;281;9;1;1;1
250584727203;250584727223;20;9;1;1;1
250584727223;250584727522;299;9;1;1;1
250584727522;250584727691;169;9;1;1;1
250584727691;250584727864;173;9;1;1;1
250584727864;250584727920;56;9;1;1;1
250584727920;250584728360;440;9;1;1;1
250584728360;250584728527;167;9;1;1;1
250584728527;250584728581;54;9;1;1;1
250584728581;250584728626;45;9;1;1;1
250584728626;250584728690;64;9;1;1;1
250584728690;250584728705;15;9;1;1;1
250584728705;250584728732;27;9;1;1;1
250584728732;250584728775;43;9;1;1;1
250584728775;250584728780;5;9;1;1;1
250584728780;250584728833;53;9;1;1;1
250584728833;250584728845;12;9;1;1;1
250584728845;250584728914;69;9;1;1;1
250584728914;250584728984;70;9;1;1;1
250584728984;250584729034;50;9;1;1;1
250584729034;250584729053;19;9;1;1;1
250584729053;250584729069;16;9;1;1;1
250584729069;250584729551;482;9;1;1;1
250584729551;250584729701;150;9;1;1;1
250584729701;250584729911;210;9;1;1;1
250584729911;250584730085;174;9;1;1;1
250584730085;250584730146;61;9;1;1;1
250584730146;250584730335;189;9;1;1;1
250584730335;250584730523;188;9;1;1;1
250584730523;250584730905;382;9;1;1;1
250584730905;250584731415;510;9;1;1;1
250584731415;250584731804;389;9;1;1;1
250584731804;250584731960;156;9;1;1;1
250584731960;250584732510;550;9;1;1;1
250584732510;250584732535;25;9;1;1;1
250584732535;250584732624;89;9;1;1;1
250584732624;250584733005;381;9;1;1;1
250584733005;250584733096;91;9;1;1;1
250584733096;250584733166;70;9;1;1;1
250584733166;250584733287;121;9;1;1;1
250584733287;250584734112;825;9;1;1;1
250584734112;250584734259;147;9;1;1;1
250584734259;250584734833;574;9;1;1;1
250584734833;250584735185;352;9;1;1;1
250584735185;250584735910;725;9;1;1;1
250584735910;250584737372;1462;9;1;1;1
250584737372;250584737396;24;9;1;1;1
250584737396;250584737932;536;9;1;1;1
250584737932;250584738167;235;9;1;1;1
250584738167;250584739898;1731;9;1;1;1
250584739898;250584739999;101;9;1;1;1
250584739999;250584740220;221;9;1;1;1
250584740220;250584740424;204;9;1;1;1
250584740424;250584740519;95;9;1;1;1
250584740519;250584741362;843;9;1;1;1
250584741362;250584742089;727;9;1;1;1
250584742089;250584742136;47;9;1;1;1
250584742136;250584742255;119;9;1;1;1
250584742255;250584742499;244;9;1;1;1
250584742499;250584742639;140;9;1;1;1
250584742639;250584742760;121;9;1;1;1
250584742760;250584742784;24;9;1;1;1
250584742784;250584742830;46;9;1;1;1
250584742830;250584743080;250;9;1;1;1
250584743080;250584743131;51;9;1;1;1
250584743131;250584743191;60;9;1;1;1
250584743191;250584743332;141;9;1;1;1
250584743332;250584743664;332;9;1;1;1
250584743664;250584743756;92;9;1;1;1
250584743756;250584743907;151;9;1;1;1
250584743907;250584744032;125;9;1;1;1
250584744032;250584744066;34;9;1;1;1
250584744066;250584744131;65;9;1;1;1
250584744131;250584746011;1880;9;1;1;1
250584746011;250584746093;82;9;1;1;1
250584746093;250584746502;409;9;1;1;1
250584746502;250584746616;114;9;1;1;1
250584746616;250584746658;42;9;1;1;1
250584746658;250584746867;209;9;1;1;1
250584746867;250584749444;2577;9;1;1;1
250584749444;250584749711;267;9;1;1;1
250584749711;250584750016;305;9;1;1;1
250584750016;250584750022;6;9;1;1;1
250584750022;250584750150;128;9;1;1;1
250584750150;250584750183;33;9;1;1;1
250584750183;250584750257;74;9;1;1;1
250584750257;250584750536;279;9;1;1;1
250584750536;250584750546;10;9;1;1;1
250584750546;250584750697;151;9;1;1;1
250584750697;250584750926;229;9;1;1;1
250584750926;250584750965;39;9;1;1;1
250584750965;250584752658;1693;9;1;1;1
250584752658;250584752673;15;9;1;1;1
250584752673;250584752713;40;9;1;1;1
250584752713;250584752750;37;9;1;1;1
250584752750;250584753056;306;9;1;1;1
250584753056;250584753780;724;9;1;1;1
250584753780;250584754675;895;9;1;1;1
250584754675;250584754962;287;9;1;1;1
250584754962;250584754984;22;9;1;1;1
250584754984;250584755181;197;9;1;1;1
250584755181;250584756135;954;9;1;1;1
250584756135;250584756190;55;9;1;1;1
250584756190;250584756408;218;9;1;1;1
250584756408;250584756671;263;9;1;1;1
250584756671;250584759425;2754;9;1;1;1
250584759425;250584760421;996;9;1;1;1
250584760421;250584763186;2765;9;1;1;1
250584763186;250584763239;53;9;1;1;1
250584763239;250584763267;28;9;1;1;1
250584763267;250584763684;417;9;1;1;1
250584763684;250584764071;387;9;1;1;1
250584764071;250584765773;1702;9;1;1;1
250584765773;250584766049;276;9;1;1;1
250584766049;250584766732;683;9;1;1;1
250584766732;250584767002;270;9;1;1;1
250584767002;250584769115;2113;9;1;1;1
250584769115;250584769237;122;9;1;1;1
250584769237;250584769685;448;9;1;1;1
250584769685;250584770104;419;9;1;1;1
250584770104;250584770153;49;9;1;1;1
250584770153;250584772854;2701;9;1;1;1
250584772854;250584773508;654;9;1;1;1
250584773508;250584773870;362;9;1;1;1
250584773870;250584774078;208;9;1;1;1
250584774078;250584776183;2105;9;1;1;1
250584776183;250584776239;56;9;1;1;1
250584776239;250584776268;29;9;1;1;1
250584776268;250584776879;611;9;1;1;1
250584776879;250584777462;583;9;1;1;1
250584777462;250584777674;212;9;1;1;1
250584777674;250584777767;93;9;1;1;1
250584777767;250584777872;105;9;1;1;1
250584777872;250584778014;142;9;1;1;1
250584778014;250584778247;233;9;1;1;1
250584778247;250584778336;89;9;1;1;1
250584778336;250584778619;283;9;1;1;1
250584778619;250584778776;157;9;1;1;1
250584778776;250584778818;42;9;1;1;1
250584778818;250584778925;107;9;1;1;1
250584778925;250584778987;62;9;1;1;1
250584778987;250584779448;461;9;1;1;1
250584779448;250584779458;10;9;1;1;1
250584779458;250584779490;32;9;1;1;1
250584779490;250584779535;45;9;1;1;1
250584779535;250584779743;208;9;1;1;1
250584779743;250584780165;422;9;1;1;1
250584780165;250584780223;58;9;1;1;1
250584780223;250584780247;24;9;1;1;1
250584780247;250584780262;15;9;1;1;1
250584780262;250584780790;528;9;1;1;1
250584780790;250584781238;448;9;1;1;1
250584781238;250584781287;49;9;1;1;1
250584781287;250584781385;98;9;1;1;1
250584781385;250584781497;112;9;1;1;1
250584781497;250584782015;518;9;1;1;1
250584782015;250584782236;221;9;1;1;1
250584782236;250584782504;268;9;1;1;1
250584782504;250584782619;115;9;1;1;1
250584782619;250584782807;188;9;1;1;1
250584782807;250584783288;481;9;1;1;1
250584783288;250584783305;17;9;1;1;1
250584783305;250584783482;177;9;1;1;1
250584783482;250584783512;30;9;1;1;1
250584783512;250584783562;50;9;1;1;1
250584783562;250584783570;8;9;1;1;1
250584783570;250584783662;92;9;1;1;1
250584783662;250584783767;105;9;1;1;1
250584783767;250584783889;122;9;1;1;1
250584783889;250584783990;101;9;1;1;1
250584783990;250584784263;273;9;1;1;1
250584784263;250584785693;1430;9;1;1;1
250584785693;250584786276;583;9;1;1;1
250584786276;250584787370;1094;9;1;1;1
250584787370;250584787614;244;9;1;1;1
250584787614;250584787801;187;9;1;1;1
250584787801;250584788042;241;9;1;1;1
250584788042;250584789162;1120;9;1;1;1
250584789162;250584789304;142;9;1;1;1
250584789304;250584790533;1229;9;1;1;1
250584790533;250584791153;620;9;1;1;1
250584791153;250584792266;1113;9;1;1;1
250584792266;250584792432;166;9;1;1;1
250584792432;250584792590;158;9;1;1;1
250584792590;250584793683;1093;9;1;1;1
250584793683;250584793793;110;9;1;1;1
250584793793;250584795104;1311;9;1;1;1
250584795104;250584796269;1165;9;1;1;1
250584796269;250584796685;416;9;1;1;1
250584796685;250584797301;616;9;1;1;1
250584797301;250584797326;25;9;1;1;1
250584797326;250584798224;898;9;1;1;1
250584798224;250584798298;74;9;1;1;1
250584798298;250584798372;74;9;1;1;1
250584798372;250584799103;731;9;1;1;1
250584799103;250584799710;607;9;1;1;1
250584799710;250584799914;204;9;1;1;1
250584799914;250584799952;38;9;1;1;1
250584799952;250584803484;3532;9;1;1;1
250584803484;250584804866;1382;9;1;1;1
250584804866;250584805117;251;9;1;1;1
250584805117;250584808447;3330;9;1;1;1
250584808447;250584808960;513;9;1;1;1
250584808960;250584809828;868;9;1;1;1
250584809828;250584810312;484;9;1;1;1
250584810312;250584810319;7;9;1;1;1
250584810319;250584810565;246;9;1;1;1
250584810565;250584810618;53;9;1;1;1
250584810618;250584810650;32;9;1;1;1
250584810650;250584810764;114;9;1;1;1
250584810764;250584810960;196;9;1;1;1
250584810960;250584811636;676;9;1;1;1
250584811636;250584811819;183;9;1;1;1
250584811819;250584811849;30;9;1;1;1
250584811849;250584813870;2021;9;1;1;1
250584813870;250584814116;246;9;1;1;1
250584814116;250584814520;404;9;1;1;1
250584814520;250584814572;52;9;1;1;1
250584814572;250584815817;1245;9;1;1;1
250584815817;250584816204;387;9;1;1;1
250584816204;250584816405;201;9;1;1;1
250584816405;250584817008;603;9;1;1;1
250584817008;250584817312;304;9;1;1;1
250584817312;250584817352;40;9;1;1;1
250584817352;250584818071;719;9;1;1;1
250584818071;250584818108;37;9;1;1;1
250584818108;250584818180;72;9;1;1;1
250584818180;250584818361;181;9;1;1;1
250584818361;250584820606;2245;9;1;1;1
250584820606;250584820924;318;9;1;1;1
250584820924;250584824224;3300;9;1;1;1
250584824224;250584824966;742;9;1;1;1
250584824966;250584825012;46;9;1;1;1
250584825012;250584825312;300;9;1;1;1
250584825312;250584825382;70;9;1;1;1
250584825382;250584825430;48;9;1;1;1
250584825430;250584825876;446;9;1;1;1
250584825876;250584826311;435;9;1;1;1
250584826311;250584826355;44;9;1;1;1
250584826355;250584826361;6;9;1;1;1
250584826361;250584827376;1015;9;1;1;1
250584827376;250584827488;112;9;1;1;1
250584827488;250584828277;789;9;1;1;1
250584828277;250584829722;1445;9;1;1;1
250584829722;250584830230;508;9;1;1;1
250584830230;250584830400;170;9;1;1;1
250584830400;250584830700;300;9;1;1;1
250584830700;250584830940;240;9;1;1;1
250584830940;250584831707;767;9;1;1;1
250584831707;250584831728;21;9;1;1;1
250584831728;250584831763;35;9;1;1;1
250584831763;250584831818;55;9;1;1;1
250584831818;250584835482;3664;9;1;1;1
250584835482;250584835805;323;9;1;1;1
250584835805;250584836157;352;9;1;1;1
250584836157;250584836188;31;9;1;1;1
250584836188;250584836497;309;9;1;1;1
250584836497;250584836585;88;9;1;1;1
250584836585;250584836963;378;9;1;1;1
250584836963;250584837001;38;9;1;1;1
250584837001;250584837116;115;9;1;1;1
250584837116;250584837392;276;9;1;1;1
250584837392;250584837550;158;9;1;1;1
250584837550;250584838307;757;9;1;1;1
250584838307;250584838521;214;9;1;1;1
250584838521;250584838574;53;9;1;1;1
250584838574;250584838615;41;9;1;1;1
250584838615;250584838782;167;9;1;1;1
250584838782;250584838814;32;9;1;1;1
250584838814;250584839005;191;9;1;1;1
250584839005;250584839200;195;9;1;1;1
250584839200;250584839268;68;9;1;1;1
250584839268;250584839375;107;9;1;1;1
250584839375;250584840095;720;9;1;1;1
250584840095;250584841058;963;9;1;1;1
250584841058;250584841187;129;9;1;1;1
250584841187;250584841621;434;9;1;1;1
250584841621;250584841656;35;9;1;1;1
250584841656;250584841696;40;9;1;1;1
250584841696;250584841790;94;9;1;1;1
250584841790;250584841963;173;9;1;1;1
250584841963;250584841997;34;9;1;1;1
250584841997;250584842057;60;9;1;1;1
250584842057;250584842188;131;9;1;1;1
250584842188;250584842475;287;9;1;1;1
250584842475;250584842795;320;9;1;1;1
250584842795;250584842906;111;9;1;1;1
250584842906;250584843002;96;9;1;1;1
250584843002;250584843542;540;9;1;1;1
250584843542;250584843592;50;9;1;1;1
250584843592;250584843828;236;9;1;1;1
250584843828;250584843852;24;9;1;1;1
250584843852;250584843864;12;9;1;1;1
250584843864;250584844074;210;9;1;1;1
250584844074;250584844150;76;9;1;1;1
250584844150;250584844228;78;9;1;1;1
250584844228;250584844266;38;9;1;1;1
250584844266;250584844348;82;9;1;1;1
250584844348;250584844368;20;9;1;1;1
250584844368;250584844761;393;9;1;1;1
250584844761;250584845179;418;9;1;1;1
250584845179;250584845270;91;9;1;1;1
250584845270;250584845305;35;9;1;1;1
250584845305;250584845317;12;9;1;1;1
250584845317;250584846740;1423;9;1;1;1
250584846740;250584847134;394;9;1;1;1
250584847134;250584847619;485;9;1;1;1
250584847619;250584847633;14;9;1;1;1
250584847633;250584848810;1177;9;1;1;1
250584848810;250584849343;533;9;1;1;1
250584849343;250584849969;626;9;1;1;1
250584849969;250584850175;206;9;1;1;1
250584850175;250584850554;379;9;1;1;1
250584850554;250584851058;504;9;1;1;1
250584851058;250584851181;123;9;1;1;1
250584851181;250584853238;2057;9;1;1;1
250584853238;250584853609;371;9;1;1;1
250584853609;250584854364;755;9;1;1;1
250584854364;250584854872;508;9;1;1;1
250584854872;250584855328;456;9;1;1;1
250584855328;250584855458;130;9;1;1;1
250584855458;250584856101;643;9;1;1;1
250584856101;250584856269;168;9;1;1;1
250584856269;250584856376;107;9;1;1;1
250584856376;250584856788;412;9;1;1;1
250584856788;250584857075;287;9;1;1;1
250584857075;250584857180;105;9;1;1;1
250584857180;250584857286;106;9;1;1;1
250584857286;250584858159;873;9;1;1;1
250584858159;250584858372;213;9;1;1;1
250584858372;250584858781;409;9;1;1;1
250584858781;250584858979;198;9;1;1;1
250584858979;250584859169;190;9;1;1;1
250584859169;250584859355;186;9;1;1;1
250584859355;250584859523;168;9;1;1;1
250584859523;250584859745;222;9;1;1;1
250584859745;250584860374;629;9;1;1;1
250584860374;250584860768;394;9;1;1;1
250584860768;250584860892;124;9;1;1;1
250584860892;250584861304;412;9;1;1;1
250584861304;250584861457;153;9;1;1;1
250584861457;250584863493;2036;9;1;1;1
250584863493;250584863670;177;9;1;1;1
250584863670;250584864288;618;9;1;1;1
250584864288;250584865290;1002;9;1;1;1
250584865290;250584865779;489;9;1;1;1
250584865779;250584866068;289;9;1;1;1
250584866068;250584867068;1000;9;1;1;1
250584867068;250584867638;570;9;1;1;1
250584867638;250584868635;997;9;1;1;1
250584868635;250584868734;99;9;1;1;1
250584868734;250584868857;123;9;1;1;1
250584868857;250584868996;139;9;1;1;1
250584868996;250584869098;102;9;1;1;1
250584869098;250584869977;879;9;1;1;1
250584869977;250584870244;267;9;1;1;1
250584870244;250584870769;525;9;1;1;1
250584870769;250584871419;650;9;1;1;1
250584871419;250584872250;831;9;1;1;1
250584872250;250584872625;375;9;1;1;1
250584872625;250584872831;206;9;1;1;1
250584872831;250584872874;43;9;1;1;1
250584872874;250584873070;196;9;1;1;1
250584873070;250584873085;15;9;1;1;1
250584873085;250584873109;24;9;1;1;1
250584873109;250584873143;34;9;1;1;1
250584873143;250584873170;27;9;1;1;1
250584873170;250584873227;57;9;1;1;1
250584873227;250584874633;1406;9;1;1;1
250584874633;250584875338;705;9;1;1;1
250584875338;250584876073;735;9;1;1;1
250584876073;250584877212;1139;9;1;1;1
250584877212;250584877312;100;9;1;1;1
250584877312;250584877423;111;9;1;1;1
250584877423;250584877967;544;9;1;1;1
250584877967;250584878454;487;9;1;1;1
250584878454;250584878487;33;9;1;1;1
250584878487;250584878842;355;9;1;1;1
250584878842;250584880711;1869;9;1;1;1
250584880711;250584881016;305;9;1;1;1
250584881016;250584881303;287;9;1;1;1
250584881303;250584881450;147;9;1;1;1
250584881450;250584881555;105;9;1;1;1
250584881555;250584883000;1445;9;1;1;1
250584883000;250584883320;320;9;1;1;1
250584883320;250584883416;96;9;1;1;1
250584883416;250584883777;361;9;1;1;1
250584883777;250584887171;3394;9;1;1;1
250584887171;250584888665;1494;9;1;1;1
250584888665;250584889205;540;9;1;1;1
250584889205;250584889332;127;9;1;1;1
250584889332;250584892075;2743;9;1;1;1
250584892075;250584892435;360;9;1;1;1
250584892435;250584892775;340;9;1;1;1
250584892775;250584892836;61;9;1;1;1
250584892836;250584893309;473;9;1;1;1
250584893309;250584893424;115;9;1;1;1
250584893424;250584893437;13;9;1;1;1
250584893437;250584893544;107;9;1;1;1
250584893544;250584894209;665;9;1;1;1
250584894209;250584895067;858;9;1;1;1
250584895067;250584895775;708;9;1;1;1
250584895775;250584896354;579;9;1;1;1
250584896354;250584897395;1041;9;1;1;1
250584897395;250584897558;163;9;1;1;1
250584897558;250584897995;437;9;1;1;1
250584897995;250584898336;341;9;1;1;1
250584898336;250584898436;100;9;1;1;1
250584898436;250584898591;155;9;1;1;1
250584898591;250584898808;217;9;1;1;1
250584898808;250584899214;406;9;1;1;1
250584899214;250584900204;990;9;1;1;1
250584900204;250584900309;105;9;1;1;1
250584900309;250584900420;111;9;1;1;1
250584900420;250584900651;231;9;1;1;1
250584900651;250584900925;274;9;1;1;1
250584900925;250584901418;493;9;1;1;1
250584901418;250584901543;125;9;1;1;1
250584901543;250584901653;110;9;1;1;1
250584901653;250584901731;78;9;1;1;1
250584901731;250584901900;169;9;1;1;1
250584901900;250584902909;1009;9;1;1;1
250584902909;250584903922;1013;9;1;1;1
250584903922;250584904109;187;9;1;1;1
250584904109;250584904987;878;9;1;1;1
250584904987;250584905045;58;9;1;1;1
250584905045;250584905710;665;9;1;1;1
250584905710;250584905748;38;9;1;1;1
250584905748;250584905783;35;9;1;1;1
250584905783;250584905845;62;9;1;1;1
250584905845;250584907229;1384;9;1;1;1
250584907229;250584907267;38;9;1;1;1
250584907267;250584907320;53;9;1;1;1
250584907320;250584907419;99;9;1;1;1
250584907419;250584907802;383;9;1;1;1
250584907802;250584907805;3;9;1;1;1
250584907805;250584907832;27;9;1;1;1
250584907832;250584907855;23;9;1;1;1
250584907855;250584907888;33;9;1;1;1
250584907888;250584907921;33;9;1;1;1
250584907921;250584908025;104;9;1;1;1
250584908025;250584908050;25;9;1;1;1
250584908050;250584908171;121;9;1;1;1
250584908171;250584908643;472;9;1;1;1
250584908643;250584909575;932;9;1;1;1
250584909575;250584909802;227;9;1;1;1
250584909802;250584911095;1293;9;1;1;1
250584911095;250584911142;47;9;1;1;1
250584911142;250584912387;1245;9;1;1;1
250584912387;250584912526;139;9;1;1;1
250584912526;250584912793;267;9;1;1;1
250584912793;250584912813;20;9;1;1;1
250584912813;250584912999;186;9;1;1;1
250584912999;250584913131;132;9;1;1;1
250584913131;250584913316;185;9;1;1;1
250584913316;250584913830;514;9;1;1;1
250584913830;250584914266;436;9;1;1;1
250584914266;250584914478;212;9;1;1;1
250584914478;250584914485;7;9;1;1;1
250584914485;250584915286;801;9;1;1;1
250584915286;250584915459;173;9;1;1;1
250584915459;250584915558;99;9;1;1;1
250584915558;250584915656;98;9;1;1;1
250584915656;250584916030;374;9;1;1;1
250584916030;250584916387;357;9;1;1;1
250584916387;250584916791;404;9;1;1;1
250584916791;250584916799;8;9;1;1;1
250584916799;250584916810;11;9;1;1;1
250584916810;250584916890;80;9;1;1;1
250584916890;250584916891;1;9;1;1;1
250584916891;250584917099;208;9;1;1;1
250584917099;250584917133;34;9;1;1;1
250584917133;250584918013;880;9;1;1;1
250584918013;250584918215;202;9;1;1;1
250584918215;250584918357;142;9;1;1;1
250584918357;250584918530;173;9;1;1;1
250584918530;250584919412;882;9;1;1;1
250584919412;250584919583;171;9;1;1;1
250584919583;250584919739;156;9;1;1;1
250584919739;250584919855;116;9;1;1;1
250584919855;250584919983;128;9;1;1;1
250584919983;250584920081;98;9;1;1;1
250584920081;250584920116;35;9;1;1;1
250584920116;250584920151;35;9;1;1;1
250584920151;250584920786;635;9;1;1;1
250584920786;250584920931;145;9;1;1;1
250584920931;250584920985;54;9;1;1;1
250584920985;250584921008;23;9;1;1;1
250584921008;250584921401;393;9;1;1;1
250584921401;250584922492;1091;9;1;1;1
250584922492;250584922987;495;9;1;1;1
250584922987;250584923065;78;9;1;1;1
250584923065;250584923755;690;9;1;1;1
250584923755;250584923799;44;9;1;1;1
250584923799;250584923860;61;9;1;1;1
250584923860;250584923940;80;9;1;1;1
250584923940;250584924012;72;9;1;1;1
250584924012;250584924255;243;9;1;1;1
250584924255;250584924316;61;9;1;1;1
250584924316;250584924455;139;9;1;1;1
250584924455;250584924623;168;9;1;1;1
250584924623;250584925094;471;9;1;1;1
250584925094;250584925247;153;9;1;1;1
250584925247;250584925321;74;9;1;1;1
250584925321;250584925420;99;9;1;1;1
250584925420;250584926007;587;9;1;1;1
250584926007;250584926587;580;9;1;1;1
250584926587;250584926752;165;9;1;1;1
250584926752;250584926782;30;9;1;1;1
250584926782;250584927090;308;9;1;1;1
250584927090;250584927546;456;9;1;1;1
250584927546;250584927941;395;9;1;1;1
250584927941;250584928111;170;9;1;1;1
250584928111;250584928349;238;9;1;1;1
250584928349;250584928658;309;9;1;1;1
250584928658;250584928843;185;9;1;1;1
250584928843;250584929133;290;9;1;1;1
250584929133;250584929226;93;9;1;1;1
250584929226;250584929466;240;9;1;1;1
250584929466;250584930003;537;9;1;1;1
250584930003;250584931697;1694;9;1;1;1
250584931697;250584932821;1124;9;1;1;1
250584932821;250584933025;204;9;1;1;1
250584933025;250584933940;915;9;1;1;1
250584933940;250584934063;123;9;1;1;1
250584934063;250584934202;139;9;1;1;1
250584934202;250584935141;939;9;1;1;1
250584935141;250584935865;724;9;1;1;1
250584935865;250584936085;220;9;1;1;1
250584936085;250584936087;2;9;1;1;1
250584936087;250584936287;200;9;1;1;1
250584936287;250584936389;102;9;1;1;1
250584936389;250584936439;50;9;1;1;1
250584936439;250584936761;322;9;1;1;1
250584936761;250584936880;119;9;1;1;1
250584936880;250584937556;676;9;1;1;1
250584937556;250584938291;735;9;1;1;1
250584938291;250584939333;1042;9;1;1;1
250584939333;250584940085;752;9;1;1;1
250584940085;250584940330;245;9;1;1;1
250584940330;250584940502;172;9;1;1;1
250584940502;250584940910;408;9;1;1;1
250584940910;250584941287;377;9;1;1;1
250584941287;250584941553;266;9;1;1;1
250584941553;250584942081;528;9;1;1;1
250584942081;250584942242;161;9;1;1;1
250584942242;250584942919;677;9;1;1;1
250584942919;250584943124;205;9;1;1;1
250584943124;250584943292;168;9;1;1;1
250584943292;250584943440;148;9;1;1;1
250584943440;250584943637;197;9;1;1;1
250584943637;250584943685;48;9;1;1;1
250584943685;250584943790;105;9;1;1;1
250584943790;250584943966;176;9;1;1;1
250584943966;250584944111;145;9;1;1;1
250584944111;250584944204;93;9;1;1;1
250584944204;250584944340;136;9;1;1;1
250584944340;250584944509;169;9;1;1;1
250584944509;250584944699;190;9;1;1;1
250584944699;250584944730;31;9;1;1;1
250584944730;250584944789;59;9;1;1;1
250584944789;250584945103;314;9;1;1;1
250584945103;250584945323;220;9;1;1;1
250584945323;250584945346;23;9;1;1;1
250584945346;250584945388;42;9;1;1;1
250584945388;250584945486;98;9;1;1;1
250584945486;250584945539;53;9;1;1;1
250584945539;250584946181;642;9;1;1;1
250584946181;250584946698;517;9;1;1;1
250584946698;250584947267;569;9;1;1;1
250584947267;250584947827;560;9;1;1;1
250584947827;250584948281;454;9;1;1;1
250584948281;250584948471;190;9;1;1;1
250584948471;250584948529;58;9;1;1;1
250584948529;250584948607;78;9;1;1;1
250584948607;250584948890;283;9;1;1;1
250584948890;250584949274;384;9;1;1;1
250584949274;250584949336;62;9;1;1;1
250584949336;250584950684;1348;9;1;1;1
250584950684;250584951154;470;9;1;1;1
250584951154;250584951832;678;9;1;1;1
250584951832;250584952139;307;9;1;1;1
250584952139;250584952147;8;9;1;1;1
250584952147;250584953790;1643;9;1;1;1
250584953790;250584953843;53;9;1;1;1
250584953843;250584954048;205;9;1;1;1
250584954048;250584954063;15;9;1;1;1
250584954063;250584954160;97;9;1;1;1
250584954160;250584954788;628;9;1;1;1
250584954788;250584955035;247;9;1;1;1
250584955035;250584955569;534;9;1;1;1
250584955569;250584955677;108;9;1;1;1
250584955677;250584955926;249;9;1;1;1
250584955926;250584955969;43;9;1;1;1
250584955969;250584956087;118;9;1;1;1
250584956087;250584956928;841;9;1;1;1
250584956928;250584957160;232;9;1;1;1
250584957160;250584957296;136;9;1;1;1
250584957296;250584957417;121;9;1;1;1
250584957417;250584957613;196;9;1;1;1
250584957613;250584957656;43;9;1;1;1
250584957656;250584957734;78;9;1;1;1
250584957734;250584958690;956;9;1;1;1
250584958690;250584958846;156;9;1;1;1
250584958846;250584958976;130;9;1;1;1
250584958976;250584959116;140;9;1;1;1
250584959116;250584959128;12;9;1;1;1
250584959128;250584959259;131;9;1;1;1
250584959259;250584959338;79;9;1;1;1
250584959338;250584959453;115;9;1;1;1
250584959453;250584959560;107;9;1;1;1
250584959560;250584959681;121;9;1;1;1
250584959681;250584959885;204;9;1;1;1
250584959885;250584959990;105;9;1;1;1
250584959990;250584960087;97;9;1;1;1
250584960087;250584960476;389;9;1;1;1
250584960476;250584960484;8;9;1;1;1
250584960484;250584960881;397;9;1;1;1
250584960881;250584961047;166;9;1;1;1
250584961047;250584961071;24;9;1;1;1
250584961071;250584961347;276;9;1;1;1
250584961347;250584961415;68;9;1;1;1
250584961415;250584961715;300;9;1;1;1
250584961715;250584961758;43;9;1;1;1
250584961758;250584961822;64;9;1;1;1
250584961822;250584962010;188;9;1;1;1
250584962010;250584962046;36;9;1;1;1
250584962046;250584962276;230;9;1;1;1
250584962276;250584962375;99;9;1;1;1
250584962375;250584962426;51;9;1;1;1
250584962426;250584962506;80;9;1;1;1
250584962506;250584962839;333;9;1;1;1
250584962839;250584963032;193;9;1;1;1
250584963032;250584963104;72;9;1;1;1
250584963104;250584963240;136;9;1;1;1
250584963240;250584963377;137;9;1;1;1
250584963377;250584963534;157;9;1;1;1
250584963534;250584963836;302;9;1;1;1
250584963836;250584963991;155;9;1;1;1
250584963991;250584964181;190;9;1;1;1
250584964181;250584964397;216;9;1;1;1
250584964397;250584964412;15;9;1;1;1
250584964412;250584964658;246;9;1;1;1
250584964658;250584964758;100;9;1;1;1
250584964758;250584964830;72;9;1;1;1
250584964830;250584965111;281;9;1;1;1
250584965111;250584965208;97;9;1;1;1
250584965208;250584965351;143;9;1;1;1
250584965351;250584965427;76;9;1;1;1
250584965427;250584965592;165;9;1;1;1
250584965592;250584965690;98;9;1;1;1
250584965690;250584965789;99;9;1;1;1
250584965789;250584966023;234;9;1;1;1
250584966023;250584966352;329;9;1;1;1
250584966352;250584966854;502;9;1;1;1
250584966854;250584966934;80;9;1;1;1
250584966934;250584966959;25;9;1;1;1
250584966959;250584967139;180;9;1;1;1
250584967139;250584967141;2;9;1;1;1
250584967141;250584967247;106;9;1;1;1
250584967247;250584967290;43;9;1;1;1
250584967290;250584967316;26;9;1;1;1
250584967316;250584967436;120;9;1;1;1
250584967436;250584967544;108;9;1;1;1
250584967544;250584967626;82;9;1;1;1
250584967626;250584967656;30;9;1;1;1
250584967656;250584968081;425;9;1;1;1
250584968081;250584968201;120;9;1;1;1
250584968201;250584968309;108;9;1;1;1
250584968309;250584968410;101;9;1;1;1
250584968410;250584968461;51;9;1;1;1
250584968461;250584968543;82;9;1;1;1
250584968543;250584968770;227;9;1;1;1
250584968770;250584968778;8;9;1;1;1
250584968778;250584969013;235;9;1;1;1
250584969013;250584969206;193;9;1;1;1
250584969206;250584969231;25;9;1;1;1
250584969231;250584969491;260;9;1;1;1
250584969491;250584969951;460;9;1;1;1
250584969951;250584970055;104;9;1;1;1
250584970055;250584970570;515;9;1;1;1
250584970570;250584970641;71;9;1;1;1
250584970641;250584971515;874;9;1;1;1
250584971515;250584971637;122;9;1;1;1
250584971637;250584971748;111;9;1;1;1
250584971748;250584971870;122;9;1;1;1
250584971870;250584971971;101;9;1;1;1
250584971971;250584972206;235;9;1;1;1
250584972206;250584972676;470;9;1;1;1
250584972676;250584974048;1372;9;1;1;1
250584974048;250584975058;1010;9;1;1;1
250584975058;250584977071;2013;9;1;1;1
250584977071;250584977194;123;9;1;1;1
250584977194;250584977463;269;9;1;1;1
250584977463;250584977600;137;9;1;1;1
250584977600;250584977952;352;9;1;1;1
250584977952;250584978605;653;9;1;1;1
250584978605;250584978617;12;9;1;1;1
250584978617;250584979239;622;9;1;1;1
250584979239;250584979476;237;9;1;1;1
250584979476;250584979589;113;9;1;1;1
250584979589;250584979803;214;9;1;1;1
250584979803;250584980019;216;9;1;1;1
250584980019;250584980309;290;9;1;1;1
250584980309;250584981050;741;9;1;1;1
250584981050;250584981148;98;9;1;1;1
250584981148;250584982196;1048;9;1;1;1
250584982196;250584982308;112;9;1;1;1
250584982308;250584982936;628;9;1;1;1
250584982936;250584983799;863;9;1;1;1
250584983799;250584984358;559;9;1;1;1
250584984358;250584984701;343;9;1;1;1
250584984701;250584984800;99;9;1;1;1
250584984800;250584984971;171;9;1;1;1
250584984971;250584985083;112;9;1;1;1
250584985083;250584986818;1735;9;1;1;1
250584986818;250584987075;257;9;1;1;1
250584987075;250584987186;111;9;1;1;1
250584987186;250584987314;128;9;1;1;1
250584987314;250584987447;133;9;1;1;1
250584987447;250584987793;346;9;1;1;1
250584987793;250584988182;389;9;1;1;1
250584988182;250584988398;216;9;1;1;1
250584988398;250584988964;566;9;1;1;1
250584988964;250584989083;119;9;1;1;1
250584989083;250584989576;493;9;1;1;1
250584989576;250584989813;237;9;1;1;1
250584989813;250584991662;1849;9;1;1;1
250584991662;250584993378;1716;9;1;1;1
250584993378;250584995365;1987;9;1;1;1
250584995365;250584995464;99;9;1;1;1
250584995464;250584995598;134;9;1;1;1
250584995598;250584996650;1052;9;1;1;1
250584996650;250584996661;11;9;1;1;1
250584996661;250584997254;593;9;1;1;1
250584997254;250584998196;942;9;1;1;1
250584998196;250584998504;308;9;1;1;1
250584998504;250584998964;460;9;1;1;1
250584998964;250584999277;313;9;1;1;1
250584999277;250584999586;309;9;1;1;1
250584999586;250584999678;92;9;1;1;1
250584999678;250585000015;337;9;1;1;1
250585000015;250585001080;1065;9;1;1;1
250585001080;250585001980;900;9;1;1;1
250585001980;250585002339;359;9;1;1;1
250585002339;250585002508;169;9;1;1;1
250585002508;250585002617;109;9;1;1;1
250585002617;250585003472;855;9;1;1;1
250585003472;250585005976;2504;9;1;1;1
250585005976;250585007563;1587;9;1;1;1
250585007563;250585007655;92;9;1;1;1
250585007655;250585007738;83;9;1;1;1
250585007738;250585007896;158;9;1;1;1
250585007896;250585007989;93;9;1;1;1
250585007989;250585008192;203;9;1;1;1
250585008192;250585008692;500;9;1;1;1
250585008692;250585009855;1163;9;1;1;1
250585009855;250585010366;511;9;1;1;1
250585010366;250585010476;110;9;1;1;1
250585010476;250585011241;765;9;1;1;1
250585011241;250585011569;328;9;1;1;1
250585011569;250585012566;997;9;1;1;1
250585012566;250585013166;600;9;1;1;1
250585013166;250585013505;339;9;1;1;1
250585013505;250585014536;1031;9;1;1;1
250585014536;250585015398;862;9;1;1;1
250585015398;250585016348;950;9;1;1;1
250585016348;250585017796;1448;9;1;1;1
250585017796;250585017893;97;9;1;1;1
250585017893;250585018280;387;9;1;1;1
250585018280;250585020006;1726;9;1;1;1
250585020006;250585020337;331;9;1;1;1
250585020337;250585021133;796;9;1;1;1
250585021133;250585021399;266;9;1;1;1
250585021399;250585021722;323;9;1;1;1
250585021722;250585022576;854;9;1;1;1
250585022576;250585022697;121;9;1;1;1
250585022697;250585024196;1499;9;1;1;1
250585024196;250585025218;1022;9;1;1;1
250585025218;250585025503;285;9;1;1;1
250585025503;250585027585;2082;9;1;1;1
250585027585;250585027963;378;9;1;1;1
250585027963;250585029866;1903;9;1;1;1
250585029866;250585031185;1319;9;1;1;1
250585031185;250585032357;1172;9;1;1;1
250585032357;250585035735;3378;9;1;1;1
250585035735;250585038671;2936;9;1;1;1
250585038671;250585040996;2325;9;1;1;1
250585040996;250585041101;105;9;1;1;1
250585041101;250585041358;257;9;1;1;1
250585041358;250585041456;98;9;1;1;1
250585041456;250585042032;576;9;1;1;1
250585042032;250585042603;571;9;1;1;1
250585042603;250585042711;108;9;1;1;1
250585042711;250585043606;895;9;1;1;1
250585043606;250585045082;1476;9;1;1;1
250585045082;250585045582;500;9;1;1;1
250585045582;250585045768;186;9;1;1;1
250585045768;250585045867;99;9;1;1;1
250585045867;250585046171;304;9;1;1;1
250585046171;250585046521;350;9;1;1;1
250585046521;250585048326;1805;9;1;1;1
250585048326;250585048594;268;9;1;1;1
250585048594;250585048765;171;9;1;1;1
250585048765;250585048785;20;9;1;1;1
250585048785;250585049107;322;9;1;1;1
250585049107;250585049680;573;9;1;1;1
250585049680;250585051107;1427;9;1;1;1
250585051107;250585053300;2193;9;1;1;1
250585053300;250585053613;313;9;1;1;1
250621599205;250621599259;54;9;1;1;1
250621599259;250621616470;17211;9;1;1;1
250621616470;250621618421;1951;9;1;1;1
250621621685;250621621936;251;9;1;1;1
250621621936;250621622032;96;9;1;1;1
250621622032;250621622698;666;9;1;1;1
250621622698;250621622914;216;9;1;1;1
250621622914;250621625438;2524;9;1;1;1
250621625438;250621625545;107;9;1;1;1
250621625545;250621628220;2675;9;1;1;1
250621628220;250621632140;3920;9;1;1;1
250621632140;250621632459;319;9;1;1;1
250621632459;250621632591;132;9;1;1;1
250621632591;250621633104;513;9;1;1;1
250621633104;250621633700;596;9;1;1;1
250621633700;250621634631;931;9;1;1;1
250621634631;250621634783;152;9;1;1;1
250621634783;250621634989;206;9;1;1;1
250621634989;250621635071;82;9;1;1;1
250621635071;250621637025;1954;9;1;1;1
250621637025;250621637188;163;9;1;1;1
250621637188;250621642246;5058;9;1;1;1
250621642246;250621643435;1189;9;1;1;1
250621643435;250621643462;27;9;1;1;1
250621643462;250621645993;2531;9;1;1;1
250621645993;250621646009;16;9;1;1;1
250621646009;250621647963;1954;9;1;1;1
250621647963;250621649258;1295;9;1;1;1
250621649258;250621650055;797;9;1;1;1
250621650055;250621652797;2742;9;1;1;1
250621652797;250621656798;4001;9;1;1;1
250621656798;250621656997;199;9;1;1;1
250621656997;250621657010;13;9;1;1;1
250621657010;250621657276;266;9;1;1;1
250621657276;250621659867;2591;9;1;1;1
250621659867;250621659970;103;9;1;1;1
250621659970;250621660062;92;9;1;1;1
250621660062;250621660994;932;9;1;1;1
250621660994;250621661100;106;9;1;1;1
250621661100;250621661160;60;9;1;1;1
250621661160;250621663405;2245;9;1;1;1
250621663405;250621663758;353;9;1;1;1
250621663758;250621663890;132;9;1;1;1
250621663890;250621664170;280;9;1;1;1
250621664170;250621664608;438;9;1;1;1
250621664608;250621665565;957;9;1;1;1
250621665565;250621665755;190;9;1;1;1
250621665755;250621667421;1666;9;1;1;1
250621667421;250621667520;99;9;1;1;1
250621667520;250621668140;620;9;1;1;1
250621668140;250621668387;247;9;1;1;1
250621668387;250621670030;1643;9;1;1;1
250621670030;250621671457;1427;9;1;1;1
250621671457;250621672318;861;9;1;1;1
250621672318;250621672349;31;9;1;1;1
250621672349;250621672904;555;9;1;1;1
250621672904;250621673062;158;9;1;1;1
250621673062;250621673154;92;9;1;1;1
250621673154;250621673779;625;9;1;1;1
250621673779;250621674459;680;9;1;1;1
250621674459;250621674863;404;9;1;1;1
250621674863;250621675081;218;9;1;1;1
250621675081;250621677184;2103;9;1;1;1
250621677184;250621677613;429;9;1;1;1
250621677613;250621679631;2018;9;1;1;1
250621679631;250621680099;468;9;1;1;1
250621680099;250621680674;575;9;1;1;1
250621680674;250621681245;571;9;1;1;1
250621681245;250621681457;212;9;1;1;1
250621681457;250621681606;149;9;1;1;1
250621681606;250621681720;114;9;1;1;1
250621681720;250621682081;361;9;1;1;1
250621682081;250621684105;2024;9;1;1;1
250621684105;250621684320;215;9;1;1;1
250621684320;250621684878;558;9;1;1;1
250621684878;250621685483;605;9;1;1;1
250621685483;250621686098;615;9;1;1;1
250621686098;250621686241;143;9;1;1;1
250621686241;250621686299;58;9;1;1;1
250621686299;250621686582;283;9;1;1;1
250621686582;250621686960;378;9;1;1;1
250621686960;250621687365;405;9;1;1;1
250621687365;250621689572;2207;9;1;1;1
250621689572;250621689871;299;9;1;1;1
250621689871;250621695926;6055;9;1;1;1
250621695926;250621696436;510;9;1;1;1
250621696436;250621697066;630;9;1;1;1
250621697066;250621697494;428;9;1;1;1
250621697494;250621698873;1379;9;1;1;1
250621698873;250621699256;383;9;1;1;1
250621699256;250621699693;437;9;1;1;1
250621699693;250621699783;90;9;1;1;1
250621699783;250621699959;176;9;1;1;1
250621699959;250621699966;7;9;1;1;1
250621699966;250621700020;54;9;1;1;1
250621700020;250621700228;208;9;1;1;1
250621700228;250621700235;7;9;1;1;1
250621700235;250621700658;423;9;1;1;1
250621700658;250621701164;506;9;1;1;1
250621701164;250621702146;982;9;1;1;1
250621702146;250621702306;160;9;1;1;1
250621702306;250621702678;372;9;1;1;1
250621702678;250621703128;450;9;1;1;1
250621703128;250621703536;408;9;1;1;1
250621703536;250621704271;735;9;1;1;1
250621704271;250621704579;308;9;1;1;1
250621704579;250621704901;322;9;1;1;1
250621704901;250621705454;553;9;1;1;1
250621705454;250621705641;187;9;1;1;1
250621705641;250621706113;472;9;1;1;1
250621706113;250621706260;147;9;1;1;1
250621706260;250621706321;61;9;1;1;1
250621706321;250621706359;38;9;1;1;1
250621706359;250621706512;153;9;1;1;1
250621706512;250621708625;2113;9;1;1;1
250621708625;250621709166;541;9;1;1;1
250621709166;250621709278;112;9;1;1;1
250621709278;250621709758;480;9;1;1;1
250621709758;250621709841;83;9;1;1;1
250621709841;250621710198;357;9;1;1;1
250621710198;250621710560;362;9;1;1;1
250621710560;250621710783;223;9;1;1;1
250621710783;250621710947;164;9;1;1;1
250621710947;250621711634;687;9;1;1;1
250621711634;250621711759;125;9;1;1;1
250621711759;250621712041;282;9;1;1;1
250621712041;250621712172;131;9;1;1;1
250621712172;250621712463;291;9;1;1;1
250621712463;250621712527;64;9;1;1;1
250621712527;250621713036;509;9;1;1;1
250621713036;250621714216;1180;9;1;1;1
250621714216;250621715368;1152;9;1;1;1
250621715368;250621715619;251;9;1;1;1
250621715619;250621716634;1015;9;1;1;1
250621716634;250621716845;211;9;1;1;1
250621716845;250621717344;499;9;1;1;1
250621717344;250621717426;82;9;1;1;1
250621717426;250621717521;95;9;1;1;1
250621717521;250621717607;86;9;1;1;1
250621717607;250621717670;63;9;1;1;1
250621717670;250621720094;2424;9;1;1;1
250621720094;250621720216;122;9;1;1;1
250621720216;250621720695;479;9;1;1;1
250621720695;250621720822;127;9;1;1;1
250621720822;250621721216;394;9;1;1;1
250621721216;250621721272;56;9;1;1;1
250621721272;250621721421;149;9;1;1;1
250621721421;250621722147;726;9;1;1;1
250621722147;250621722704;557;9;1;1;1
250621722704;250621723211;507;9;1;1;1
250621723211;250621723743;532;9;1;1;1
250621723743;250621724942;1199;9;1;1;1
250621724942;250621724995;53;9;1;1;1
250621724995;250621725133;138;9;1;1;1
250621725133;250621725406;273;9;1;1;1
250621725406;250621725510;104;9;1;1;1
250621725510;250621725692;182;9;1;1;1
250621725692;250621726074;382;9;1;1;1
250621726074;250621726238;164;9;1;1;1
250621726238;250621727241;1003;9;1;1;1
250621727241;250621728013;772;9;1;1;1
250621728013;250621728346;333;9;1;1;1
250621728346;250621728757;411;9;1;1;1
250621728757;250621728831;74;9;1;1;1
250621728831;250621729323;492;9;1;1;1
250621729323;250621729896;573;9;1;1;1
250621729896;250621729967;71;9;1;1;1
250621729967;250621730998;1031;9;1;1;1
250621730998;250621731214;216;9;1;1;1
250621731214;250621731621;407;9;1;1;1
250621731621;250621731763;142;9;1;1;1
250621731763;250621732779;1016;9;1;1;1
250621732779;250621732914;135;9;1;1;1
250621732914;250621733596;682;9;1;1;1
250621733596;250621733633;37;9;1;1;1
250621733633;250621733848;215;9;1;1;1
250621733848;250621733978;130;9;1;1;1
250621733978;250621734655;677;9;1;1;1
250621734655;250621734771;116;9;1;1;1
250621734771;250621735317;546;9;1;1;1
250621735317;250621735467;150;9;1;1;1
250621735467;250621735576;109;9;1;1;1
250621735576;250621736305;729;9;1;1;1
250621736305;250621736778;473;9;1;1;1
250621736778;250621736952;174;9;1;1;1
250621736952;250621737007;55;9;1;1;1
250621737007;250621737540;533;9;1;1;1
250621737540;250621737827;287;9;1;1;1
250621737827;250621738091;264;9;1;1;1
250621738091;250621738200;109;9;1;1;1
250621738200;250621738558;358;9;1;1;1
250621738558;250621738601;43;9;1;1;1
250621738601;250621738938;337;9;1;1;1
250621738938;250621739921;983;9;1;1;1
250621739921;250621740351;430;9;1;1;1
250621740351;250621740518;167;9;1;1;1
250621740518;250621740685;167;9;1;1;1
250621740685;250621740842;157;9;1;1;1
250621740842;250621741353;511;9;1;1;1
250621741353;250621741401;48;9;1;1;1
250621741401;250621741702;301;9;1;1;1
250621741702;250621743899;2197;9;1;1;1
250621743899;250621743980;81;9;1;1;1
250621743980;250621744045;65;9;1;1;1
250621744045;250621744295;250;9;1;1;1
250621744295;250621745600;1305;9;1;1;1
250621745600;250621745863;263;9;1;1;1
250621745863;250621745964;101;9;1;1;1
250621745964;250621746681;717;9;1;1;1
250621746681;250621746851;170;9;1;1;1
250621746851;250621746912;61;9;1;1;1
250621746912;250621746944;32;9;1;1;1
250621746944;250621747007;63;9;1;1;1
250621747007;250621747587;580;9;1;1;1
250621747587;250621748020;433;9;1;1;1
250621748020;250621748194;174;9;1;1;1
250621748194;250621748481;287;9;1;1;1
250621748481;250621748754;273;9;1;1;1
250621748754;250621749330;576;9;1;1;1
250621749330;250621749845;515;9;1;1;1
250621749845;250621750377;532;9;1;1;1
250621750377;250621750543;166;9;1;1;1
250621750543;250621750896;353;9;1;1;1
250621750896;250621751035;139;9;1;1;1
250621751035;250621751366;331;9;1;1;1
250621751366;250621751685;319;9;1;1;1
250621751685;250621752358;673;9;1;1;1
250621752358;250621752558;200;9;1;1;1
250621752558;250621752873;315;9;1;1;1
250621752873;250621753486;613;9;1;1;1
250621753486;250621754053;567;9;1;1;1
250621754053;250621754207;154;9;1;1;1
250621754207;250621754271;64;9;1;1;1
250621754271;250621754488;217;9;1;1;1
250621754488;250621755721;1233;9;1;1;1
250621755721;250621755895;174;9;1;1;1
250621755895;250621756257;362;9;1;1;1
250621756257;250621757085;828;9;1;1;1
250621757085;250621757087;2;9;1;1;1
250621757087;250621757135;48;9;1;1;1
250621757135;250621757393;258;9;1;1;1
250621757393;250621757520;127;9;1;1;1
250621757520;250621757711;191;9;1;1;1
250621757711;250621759303;1592;9;1;1;1
250621759303;250621759692;389;9;1;1;1
250621759692;250621759811;119;9;1;1;1
250621759811;250621759885;74;9;1;1;1
250621759885;250621760203;318;9;1;1;1
250621760203;250621761262;1059;9;1;1;1
250621761262;250621761953;691;9;1;1;1
250621761953;250621762110;157;9;1;1;1
250621762110;250621762306;196;9;1;1;1
250621762306;250621763408;1102;9;1;1;1
250621763408;250621763467;59;9;1;1;1
250621763467;250621763572;105;9;1;1;1
250621763572;250621764812;1240;9;1;1;1
250621764812;250621764891;79;9;1;1;1
250621764891;250621765635;744;9;1;1;1
250621765635;250621765691;56;9;1;1;1
250621765691;250621765777;86;9;1;1;1
250621765777;250621765874;97;9;1;1;1
250621765874;250621765969;95;9;1;1;1
250621765969;250621766272;303;9;1;1;1
250621766272;250621766315;43;9;1;1;1
250621766315;250621766573;258;9;1;1;1
250621766573;250621766682;109;9;1;1;1
250621766682;250621766997;315;9;1;1;1
250621766997;250621767286;289;9;1;1;1
250621767286;250621767298;12;9;1;1;1
250621767298;250621767345;47;9;1;1;1
250621767345;250621768178;833;9;1;1;1
250621768178;250621768314;136;9;1;1;1
250621768314;250621768348;34;9;1;1;1
250621768348;250621768448;100;9;1;1;1
250621768448;250621768751;303;9;1;1;1
250621768751;250621768846;95;9;1;1;1
250621768846;250621768949;103;9;1;1;1
250621768949;250621768970;21;9;1;1;1
250621768970;250621769335;365;9;1;1;1
250621769335;250621769400;65;9;1;1;1
250621769400;250621769474;74;9;1;1;1
250621769474;250621769529;55;9;1;1;1
250621769529;250621769540;11;9;1;1;1
250621769540;250621769626;86;9;1;1;1
250621769626;250621769844;218;9;1;1;1
250621769844;250621770196;352;9;1;1;1
250621770196;250621770311;115;9;1;1;1
250621770311;250621770370;59;9;1;1;1
250621770370;250621770429;59;9;1;1;1
250621770429;250621770454;25;9;1;1;1
250621770454;250621771096;642;9;1;1;1
250621771096;250621771158;62;9;1;1;1
250621771158;250621771301;143;9;1;1;1
250621771301;250621771359;58;9;1;1;1
250621771359;250621771521;162;9;1;1;1
250621771521;250621771642;121;9;1;1;1
250621771642;250621771916;274;9;1;1;1
250621771916;250621772072;156;9;1;1;1
250621772072;250621773273;1201;9;1;1;1
250621773273;250621773972;699;9;1;1;1
250621773972;250621774097;125;9;1;1;1
250621774097;250621774127;30;9;1;1;1
250621774127;250621774359;232;9;1;1;1
250621774359;250621774649;290;9;1;1;1
250621774649;250621774917;268;9;1;1;1
250621774917;250621774925;8;9;1;1;1
250621774925;250621775133;208;9;1;1;1
250621775133;250621775515;382;9;1;1;1
250621775515;250621775990;475;9;1;1;1
250621775990;250621776356;366;9;1;1;1
250621776356;250621776629;273;9;1;1;1
250621776629;250621779365;2736;9;1;1;1
250621779365;250621779622;257;9;1;1;1
250621779622;250621779748;126;9;1;1;1
250621779748;250621779918;170;9;1;1;1
250621779918;250621780726;808;9;1;1;1
250621780726;250621780755;29;9;1;1;1
250621780755;250621780946;191;9;1;1;1
250621780946;250621781913;967;9;1;1;1
250621781913;250621782167;254;9;1;1;1
250621782167;250621782505;338;9;1;1;1
250621782505;250621782827;322;9;1;1;1
250621782827;250621783160;333;9;1;1;1
250621783160;250621783185;25;9;1;1;1
250621783185;250621783597;412;9;1;1;1
250621783597;250621783894;297;9;1;1;1
250621783894;250621785741;1847;9;1;1;1
250621785741;250621787189;1448;9;1;1;1
250621787189;250621787553;364;9;1;1;1
250621787553;250621787651;98;9;1;1;1
250621787651;250621787715;64;9;1;1;1
250621787715;250621788183;468;9;1;1;1
250621788183;250621788697;514;9;1;1;1
250621788697;250621789415;718;9;1;1;1
250621789415;250621789883;468;9;1;1;1
250621789883;250621790902;1019;9;1;1;1
250621790902;250621791217;315;9;1;1;1
250621791217;250621791767;550;9;1;1;1
250621791767;250621791817;50;9;1;1;1
250621791817;250621792947;1130;9;1;1;1
250621792947;250621793820;873;9;1;1;1
250621793820;250621794706;886;9;1;1;1
250621794706;250621795369;663;9;1;1;1
250621795369;250621795577;208;9;1;1;1
250621795577;250621796408;831;9;1;1;1
250621796408;250621796599;191;9;1;1;1
250621796599;250621796726;127;9;1;1;1
250621796726;250621796826;100;9;1;1;1
250621796826;250621797160;334;9;1;1;1
250621797160;250621797386;226;9;1;1;1
250621797386;250621797821;435;9;1;1;1
250621797821;250621798130;309;9;1;1;1
250621798130;250621798217;87;9;1;1;1
250621798217;250621798425;208;9;1;1;1
250621798425;250621799049;624;9;1;1;1
250621799049;250621800272;1223;9;1;1;1
250621800272;250621800441;169;9;1;1;1
250621800441;250621801481;1040;9;1;1;1
250621801481;250621802284;803;9;1;1;1
250621802284;250621803279;995;9;1;1;1
250621803279;250621803499;220;9;1;1;1
250621803499;250621803745;246;9;1;1;1
250621803745;250621803900;155;9;1;1;1
250621803900;250621804156;256;9;1;1;1
250621804156;250621804540;384;9;1;1;1
250621804540;250621804644;104;9;1;1;1
250621804644;250621804785;141;9;1;1;1
250621804785;250621805407;622;9;1;1;1
250621805407;250621806108;701;9;1;1;1
250621806108;250621806400;292;9;1;1;1
250621806400;250621806576;176;9;1;1;1
250621806576;250621806903;327;9;1;1;1
250621806903;250621809786;2883;9;1;1;1
250621809786;250621810005;219;9;1;1;1
250621810005;250621810131;126;9;1;1;1
250621810131;250621810358;227;9;1;1;1
250621810358;250621810519;161;9;1;1;1
250621810519;250621811317;798;9;1;1;1
250621811317;250621811374;57;9;1;1;1
250621811374;250621811594;220;9;1;1;1
250621811594;250621812003;409;9;1;1;1
250621812003;250621812744;741;9;1;1;1
250621812744;250621812775;31;9;1;1;1
250621812775;250621812802;27;9;1;1;1
250621812802;250621812907;105;9;1;1;1
250621812907;250621813040;133;9;1;1;1
250621813040;250621813125;85;9;1;1;1
250621813125;250621813247;122;9;1;1;1
250621813247;250621813530;283;9;1;1;1
250621813530;250621813543;13;9;1;1;1
250621813543;250621814049;506;9;1;1;1
250621814049;250621814054;5;9;1;1;1
250621814054;250621814114;60;9;1;1;1
250621814114;250621814179;65;9;1;1;1
250621814179;250621814263;84;9;1;1;1
250621814263;250621814289;26;9;1;1;1
250621814289;250621814348;59;9;1;1;1
250621814348;250621814643;295;9;1;1;1
250621814643;250621814702;59;9;1;1;1
250621814702;250621814868;166;9;1;1;1
250621814868;250621815262;394;9;1;1;1
250621815262;250621815967;705;9;1;1;1
250621815967;250621816346;379;9;1;1;1
250621816346;250621816800;454;9;1;1;1
250621816800;250621816867;67;9;1;1;1
250621816867;250621817072;205;9;1;1;1
250621817072;250621817167;95;9;1;1;1
250621817167;250621817345;178;9;1;1;1
250621817345;250621817422;77;9;1;1;1
250621817422;250621817577;155;9;1;1;1
250621817577;250621817864;287;9;1;1;1
250621817864;250621817928;64;9;1;1;1
250621817928;250621818118;190;9;1;1;1
250621818118;250621818167;49;9;1;1;1
250621818167;250621818260;93;9;1;1;1
250621818260;250621818266;6;9;1;1;1
250621818266;250621818392;126;9;1;1;1
250621818392;250621818828;436;9;1;1;1
250621818828;250621818942;114;9;1;1;1
250621818942;250621819442;500;9;1;1;1
250621819442;250621819524;82;9;1;1;1
250621819524;250621819884;360;9;1;1;1
250621819884;250621819914;30;9;1;1;1
250621819914;250621820187;273;9;1;1;1
250621820187;250621820463;276;9;1;1;1
250621820463;250621820588;125;9;1;1;1
250621820588;250621820719;131;9;1;1;1
250621820719;250621820996;277;9;1;1;1
250621820996;250621821079;83;9;1;1;1
250621821079;250621822111;1032;9;1;1;1
250621822111;250621823492;1381;9;1;1;1
250621823492;250621823591;99;9;1;1;1
250621823591;250621824197;606;9;1;1;1
250621824197;250621824304;107;9;1;1;1
250621824304;250621824420;116;9;1;1;1
250621824420;250621824615;195;9;1;1;1
250621824615;250621825547;932;9;1;1;1
250621825547;250621825627;80;9;1;1;1
250621825627;250621825682;55;9;1;1;1
250621825682;250621826013;331;9;1;1;1
250621826013;250621826201;188;9;1;1;1
250621826201;250621827539;1338;9;1;1;1
250621827539;250621827685;146;9;1;1;1
250621827685;250621828139;454;9;1;1;1
250621828139;250621828434;295;9;1;1;1
250621828434;250621828892;458;9;1;1;1
250621828892;250621828989;97;9;1;1;1
250621828989;250621829075;86;9;1;1;1
250621829075;250621829799;724;9;1;1;1
250621829799;250621830189;390;9;1;1;1
250621830189;250621830772;583;9;1;1;1
250621830772;250621831269;497;9;1;1;1
250621831269;250621831404;135;9;1;1;1
250621831404;250621831428;24;9;1;1;1
250621831428;250621831450;22;9;1;1;1
250621831450;250621831553;103;9;1;1;1
250621831553;250621832164;611;9;1;1;1
250621832164;250621833181;1017;9;1;1;1
250621833181;250621833182;1;9;1;1;1
250621833182;250621833352;170;9;1;1;1
250621833352;250621834139;787;9;1;1;1
250621834139;250621834712;573;9;1;1;1
250621834712;250621836394;1682;9;1;1;1
250621836394;250621836633;239;9;1;1;1
250621836633;250621836834;201;9;1;1;1
250621836834;250621837905;1071;9;1;1;1
250621837905;250621838191;286;9;1;1;1
250621838191;250621838679;488;9;1;1;1
250621838679;250621838885;206;9;1;1;1
250621838885;250621839449;564;9;1;1;1
250621839449;250621839607;158;9;1;1;1
250621839607;250621839719;112;9;1;1;1
250621839719;250621840051;332;9;1;1;1
250621840051;250621840309;258;9;1;1;1
250621840309;250621840966;657;9;1;1;1
250621840966;250621841012;46;9;1;1;1
250621841012;250621841732;720;9;1;1;1
250621841732;250621843376;1644;9;1;1;1
250621843376;250621843833;457;9;1;1;1
250621843833;250621844246;413;9;1;1;1
250621844246;250621844980;734;9;1;1;1
250621844980;250621846965;1985;9;1;1;1
250621846965;250621846977;12;9;1;1;1
250621846977;250621847098;121;9;1;1;1
250621847098;250621848038;940;9;1;1;1
250621848038;250621848838;800;9;1;1;1
250621848838;250621848962;124;9;1;1;1
250621848962;250621849024;62;9;1;1;1
250621849024;250621849277;253;9;1;1;1
250621849277;250621850038;761;9;1;1;1
250621850038;250621850327;289;9;1;1;1
250621850327;250621852175;1848;9;1;1;1
250621852175;250621852970;795;9;1;1;1
250621852970;250621852989;19;9;1;1;1
250621852989;250621853089;100;9;1;1;1
250621853089;250621853153;64;9;1;1;1
250621853153;250621855252;2099;9;1;1;1
250621855252;250621855676;424;9;1;1;1
250621855676;250621855813;137;9;1;1;1
250621855813;250621856092;279;9;1;1;1
250621856092;250621857286;1194;9;1;1;1
250621857286;250621857352;66;9;1;1;1
250621857352;250621857430;78;9;1;1;1
250621857430;250621858067;637;9;1;1;1
250621858067;250621858389;322;9;1;1;1
250621858389;250621858443;54;9;1;1;1
250621858443;250621860273;1830;9;1;1;1
250621860273;250621860477;204;9;1;1;1
250621860477;250621860559;82;9;1;1;1
250621860559;250621860822;263;9;1;1;1
250621860822;250621861596;774;9;1;1;1
250621861596;250621862850;1254;9;1;1;1
250621862850;250621862908;58;9;1;1;1
250621862908;250621862924;16;9;1;1;1
250621862924;250621863070;146;9;1;1;1
250621863070;250621864204;1134;9;1;1;1
250621864204;250621864809;605;9;1;1;1
250621864809;250621864868;59;9;1;1;1
250621864868;250621864931;63;9;1;1;1
250621864931;250621865316;385;9;1;1;1
250621865316;250621865880;564;9;1;1;1
250621865880;250621866661;781;9;1;1;1
250621866661;250621866756;95;9;1;1;1
250621866756;250621866867;111;9;1;1;1
250621866867;250621866876;9;9;1;1;1
250621866876;250621867429;553;9;1;1;1
250621867429;250621867495;66;9;1;1;1
250621867495;250621867663;168;9;1;1;1
250621867663;250621868549;886;9;1;1;1
250621868549;250621868609;60;9;1;1;1
250621868609;250621868656;47;9;1;1;1
250621868656;250621868804;148;9;1;1;1
250621868804;250621869015;211;9;1;1;1
250621869015;250621869126;111;9;1;1;1
250621869126;250621869245;119;9;1;1;1
250621869245;250621869403;158;9;1;1;1
250621869403;250621869428;25;9;1;1;1
250621869428;250621869485;57;9;1;1;1
250621869485;250621869693;208;9;1;1;1
250621869693;250621869767;74;9;1;1;1
250621869767;250621869879;112;9;1;1;1
250621869879;250621870052;173;9;1;1;1
250621870052;250621870104;52;9;1;1;1
250621870104;250621872173;2069;9;1;1;1
250621872173;250621872218;45;9;1;1;1
250621872218;250621872362;144;9;1;1;1
250621872362;250621872455;93;9;1;1;1
250621872455;250621872610;155;9;1;1;1
250621872610;250621872637;27;9;1;1;1
250621872637;250621872850;213;9;1;1;1
250621872850;250621872902;52;9;1;1;1
250621872902;250621874272;1370;9;1;1;1
250621874272;250621874303;31;9;1;1;1
250621874303;250621874460;157;9;1;1;1
250621874460;250621875284;824;9;1;1;1
250621875284;250621875631;347;9;1;1;1
250621875631;250621876117;486;9;1;1;1
250621876117;250621876262;145;9;1;1;1
250621876262;250621876322;60;9;1;1;1
250621876322;250621877018;696;9;1;1;1
250621877018;250621877098;80;9;1;1;1
250621877098;250621877688;590;9;1;1;1
250621877688;250621878544;856;9;1;1;1
250621878544;250621878718;174;9;1;1;1
250621878718;250621878994;276;9;1;1;1
250621878994;250621879026;32;9;1;1;1
250621879026;250621879104;78;9;1;1;1
250621879104;250621879780;676;9;1;1;1
250621879780;250621880302;522;9;1;1;1
250621880302;250621880392;90;9;1;1;1
250621880392;250621880613;221;9;1;1;1
250621880613;250621880658;45;9;1;1;1
250621880658;250621880683;25;9;1;1;1
250621880683;250621880715;32;9;1;1;1
250621880715;250621880764;49;9;1;1;1
250621880764;250621881014;250;9;1;1;1
250621881014;250621881425;411;9;1;1;1
250621881425;250621881850;425;9;1;1;1
250621881850;250621882296;446;9;1;1;1
250621882296;250621882376;80;9;1;1;1
250621882376;250621883174;798;9;1;1;1
250621883174;250621883320;146;9;1;1;1
250621883320;250621883676;356;9;1;1;1
250621883676;250621883735;59;9;1;1;1
250621883735;250621883743;8;9;1;1;1
250621883743;250621883973;230;9;1;1;1
250621883973;250621883984;11;9;1;1;1
250621883984;250621884013;29;9;1;1;1
250621884013;250621884017;4;9;1;1;1
250621884017;250621884336;319;9;1;1;1
250621884336;250621884388;52;9;1;1;1
250621884388;250621884609;221;9;1;1;1
250621884609;250621884623;14;9;1;1;1
250621884623;250621884666;43;9;1;1;1
250621884666;250621884751;85;9;1;1;1
250621884751;250621884773;22;9;1;1;1
250621884773;250621884811;38;9;1;1;1
250621884811;250621885311;500;9;1;1;1
250621885311;250621885958;647;9;1;1;1
250621885958;250621886388;430;9;1;1;1
250621886388;250621887315;927;9;1;1;1
250621887315;250621887651;336;9;1;1;1
250621887651;250621888396;745;9;1;1;1
250621888396;250621889864;1468;9;1;1;1
250621889864;250621889997;133;9;1;1;1
250621889997;250621891202;1205;9;1;1;1
250621891202;250621892627;1425;9;1;1;1
250621892627;250621892640;13;9;1;1;1
250621892640;250621892714;74;9;1;1;1
250621892714;250621892773;59;9;1;1;1
250621892773;250621893021;248;9;1;1;1
250621893021;250621893502;481;9;1;1;1
250621893502;250621894103;601;9;1;1;1
250621894103;250621894118;15;9;1;1;1
250621894118;250621894708;590;9;1;1;1
250621894708;250621895217;509;9;1;1;1
250621895217;250621895266;49;9;1;1;1
250621895266;250621895345;79;9;1;1;1
250621895345;250621896497;1152;9;1;1;1
250621896497;250621896591;94;9;1;1;1
250621896591;250621896823;232;9;1;1;1
250621896823;250621897057;234;9;1;1;1
250621897057;250621897226;169;9;1;1;1
250621897226;250621897541;315;9;1;1;1
250621897541;250621897638;97;9;1;1;1
250621897638;250621898980;1342;9;1;1;1
250621898980;250621900239;1259;9;1;1;1
250621900239;250621900658;419;9;1;1;1
250621900658;250621901397;739;9;1;1;1
250621901397;250621901451;54;9;1;1;1
250621901451;250621902318;867;9;1;1;1
250621902318;250621902381;63;9;1;1;1
250621902381;250621902431;50;9;1;1;1
250621902431;250621902453;22;9;1;1;1
250621902453;250621902460;7;9;1;1;1
250621902460;250621902601;141;9;1;1;1
250621902601;250621902736;135;9;1;1;1
250621902736;250621902861;125;9;1;1;1
250621902861;250621903364;503;9;1;1;1
250621903364;250621903507;143;9;1;1;1
250621903507;250621903606;99;9;1;1;1
250621903606;250621903821;215;9;1;1;1
250621903821;250621903844;23;9;1;1;1
250621903844;250621904458;614;9;1;1;1
250621904458;250621904491;33;9;1;1;1
250621904491;250621905287;796;9;1;1;1
250621905287;250621905850;563;9;1;1;1
250621905850;250621906181;331;9;1;1;1
250621906181;250621906392;211;9;1;1;1
250621906392;250621906482;90;9;1;1;1
250621906482;250621906758;276;9;1;1;1
250621906758;250621909015;2257;9;1;1;1
250621909015;250621909103;88;9;1;1;1
250621909103;250621909451;348;9;1;1;1
250621909451;250621909669;218;9;1;1;1
250621909669;250621909747;78;9;1;1;1
250621909747;250621909787;40;9;1;1;1
250621909787;250621909841;54;9;1;1;1
250621909841;250621910451;610;9;1;1;1
250621910451;250621910898;447;9;1;1;1
250621910898;250621911143;245;9;1;1;1
250621911143;250621911370;227;9;1;1;1
250621911370;250621911480;110;9;1;1;1
250621911480;250621911907;427;9;1;1;1
250621911907;250621912288;381;9;1;1;1
250621912288;250621912516;228;9;1;1;1
250621912516;250621912558;42;9;1;1;1
250621912558;250621912836;278;9;1;1;1
250621912836;250621912855;19;9;1;1;1
250621912855;250621912890;35;9;1;1;1
250621912890;250621912979;89;9;1;1;1
250621912979;250621913074;95;9;1;1;1
250621913074;250621913130;56;9;1;1;1
250621913130;250621913176;46;9;1;1;1
250621913176;250621913233;57;9;1;1;1
250621913233;250621913331;98;9;1;1;1
250621913331;250621913512;181;9;1;1;1
250621913512;250621913588;76;9;1;1;1
250621913588;250621913839;251;9;1;1;1
250621913839;250621914161;322;9;1;1;1
250621914161;250621914777;616;9;1;1;1
250621914777;250621914848;71;9;1;1;1
250621914848;250621915917;1069;9;1;1;1
250621915917;250621916003;86;9;1;1;1
250621916003;250621917096;1093;9;1;1;1
250621917096;250621917168;72;9;1;1;1
250621917168;250621917948;780;9;1;1;1
250621917948;250621918224;276;9;1;1;1
250621918224;250621919027;803;9;1;1;1
250621919027;250621919135;108;9;1;1;1
250621919135;250621919534;399;9;1;1;1
250621919534;250621919834;300;9;1;1;1
250621919834;250621919910;76;9;1;1;1
250621919910;250621919962;52;9;1;1;1
250621919962;250621920197;235;9;1;1;1
250621920197;250621920333;136;9;1;1;1
250621920333;250621920791;458;9;1;1;1
250621920791;250621920980;189;9;1;1;1
250621920980;250621921149;169;9;1;1;1
250621921149;250621921203;54;9;1;1;1
250621921203;250621921213;10;9;1;1;1
250621921213;250621921367;154;9;1;1;1
250621921367;250621921534;167;9;1;1;1
250621921534;250621921667;133;9;1;1;1
250621921667;250621921699;32;9;1;1;1
250621921699;250621922010;311;9;1;1;1
250621922010;250621922419;409;9;1;1;1
250621922419;250621922934;515;9;1;1;1
250621922934;250621923815;881;9;1;1;1
250621923815;250621923900;85;9;1;1;1
250621923900;250621923957;57;9;1;1;1
250621923957;250621923987;30;9;1;1;1
250621923987;250621924022;35;9;1;1;1
250621924022;250621926721;2699;9;1;1;1
250621926721;250621926871;150;9;1;1;1
250621926871;250621927722;851;9;1;1;1
250621927722;250621928570;848;9;1;1;1
250621928570;250621929049;479;9;1;1;1
250621929049;250621929054;5;9;1;1;1
250621929054;250621929113;59;9;1;1;1
250621929113;250621929188;75;9;1;1;1
250621929188;250621929513;325;9;1;1;1
250621929513;250621930006;493;9;1;1;1
250621930006;250621930034;28;9;1;1;1
250621930034;250621932010;1976;9;1;1;1
250621932010;250621932196;186;9;1;1;1
250621932196;250621932389;193;9;1;1;1
250621932389;250621932898;509;9;1;1;1
250621932898;250621932991;93;9;1;1;1
250621932991;250621933021;30;9;1;1;1
250621933021;250621933104;83;9;1;1;1
250621933104;250621933543;439;9;1;1;1
250621933543;250621933904;361;9;1;1;1
250621933904;250621933908;4;9;1;1;1
250621933908;250621934794;886;9;1;1;1
250621934794;250621935224;430;9;1;1;1
250621935224;250621935752;528;9;1;1;1
250621935752;250621935847;95;9;1;1;1
250621935847;250621935940;93;9;1;1;1
250621935940;250621936012;72;9;1;1;1
250621936012;250621936040;28;9;1;1;1
250621936040;250621936118;78;9;1;1;1
250621936118;250621936225;107;9;1;1;1
250621936225;250621936330;105;9;1;1;1
250621936330;250621936349;19;9;1;1;1
250621936349;250621936403;54;9;1;1;1
250621936403;250621936475;72;9;1;1;1
250621936475;250621937233;758;9;1;1;1
250621937233;250621937389;156;9;1;1;1
250621937389;250621937442;53;9;1;1;1
250621937442;250621937510;68;9;1;1;1
250621937510;250621937733;223;9;1;1;1
250621937733;250621937786;53;9;1;1;1
250621937786;250621937792;6;9;1;1;1
250621937792;250621937834;42;9;1;1;1
250621937834;250621937842;8;9;1;1;1
250621937842;250621937986;144;9;1;1;1
250621937986;250621938073;87;9;1;1;1
250621938073;250621938175;102;9;1;1;1
250621938175;250621938194;19;9;1;1;1
250621938194;250621938254;60;9;1;1;1
250621938254;250621938321;67;9;1;1;1
250621938321;250621938398;77;9;1;1;1
250621938398;250621938602;204;9;1;1;1
250621938602;250621938882;280;9;1;1;1
250621938882;250621938955;73;9;1;1;1
250621938955;250621939065;110;9;1;1;1
250621939065;250621939184;119;9;1;1;1
250621939184;250621939293;109;9;1;1;1
250621939293;250621939352;59;9;1;1;1
250621939352;250621940177;825;9;1;1;1
250621940177;250621940333;156;9;1;1;1
250621940333;250621940938;605;9;1;1;1
250621940938;250621941516;578;9;1;1;1
250621941516;250621941550;34;9;1;1;1
250621941550;250621943354;1804;9;1;1;1
250621943354;250621943487;133;9;1;1;1
250621943487;250621943578;91;9;1;1;1
250621943578;250621943644;66;9;1;1;1
250621943644;250621943732;88;9;1;1;1
250621943732;250621943789;57;9;1;1;1
250621943789;250621943942;153;9;1;1;1
250621943942;250621944004;62;9;1;1;1
250621944004;250621944019;15;9;1;1;1
250621944019;250621944249;230;9;1;1;1
250621944249;250621944688;439;9;1;1;1
250621944688;250621944983;295;9;1;1;1
250621944983;250621945153;170;9;1;1;1
250621945153;250621945294;141;9;1;1;1
250621945294;250621945589;295;9;1;1;1
250621945589;250621945596;7;9;1;1;1
250621945596;250621946011;415;9;1;1;1
250621946011;250621946324;313;9;1;1;1
250621946324;250621946412;88;9;1;1;1
250621946412;250621946793;381;9;1;1;1
250621946793;250621946970;177;9;1;1;1
250621946970;250621947792;822;9;1;1;1
250621947792;250621947944;152;9;1;1;1
250621947944;250621948186;242;9;1;1;1
250621948186;250621950432;2246;9;1;1;1
250621966262;250621966291;29;9;1;1;1
250621966291;250621968502;2211;9;1;1;1
250621968502;250621970558;2056;9;1;1;1
250621970558;250621970688;130;9;1;1;1
250621970688;250621970740;52;9;1;1;1
250621971854;250621972165;311;9;1;1;1
250621972165;250621972269;104;9;1;1;1
250621972269;250621974154;1885;9;1;1;1
250621974154;250621974366;212;9;1;1;1
250621974366;250621976592;2226;9;1;1;1
250621976592;250621976633;41;9;1;1;1
250621976633;250621976990;357;9;1;1;1
250621976990;250621977509;519;9;1;1;1
250621977509;250621978348;839;9;1;1;1
250621978348;250621980064;1716;9;1;1;1
250621980064;250621980799;735;9;1;1;1
250621990067;250621994105;4038;9;1;1;1
250621994840;250621995408;568;9;1;1;1
250621995408;250621996367;959;9;1;1;1
250621996367;250621996506;139;9;1;1;1
250621996506;250621997137;631;9;1;1;1
250621997137;250621998908;1771;9;1;1;1
250621998908;250621999677;769;9;1;1;1
250621999677;250621999734;57;9;1;1;1
250621999734;250621999759;25;9;1;1;1
250621999759;250621999857;98;9;1;1;1
250621999857;250621999901;44;9;1;1;1
250621999901;250621999952;51;9;1;1;1
250621999952;250622000505;553;9;1;1;1
250622000505;250622000525;20;9;1;1;1
250622000525;250622000557;32;9;1;1;1
250622000557;250622001144;587;9;1;1;1
250622001144;250622001835;691;9;1;1;1
250622001835;250622002037;202;9;1;1;1
250622002037;250622002177;140;9;1;1;1
250622002177;250622002241;64;9;1;1;1
250622002241;250622002808;567;9;1;1;1
250622002808;250622002873;65;9;1;1;1
250622002873;250622002961;88;9;1;1;1
250622002961;250622003924;963;9;1;1;1
250622003924;250622004257;333;9;1;1;1
250622004257;250622004434;177;9;1;1;1
250622004434;250622004540;106;9;1;1;1
250622004540;250622004613;73;9;1;1;1
250622004613;250622005143;530;9;1;1;1
250622005143;250622005153;10;9;1;1;1
250622005153;250622007458;2305;9;1;1;1
250622007458;250622008050;592;9;1;1;1
250622008050;250622009266;1216;9;1;1;1
250622009266;250622009372;106;9;1;1;1
250622009372;250622009400;28;9;1;1;1
250622009400;250622009943;543;9;1;1;1
250622009943;250622010216;273;9;1;1;1
250622010216;250622011491;1275;9;1;1;1
250622011491;250622011879;388;9;1;1;1
250622011879;250622013877;1998;9;1;1;1
250622013877;250622014623;746;9;1;1;1
250622014623;250622015043;420;9;1;1;1
250622015043;250622015440;397;9;1;1;1
250622015440;250622015818;378;9;1;1;1
250622015818;250622015828;10;9;1;1;1
250622015828;250622016144;316;9;1;1;1
250622016144;250622016277;133;9;1;1;1
250622016277;250622016461;184;9;1;1;1
250622016461;250622016597;136;9;1;1;1
250622016597;250622016801;204;9;1;1;1
250622016801;250622017052;251;9;1;1;1
250622017052;250622017104;52;9;1;1;1
250622017104;250622017499;395;9;1;1;1
250622017499;250622019232;1733;9;1;1;1
250622019232;250622019837;605;9;1;1;1
250622019837;250622020484;647;9;1;1;1
250622020484;250622020544;60;9;1;1;1
250622020544;250622020958;414;9;1;1;1
250622020958;250622020972;14;9;1;1;1
250622020972;250622021235;263;9;1;1;1
250622021235;250622021965;730;9;1;1;1
250622021965;250622022271;306;9;1;1;1
250622022271;250622022449;178;9;1;1;1
250622022449;250622022812;363;9;1;1;1
250622022812;250622025338;2526;9;1;1;1
250622025338;250622026155;817;9;1;1;1
250622026155;250622026827;672;9;1;1;1
250622026827;250622027558;731;9;1;1;1
250622027558;250622027726;168;9;1;1;1
250622027726;250622028223;497;9;1;1;1
250622028223;250622029772;1549;9;1;1;1
250622029772;250622029863;91;9;1;1;1
250622029863;250622029928;65;9;1;1;1
250622029928;250622031544;1616;9;1;1;1
250622031544;250622032042;498;9;1;1;1
250622032042;250622032231;189;9;1;1;1
250622037791;250622038887;1096;9;1;1;1
250622038887;250622038951;64;9;1;1;1
250622038951;250622040242;1291;9;1;1;1
250622040242;250622041596;1354;9;1;1;1
250622041596;250622041651;55;9;1;1;1
250622041651;250622042381;730;9;1;1;1
250622042381;250622043354;973;9;1;1;1
250622043354;250622044126;772;9;1;1;1
250622044126;250622044528;402;9;1;1;1
250622044528;250622045484;956;9;1;1;1
250622045484;250622046733;1249;9;1;1;1
250622046733;250622050675;3942;9;1;1;1
250622050675;250622051785;1110;9;1;1;1
250622051785;250622053023;1238;9;1;1;1
250622053023;250622053834;811;9;1;1;1
250622053834;250622054526;692;9;1;1;1
250622054526;250622054851;325;9;1;1;1
250622054851;250622054874;23;9;1;1;1
250622054874;250622055740;866;9;1;1;1
250622055740;250622057683;1943;9;1;1;1
250622057683;250622058199;516;9;1;1;1
250622058199;250622058963;764;9;1;1;1
250622058963;250622059167;204;9;1;1;1
250622059167;250622059206;39;9;1;1;1
250622059206;250622059318;112;9;1;1;1
250622059318;250622059545;227;9;1;1;1
250622059545;250622059629;84;9;1;1;1
250622059629;250622059715;86;9;1;1;1
250622059715;250622060049;334;9;1;1;1
250622060049;250622060315;266;9;1;1;1
250622060315;250622060423;108;9;1;1;1
250622060423;250622060726;303;9;1;1;1
250622060726;250622061594;868;9;1;1;1
250622061594;250622061628;34;9;1;1;1
250622061628;250622061681;53;9;1;1;1
250622061681;250622061703;22;9;1;1;1
250622061703;250622061833;130;9;1;1;1
250622061833;250622061897;64;9;1;1;1
250622061897;250622062444;547;9;1;1;1
250622062444;250622062473;29;9;1;1;1
250622062473;250622062524;51;9;1;1;1
250622062524;250622062656;132;9;1;1;1
250622062656;250622062716;60;9;1;1;1
250622062716;250622062739;23;9;1;1;1
250622062739;250622062864;125;9;1;1;1
250622062864;250622063011;147;9;1;1;1
250622063011;250622065599;2588;9;1;1;1
250622065599;250622066176;577;9;1;1;1
250622066176;250622066250;74;9;1;1;1
250622066250;250622066975;725;9;1;1;1
250622066975;250622068464;1489;9;1;1;1
250622068464;250622070587;2123;9;1;1;1
250622070587;250622070727;140;9;1;1;1
250622070727;250622070945;218;9;1;1;1
250622070945;250622071306;361;9;1;1;1
250622071306;250622076938;5632;9;1;1;1
250622076938;250622077293;355;9;1;1;1
250622077293;250622077382;89;9;1;1;1
250622077382;250622077435;53;9;1;1;1
250622077435;250622077528;93;9;1;1;1
250622077528;250622087559;10031;9;1;1;1
250622087559;250622154450;66891;9;1;1;1
250622154450;250622167622;13172;9;1;1;1
250622167622;250622167653;31;9;1;1;1
250622167653;250622171188;3535;9;1;1;1
250622171188;250622177127;5939;9;1;1;1
250622177127;250622283682;106555;9;1;1;1
250622283682;250622283899;217;9;1;1;1
250622283899;250622284130;231;9;1;1;1
250622284130;250622322464;38334;9;1;1;1
250828803296;250828803367;71;9;1;1;1
250828803367;250828803427;60;9;1;1;1
250828803427;250828804196;769;9;1;1;1
250828804196;250828806616;2420;9;1;1;1
250828806616;250828812080;5464;9;1;1;1
250828812080;250828813752;1672;9;1;1;1
250828813752;250828814832;1080;9;1;1;1
250828814832;250828815261;429;9;1;1;1
250828815261;250828820914;5653;9;1;1;1
250828820914;250828823490;2576;9;1;1;1
250828823490;250828823639;149;9;1;1;1
250828823639;250828827151;3512;9;1;1;1
250828827151;250828828783;1632;9;1;1;1
250828828783;250828836307;7524;9;1;1;1
250828836307;250828838117;1810;9;1;1;1
250828838117;250828839138;1021;9;1;1;1
250828839138;250828839237;99;9;1;1;1
250828839237;250828839341;104;9;1;1;1
250828839341;250828839795;454;9;1;1;1
250828839795;250828840941;1146;9;1;1;1
250828840941;250828864174;23233;9;1;1;1
250828864174;250828866235;2061;9;1;1;1
250828866235;250828883451;17216;9;1;1;1
250828883451;250828887196;3745;9;1;1;1
250828887196;250828887297;101;9;1;1;1
250828887297;250828887658;361;9;1;1;1
250828887658;250828887678;20;9;1;1;1
250828887678;250828888133;455;9;1;1;1
250828888133;250828888151;18;9;1;1;1
250828888151;250828888254;103;9;1;1;1
250828888254;250828888457;203;9;1;1;1
250828888457;250828888537;80;9;1;1;1
250828888537;250828888712;175;9;1;1;1
250828888712;250828888732;20;9;1;1;1
250828888732;250828888788;56;9;1;1;1
250828888788;250828891188;2400;9;1;1;1
250828891188;250828891445;257;9;1;1;1
250828891445;250828891826;381;9;1;1;1
250828891826;250828891870;44;9;1;1;1
250828891870;250828891955;85;9;1;1;1
250828891955;250828892026;71;9;1;1;1
250828892026;250828892129;103;9;1;1;1
250828892129;250828892137;8;9;1;1;1
250828892137;250828892497;360;9;1;1;1
250828892497;250828892624;127;9;1;1;1
250828892624;250828892814;190;9;1;1;1
250828892814;250828892975;161;9;1;1;1
250828892975;250828893199;224;9;1;1;1
250828893199;250828895052;1853;9;1;1;1
250828895052;250828895432;380;9;1;1;1
250828895432;250828896537;1105;9;1;1;1
250828896537;250828896604;67;9;1;1;1
250828896604;250828897433;829;9;1;1;1
250828897433;250828897622;189;9;1;1;1
250828897622;250828897707;85;9;1;1;1
250828897707;250828897767;60;9;1;1;1
250828897767;250828900560;2793;9;1;1;1
250828900560;250828900575;15;9;1;1;1
250828900575;250828900639;64;9;1;1;1
250828900639;250828909799;9160;9;1;1;1
250828909799;250828912345;2546;9;1;1;1
250828912345;250828912487;142;9;1;1;1
250828912487;250828915340;2853;9;1;1;1
250828915340;250828915994;654;9;1;1;1
250828915994;250828916079;85;9;1;1;1
250828916079;250828923976;7897;9;1;1;1
250828923976;250828933365;9389;9;1;1;1
250828933365;250828942346;8981;9;1;1;1
250828942346;250828943033;687;9;1;1;1
250828943033;250828943091;58;9;1;1;1
250828943091;250828943530;439;9;1;1;1
250828943530;250828944002;472;9;1;1;1
250828944002;250828944176;174;9;1;1;1
250828944176;250828952623;8447;9;1;1;1
250828952623;250828953107;484;9;1;1;1
250828953107;250828953996;889;9;1;1;1
250828953996;250828964130;10134;9;1;1;1
250828964130;250828964870;740;9;1;1;1
250828964870;250828965160;290;9;1;1;1
250828965160;250828965664;504;9;1;1;1
250828965664;250828966589;925;9;1;1;1
250828966589;250828968844;2255;9;1;1;1
250828968844;250828970847;2003;9;1;1;1
250828970847;250828970905;58;9;1;1;1
250828970905;250828970946;41;9;1;1;1
250828970946;250828971244;298;9;1;1;1
250828971244;250828971304;60;9;1;1;1
250828971304;250828971358;54;9;1;1;1
250828971358;250828971425;67;9;1;1;1
250828971425;250828971962;537;9;1;1;1
250828971962;250828972083;121;9;1;1;1
250828972083;250828972507;424;9;1;1;1
250828972507;250828972547;40;9;1;1;1
250828972547;250828972869;322;9;1;1;1
250828972869;250828974756;1887;9;1;1;1
250828974756;250828974884;128;9;1;1;1
250828974884;250828976431;1547;9;1;1;1
250828976431;250828976703;272;9;1;1;1
250828976703;250828977084;381;9;1;1;1
250828977084;250828977151;67;9;1;1;1
250828977151;250828978947;1796;9;1;1;1
250828978947;250828978990;43;9;1;1;1
250828978990;250828979322;332;9;1;1;1
250828979322;250828979679;357;9;1;1;1
250828979679;250828979926;247;9;1;1;1
250828979926;250828982421;2495;9;1;1;1
250828982421;250828982981;560;9;1;1;1
250828982981;250828983979;998;9;1;1;1
250828983979;250828984119;140;9;1;1;1
250828984119;250828984749;630;9;1;1;1
250828984749;250828985651;902;9;1;1;1
250828985651;250828985800;149;9;1;1;1
250828985800;250828985890;90;9;1;1;1
250828985890;250828986069;179;9;1;1;1
250828986069;250828986184;115;9;1;1;1
250828986184;250828986242;58;9;1;1;1
250828986242;250828986335;93;9;1;1;1
250828986335;250828986389;54;9;1;1;1
250828986389;250828986446;57;9;1;1;1
250828986446;250828989655;3209;9;1;1;1
250828989655;250828989911;256;9;1;1;1
250828989911;250828990064;153;9;1;1;1
250828990064;250828990258;194;9;1;1;1
250828990258;250828990663;405;9;1;1;1
250828990663;250828990826;163;9;1;1;1
250828990826;250828991460;634;9;1;1;1
250828991460;250828991519;59;9;1;1;1
250828991519;250828991799;280;9;1;1;1
250828991799;250828991850;51;9;1;1;1
250828991850;250828992035;185;9;1;1;1
250828992035;250828992646;611;9;1;1;1
250828992646;250828992675;29;9;1;1;1
250828992675;250828992953;278;9;1;1;1
250828992953;250828993260;307;9;1;1;1
250828993260;250828993303;43;9;1;1;1
250828993303;250828993418;115;9;1;1;1
250828993418;250828993787;369;9;1;1;1
250828993787;250828993829;42;9;1;1;1
250828993829;250828993894;65;9;1;1;1
250828993894;250828994012;118;9;1;1;1
250828994012;250828996061;2049;9;1;1;1
250828996061;250828996082;21;9;1;1;1
250828996082;250828996151;69;9;1;1;1
250828996151;250828996508;357;9;1;1;1
250828996508;250828996554;46;9;1;1;1
250828996554;250828997505;951;9;1;1;1
250828997505;250828997896;391;9;1;1;1
250828997896;250828997932;36;9;1;1;1
250828997932;250828998102;170;9;1;1;1
250828998102;250828998415;313;9;1;1;1
250828998415;250828998602;187;9;1;1;1
250828998602;250828998777;175;9;1;1;1
250828998777;250828998926;149;9;1;1;1
250828998926;250829000086;1160;9;1;1;1
250829000086;250829000829;743;9;1;1;1
250829000829;250829000953;124;9;1;1;1
250829000953;250829001736;783;9;1;1;1
250829001736;250829002200;464;9;1;1;1
250829002200;250829002260;60;9;1;1;1
250829002260;250829002313;53;9;1;1;1
250829002313;250829002427;114;9;1;1;1
250829002427;250829002508;81;9;1;1;1
250829002508;250829002623;115;9;1;1;1
250829002623;250829002740;117;9;1;1;1
250829002740;250829002849;109;9;1;1;1
250829002849;250829003172;323;9;1;1;1
250829003172;250829003826;654;9;1;1;1
250829003826;250829004466;640;9;1;1;1
250829004466;250829004569;103;9;1;1;1
250829004569;250829004592;23;9;1;1;1
250829004592;250829004990;398;9;1;1;1
250829004990;250829005190;200;9;1;1;1
250829005190;250829005224;34;9;1;1;1
250829005224;250829007497;2273;9;1;1;1
250829007497;250829007684;187;9;1;1;1
250829007684;250829007994;310;9;1;1;1
250829007994;250829008065;71;9;1;1;1
250829008065;250829008121;56;9;1;1;1
250829008121;250829009450;1329;9;1;1;1
250829009450;250829009481;31;9;1;1;1
250829009481;250829009514;33;9;1;1;1
250829009514;250829009546;32;9;1;1;1
250829009546;250829009919;373;9;1;1;1
250829009919;250829009952;33;9;1;1;1
250829009952;250829009986;34;9;1;1;1
250829009986;250829010071;85;9;1;1;1
250829010071;250829010192;121;9;1;1;1
250829010192;250829010251;59;9;1;1;1
250829010251;250829010456;205;9;1;1;1
250829010456;250829010696;240;9;1;1;1
250829010696;250829010888;192;9;1;1;1
250829010888;250829011610;722;9;1;1;1
250829011610;250829011713;103;9;1;1;1
250829011713;250829012193;480;9;1;1;1
250829012193;250829012613;420;9;1;1;1
250829012613;250829012653;40;9;1;1;1
250829012653;250829012663;10;9;1;1;1
250829012663;250829013153;490;9;1;1;1
250829013153;250829013202;49;9;1;1;1
250829013202;250829014028;826;9;1;1;1
250829014028;250829014358;330;9;1;1;1
250829014358;250829014396;38;9;1;1;1
250829014396;250829014502;106;9;1;1;1
250829014502;250829014898;396;9;1;1;1
250829014898;250829015006;108;9;1;1;1
250829015006;250829015052;46;9;1;1;1
250829015052;250829015419;367;9;1;1;1
250829015419;250829015739;320;9;1;1;1
250829015739;250829016112;373;9;1;1;1
250829016112;250829016665;553;9;1;1;1
250829016665;250829017475;810;9;1;1;1
250829017475;250829018517;1042;9;1;1;1
250829018517;250829018578;61;9;1;1;1
250829018578;250829018962;384;9;1;1;1
250829018962;250829021437;2475;9;1;1;1
250829021437;250829022434;997;9;1;1;1
250829022434;250829022467;33;9;1;1;1
250829022467;250829022521;54;9;1;1;1
250829022521;250829023028;507;9;1;1;1
250829023028;250829023134;106;9;1;1;1
250829023134;250829023193;59;9;1;1;1
250829023193;250829023492;299;9;1;1;1
250829023492;250829024711;1219;9;1;1;1
250829024711;250829024773;62;9;1;1;1
250829024773;250829024866;93;9;1;1;1
250829024866;250829025011;145;9;1;1;1
250829025011;250829025124;113;9;1;1;1
250829025124;250829025295;171;9;1;1;1
250829025295;250829025400;105;9;1;1;1
250829025400;250829025841;441;9;1;1;1
250829025841;250829025937;96;9;1;1;1
250829025937;250829026179;242;9;1;1;1
250829026179;250829026364;185;9;1;1;1
250829026364;250829026599;235;9;1;1;1
250829026599;250829027682;1083;9;1;1;1
250829027682;250829027718;36;9;1;1;1
250829027718;250829027844;126;9;1;1;1
250829027844;250829028369;525;9;1;1;1
250829028369;250829028591;222;9;1;1;1
250829028591;250829028719;128;9;1;1;1
250829028719;250829028911;192;9;1;1;1
250829028911;250829029297;386;9;1;1;1
250829029297;250829029353;56;9;1;1;1
250829029353;250829029935;582;9;1;1;1
250829029935;250829029996;61;9;1;1;1
250829029996;250829030009;13;9;1;1;1
250829030009;250829030102;93;9;1;1;1
250829030102;250829030191;89;9;1;1;1
250829030191;250829030223;32;9;1;1;1
250829030223;250829031018;795;9;1;1;1
250829031018;250829031258;240;9;1;1;1
250829031258;250829031631;373;9;1;1;1
250829031631;250829031692;61;9;1;1;1
250829031692;250829031731;39;9;1;1;1
250829031731;250829031868;137;9;1;1;1
250829031868;250829032318;450;9;1;1;1
250829032318;250829032394;76;9;1;1;1
250829032394;250829032509;115;9;1;1;1
250829032509;250829032628;119;9;1;1;1
250829032628;250829032641;13;9;1;1;1
250829032641;250829032742;101;9;1;1;1
250829032742;250829032767;25;9;1;1;1
250829032767;250829033153;386;9;1;1;1
250829033153;250829033792;639;9;1;1;1
250829033792;250829037448;3656;9;1;1;1
250829037448;250829042317;4869;9;1;1;1
250829042317;250829044356;2039;9;1;1;1
250829044356;250829046295;1939;9;1;1;1
250829046295;250829046328;33;9;1;1;1
250829046328;250829047124;796;9;1;1;1
250829047124;250829047159;35;9;1;1;1
250829047159;250829047209;50;9;1;1;1
250829047209;250829047632;423;9;1;1;1
250829047632;250829048618;986;9;1;1;1
250829048618;250829048657;39;9;1;1;1
250829048657;250829048900;243;9;1;1;1
250829048900;250829049052;152;9;1;1;1
250829049052;250829050046;994;9;1;1;1
250829050046;250829050530;484;9;1;1;1
250829050530;250829051283;753;9;1;1;1
250829051283;250829053471;2188;9;1;1;1
250829053471;250829053517;46;9;1;1;1
250829053517;250829053679;162;9;1;1;1
250829053679;250829053752;73;9;1;1;1
250829053752;250829054347;595;9;1;1;1
250829054347;250829054378;31;9;1;1;1
250829054378;250829056746;2368;9;1;1;1
250829056746;250829056946;200;9;1;1;1
250829056946;250829057180;234;9;1;1;1
250829057180;250829057274;94;9;1;1;1
250829057274;250829057367;93;9;1;1;1
250829057367;250829057961;594;9;1;1;1
250829057961;250829058614;653;9;1;1;1
250829058614;250829059416;802;9;1;1;1
250829059416;250829059488;72;9;1;1;1
250829059488;250829059530;42;9;1;1;1
250829059530;250829059598;68;9;1;1;1
250829059598;250829059752;154;9;1;1;1
250829059752;250829059778;26;9;1;1;1
250829059778;250829059937;159;9;1;1;1
250829059937;250829060119;182;9;1;1;1
250829060119;250829060345;226;9;1;1;1
250829060345;250829060353;8;9;1;1;1
250829060353;250829061513;1160;9;1;1;1
250829061513;250829062069;556;9;1;1;1
250829062069;250829062258;189;9;1;1;1
250829062258;250829062345;87;9;1;1;1
250829062345;250829062541;196;9;1;1;1
250829062541;250829062571;30;9;1;1;1
250829062571;250829063222;651;9;1;1;1
250829063222;250829063527;305;9;1;1;1
250829063527;250829063602;75;9;1;1;1
250829063602;250829063845;243;9;1;1;1
250829063845;250829065561;1716;9;1;1;1
250829065561;250829065782;221;9;1;1;1
250829065782;250829066564;782;9;1;1;1
250829066564;250829069399;2835;9;1;1;1
250829069399;250829069666;267;9;1;1;1
250829069666;250829072694;3028;9;1;1;1
250829072694;250829073736;1042;9;1;1;1
250829073736;250829074082;346;9;1;1;1
250829074082;250829074166;84;9;1;1;1
250829074166;250829074384;218;9;1;1;1
250829074384;250829074707;323;9;1;1;1
250829074707;250829074739;32;9;1;1;1
250829074739;250829074772;33;9;1;1;1
250829074772;250829074967;195;9;1;1;1
250829074967;250829075583;616;9;1;1;1
250829075583;250829078314;2731;9;1;1;1
250829078314;250829078482;168;9;1;1;1
250829078482;250829080568;2086;9;1;1;1
250829080568;250829081529;961;9;1;1;1
250829081529;250829081586;57;9;1;1;1
250829081586;250829081727;141;9;1;1;1
250829081727;250829083503;1776;9;1;1;1
250829083503;250829083829;326;9;1;1;1
250829083829;250829087043;3214;9;1;1;1
250829087043;250829087546;503;9;1;1;1
250829087546;250829088195;649;9;1;1;1
250829088195;250829088271;76;9;1;1;1
250829088271;250829088305;34;9;1;1;1
250829088305;250829088353;48;9;1;1;1
250829088353;250829089008;655;9;1;1;1
250829089008;250829089043;35;9;1;1;1
250829089043;250829091584;2541;9;1;1;1
250829091584;250829094179;2595;9;1;1;1
250829094179;250829094490;311;9;1;1;1
250829094490;250829094856;366;9;1;1;1
250829094856;250829095750;894;9;1;1;1
250829095750;250829096762;1012;9;1;1;1
250829096762;250829096848;86;9;1;1;1
250829096848;250829097245;397;9;1;1;1
250829097245;250829097289;44;9;1;1;1
250829097289;250829097515;226;9;1;1;1
250829097515;250829098026;511;9;1;1;1
250829098026;250829098281;255;9;1;1;1
250829098281;250829101297;3016;9;1;1;1
250829101297;250829101824;527;9;1;1;1
250829101824;250829102430;606;9;1;1;1
250829102430;250829102567;137;9;1;1;1
250829102567;250829102908;341;9;1;1;1
250829102908;250829103332;424;9;1;1;1
250829103332;250829103506;174;9;1;1;1
250829103506;250829103736;230;9;1;1;1
250829103736;250829103752;16;9;1;1;1
250829103752;250829103849;97;9;1;1;1
250829103849;250829104157;308;9;1;1;1
250829104157;250829104192;35;9;1;1;1
250829104192;250829104377;185;9;1;1;1
250829104377;250829104405;28;9;1;1;1
250829104405;250829104436;31;9;1;1;1
250829104436;250829105135;699;9;1;1;1
250829105135;250829106238;1103;9;1;1;1
250829106238;250829108684;2446;9;1;1;1
250829108684;250829109293;609;9;1;1;1
250829109293;250829114216;4923;9;1;1;1
250829114216;250829114861;645;9;1;1;1
250829114861;250829114889;28;9;1;1;1
250829114889;250829114929;40;9;1;1;1
250829114929;250829115179;250;9;1;1;1
250829115179;250829115214;35;9;1;1;1
250829115214;250829115503;289;9;1;1;1
250829115503;250829115533;30;9;1;1;1
250829115533;250829117524;1991;9;1;1;1
250829117524;250829117651;127;9;1;1;1
250829117651;250829117802;151;9;1;1;1
250829117802;250829121648;3846;9;1;1;1
250829121648;250829122132;484;9;1;1;1
250829122132;250829122209;77;9;1;1;1
250829122209;250829122517;308;9;1;1;1
250829122517;250829122610;93;9;1;1;1
250829122610;250829123882;1272;9;1;1;1
250829123882;250829124312;430;9;1;1;1
250829124312;250829124719;407;9;1;1;1
250829124719;250829124792;73;9;1;1;1
250829124792;250829124924;132;9;1;1;1
250829124924;250829125583;659;9;1;1;1
250829125583;250829125997;414;9;1;1;1
250829125997;250829126140;143;9;1;1;1
250829126140;250829126360;220;9;1;1;1
250829126360;250829126393;33;9;1;1;1
250829126393;250829126494;101;9;1;1;1
250829126494;250829126698;204;9;1;1;1
250829126698;250829126732;34;9;1;1;1
250829126732;250829127000;268;9;1;1;1
250829127000;250829127305;305;9;1;1;1
250829127305;250829127403;98;9;1;1;1
250829127403;250829127617;214;9;1;1;1
250829127617;250829127922;305;9;1;1;1
250829127922;250829127987;65;9;1;1;1
250829127987;250829128739;752;9;1;1;1
250829128739;250829128765;26;9;1;1;1
250829128765;250829128889;124;9;1;1;1
250829128889;250829129088;199;9;1;1;1
250829129088;250829130642;1554;9;1;1;1
250829130642;250829130777;135;9;1;1;1
250829130777;250829141931;11154;9;1;1;1
250829141931;250829146312;4381;9;1;1;1
250829146312;250829146937;625;9;1;1;1
250829146937;250829150979;4042;9;1;1;1
250829150979;250829151602;623;9;1;1;1
250829151602;250829153171;1569;9;1;1;1
250829153171;250829153283;112;9;1;1;1
250829153283;250829153316;33;9;1;1;1
250829153316;250829154061;745;9;1;1;1
250829154061;250829154395;334;9;1;1;1
250829154395;250829154423;28;9;1;1;1
250829154423;250829154688;265;9;1;1;1
250829154688;250829154854;166;9;1;1;1
250829154854;250829155314;460;9;1;1;1
250829155314;250829155435;121;9;1;1;1
250829155435;250829156015;580;9;1;1;1
250829156015;250829156291;276;9;1;1;1
250829156291;250829157368;1077;9;1;1;1
250829157368;250829157396;28;9;1;1;1
250829157396;250829158046;650;9;1;1;1
250829158046;250829158085;39;9;1;1;1
250829158085;250829158112;27;9;1;1;1
250829158112;250829158179;67;9;1;1;1
250829158179;250829161895;3716;9;1;1;1
250829161895;250829161935;40;9;1;1;1
250829161935;250829162815;880;9;1;1;1
250829162815;250829164267;1452;9;1;1;1
250829164267;250829165225;958;9;1;1;1
250829165225;250829165404;179;9;1;1;1
250829165404;250829165890;486;9;1;1;1
250829165890;250829166046;156;9;1;1;1
250829166046;250829166176;130;9;1;1;1
250829166176;250829166200;24;9;1;1;1
250829166200;250829166233;33;9;1;1;1
250829166233;250829166334;101;9;1;1;1
250829166334;250829166488;154;9;1;1;1
250829166488;250829166772;284;9;1;1;1
250829166772;250829168479;1707;9;1;1;1
250829168479;250829168705;226;9;1;1;1
250829168705;250829168747;42;9;1;1;1
250829168747;250829168810;63;9;1;1;1
250829168810;250829169762;952;9;1;1;1
250829169762;250829169898;136;9;1;1;1
250829169898;250829170761;863;9;1;1;1
250829170761;250829170912;151;9;1;1;1
250829170912;250829172601;1689;9;1;1;1
250829172601;250829174028;1427;9;1;1;1
250829174028;250829174059;31;9;1;1;1
250829174059;250829177243;3184;9;1;1;1
250829177243;250829180601;3358;9;1;1;1
250829180601;250829182003;1402;9;1;1;1
250829182003;250829184671;2668;9;1;1;1
250829184671;250829185621;950;9;1;1;1
250829185621;250829187866;2245;9;1;1;1
250829187866;250829189291;1425;9;1;1;1
250829189291;250829189321;30;9;1;1;1
250829189321;250829192012;2691;9;1;1;1
250829192012;250829197761;5749;9;1;1;1
250829197761;250829197978;217;9;1;1;1
250829197978;250829208648;10670;9;1;1;1
250829208648;250829224359;15711;9;1;1;1
250829224359;250829226442;2083;9;1;1;1
250829226442;250829232910;6468;9;1;1;1
250829232910;250829238275;5365;9;1;1;1
250829238275;250829242669;4394;9;1;1;1
250829242669;250829266412;23743;9;1;1;1
250829266412;250829266476;64;9;1;1;1
250829266476;250829277761;11285;9;1;1;1
250829277761;250829278265;504;9;1;1;1
250829278265;250829283972;5707;9;1;1;1
250829283972;250829283993;21;9;1;1;1
250829283993;250829291538;7545;9;1;1;1
250829291538;250829293226;1688;9;1;1;1
250829293226;250829303994;10768;9;1;1;1
250829303994;250829312479;8485;9;1;1;1
250829312479;250829312640;161;9;1;1;1
250829312640;250829335333;22693;9;1;1;1
250829335333;250829407493;72160;9;1;1;1
250829407493;250829474757;67264;9;1;1;1
250829474757;250829480058;5301;9;1;1;1
250829480058;250829487385;7327;9;1;1;1
250829487385;250829499230;11845;9;1;1;1
250829499230;250829504745;5515;9;1;1;1
250829504745;250829505505;760;9;1;1;1
250829505505;250829519404;13899;9;1;1;1
250829519404;250829521612;2208;9;1;1;1
250829521612;250829521710;98;9;1;1;1
250829521710;250829526372;4662;9;1;1;1
250829526372;250829526519;147;9;1;1;1
250829526519;250829529139;2620;9;1;1;1
250829529139;250829532512;3373;9;1;1;1
250829532512;250829534606;2094;9;1;1;1
250829534606;250829541476;6870;9;1;1;1
250829541476;250829543034;1558;9;1;1;1
250829543034;250829544316;1282;9;1;1;1
250829544316;250829546331;2015;9;1;1;1
250829546331;250829550679;4348;9;1;1;1
250829550679;250829552200;1521;9;1;1;1
250829552200;250829553386;1186;9;1;1;1
250829553386;250829558664;5278;9;1;1;1
250829558664;250829559740;1076;9;1;1;1
250829559740;250829563773;4033;9;1;1;1
250829563773;250829566963;3190;9;1;1;1
250829566963;250829569241;2278;9;1;1;1
250829569241;250829575095;5854;9;1;1;1
250829575095;250829577606;2511;9;1;1;1
250829577606;250829579394;1788;9;1;1;1
250829579394;250829583608;4214;9;1;1;1
250829583608;250829585509;1901;9;1;1;1
250829585509;250829590909;5400;9;1;1;1
250829590909;250829596984;6075;9;1;1;1
250829596984;250829601695;4711;9;1;1;1
250829601695;250829602593;898;9;1;1;1
250829602593;250829603154;561;9;1;1;1
250829603154;250829603923;769;9;1;1;1
250829603923;250829609080;5157;9;1;1;1
250829609080;250829609314;234;9;1;1;1
250829609314;250829609650;336;9;1;1;1
250829609650;250829612036;2386;9;1;1;1
250829612036;250829612757;721;9;1;1;1
250829612757;250829612859;102;9;1;1;1
250829612859;250829618258;5399;9;1;1;1
250829618258;250829623562;5304;9;1;1;1
250829623562;250829623697;135;9;1;1;1
250829623697;250829623836;139;9;1;1;1
250829623836;250829631044;7208;9;1;1;1
250829631044;250829632097;1053;9;1;1;1
250829632097;250829632128;31;9;1;1;1
250829632128;250829632264;136;9;1;1;1
250829632264;250829632507;243;9;1;1;1
250829632507;250829632625;118;9;1;1;1
250829632625;250829633463;838;9;1;1;1
250829633463;250829634527;1064;9;1;1;1
250829634527;250829635573;1046;9;1;1;1
250829635573;250829636165;592;9;1;1;1
250829636165;250829636983;818;9;1;1;1
250829636983;250829637424;441;9;1;1;1
250829637424;250829638706;1282;9;1;1;1
250829638706;250829640312;1606;9;1;1;1
250829640312;250829640490;178;9;1;1;1
250829640490;250829641503;1013;9;1;1;1
250829641503;250829641882;379;9;1;1;1
250829641882;250829642742;860;9;1;1;1
250829642742;250829644765;2023;9;1;1;1
250829644765;250829645055;290;9;1;1;1
250829645055;250829645119;64;9;1;1;1
250829645119;250829645346;227;9;1;1;1
250829645346;250829645913;567;9;1;1;1
250829645913;250829646559;646;9;1;1;1
250829646559;250829646587;28;9;1;1;1
250829646587;250829646608;21;9;1;1;1
250829646608;250829646686;78;9;1;1;1
250829646686;250829646749;63;9;1;1;1
250829646749;250829650005;3256;9;1;1;1
250829650005;250829650098;93;9;1;1;1
250829650098;250829650203;105;9;1;1;1
250829650203;250829650238;35;9;1;1;1
250829650238;250829650340;102;9;1;1;1
250829650340;250829650432;92;9;1;1;1
250829650432;250829653352;2920;9;1;1;1
250829653352;250829653455;103;9;1;1;1
250829653455;250829653921;466;9;1;1;1
250829653921;250829655227;1306;9;1;1;1
250829655227;250829655331;104;9;1;1;1
250829655331;250829655966;635;9;1;1;1
250829655966;250829658480;2514;9;1;1;1
250829658480;250829658870;390;9;1;1;1
250829658870;250829658959;89;9;1;1;1
250829658959;250829662740;3781;9;1;1;1
250829662740;250829663716;976;9;1;1;1
250829663716;250829663840;124;9;1;1;1
250829663840;250829664113;273;9;1;1;1
250829664113;250829664277;164;9;1;1;1
250829664277;250829665422;1145;9;1;1;1
250829665422;250829666671;1249;9;1;1;1
250829666671;250829668168;1497;9;1;1;1
250829668168;250829669599;1431;9;1;1;1
250829669599;250829670258;659;9;1;1;1
250829670258;250829671927;1669;9;1;1;1
250829671927;250829672068;141;9;1;1;1
250829672068;250829675453;3385;9;1;1;1
250829675453;250829675981;528;9;1;1;1
250829675981;250829676054;73;9;1;1;1
250829676054;250829677321;1267;9;1;1;1
250829677321;250829677351;30;9;1;1;1
250829677351;250829678412;1061;9;1;1;1
250829678412;250829679263;851;9;1;1;1
250829679263;250829679452;189;9;1;1;1
250829679452;250829679818;366;9;1;1;1
250829679818;250829680346;528;9;1;1;1
250829680346;250829681107;761;9;1;1;1
250829681107;250829681438;331;9;1;1;1
250829681438;250829681789;351;9;1;1;1
250829681789;250829681946;157;9;1;1;1
250829681946;250829683933;1987;9;1;1;1
250829683933;250829685531;1598;9;1;1;1
250829685531;250829685725;194;9;1;1;1
250829685725;250829687175;1450;9;1;1;1
250829687175;250829688594;1419;9;1;1;1
250829688594;250829691461;2867;9;1;1;1
250829691461;250829692167;706;9;1;1;1
250829692167;250829693057;890;9;1;1;1
250829693057;250829693582;525;9;1;1;1
250829693582;250829694046;464;9;1;1;1
250829694046;250829695184;1138;9;1;1;1
250829695184;250829695434;250;9;1;1;1
250829695434;250829696173;739;9;1;1;1
250829696173;250829697431;1258;9;1;1;1
250829697431;250829697952;521;9;1;1;1
250829697952;250829698456;504;9;1;1;1
250829698456;250829698627;171;9;1;1;1
250829698627;250829699060;433;9;1;1;1
250829699060;250829700508;1448;9;1;1;1
250829700508;250829700546;38;9;1;1;1
250829700546;250829703342;2796;9;1;1;1
250829703342;250829705126;1784;9;1;1;1
250829705126;250829705184;58;9;1;1;1
250829705184;250829705476;292;9;1;1;1
250829705476;250829706226;750;9;1;1;1
250829706226;250829707217;991;9;1;1;1
250829707217;250829707376;159;9;1;1;1
250829707376;250829707430;54;9;1;1;1
250829707430;250829708794;1364;9;1;1;1
250829708794;250829709168;374;9;1;1;1
250829709168;250829710145;977;9;1;1;1
250829710145;250829710409;264;9;1;1;1
250829710409;250829711930;1521;9;1;1;1
250829711930;250829712133;203;9;1;1;1
250829712133;250829712162;29;9;1;1;1
250829712162;250829712258;96;9;1;1;1
250829712258;250829712449;191;9;1;1;1
250829712449;250829712702;253;9;1;1;1
250829712702;250829712801;99;9;1;1;1
250829712801;250829712869;68;9;1;1;1
250829712869;250829713358;489;9;1;1;1
250829713358;250829713408;50;9;1;1;1
250829713408;250829713459;51;9;1;1;1
250829713459;250829713644;185;9;1;1;1
250829713644;250829713708;64;9;1;1;1
250829713708;250829714003;295;9;1;1;1
250829714003;250829715092;1089;9;1;1;1
250829715092;250829715806;714;9;1;1;1
250829715806;250829716369;563;9;1;1;1
250829716369;250829716481;112;9;1;1;1
250829716481;250829716688;207;9;1;1;1
250829716688;250829716962;274;9;1;1;1
250829716962;250829717251;289;9;1;1;1
250829717251;250829717333;82;9;1;1;1
250829717333;250829717517;184;9;1;1;1
250829717517;250829719672;2155;9;1;1;1
250829719672;250829720615;943;9;1;1;1
250829720615;250829721109;494;9;1;1;1
250829721109;250829722277;1168;9;1;1;1
250829722277;250829724282;2005;9;1;1;1
250829724282;250829724331;49;9;1;1;1
250829724331;250829724461;130;9;1;1;1
250829724461;250829725670;1209;9;1;1;1
250829725670;250829725885;215;9;1;1;1
250829725885;250829726408;523;9;1;1;1
250829726408;250829727996;1588;9;1;1;1
250829727996;250829728176;180;9;1;1;1
250829728176;250829728210;34;9;1;1;1
250829728210;250829728972;762;9;1;1;1
250829728972;250829729153;181;9;1;1;1
250829729153;250829729720;567;9;1;1;1
250829729720;250829730310;590;9;1;1;1
250829730310;250829730336;26;9;1;1;1
250829730336;250829730605;269;9;1;1;1
250829730605;250829730844;239;9;1;1;1
250829730844;250829730975;131;9;1;1;1
250829730975;250829731228;253;9;1;1;1
250829731228;250829731255;27;9;1;1;1
250829731255;250829732599;1344;9;1;1;1
250829732599;250829732903;304;9;1;1;1
250829732903;250829733183;280;9;1;1;1
250829733183;250829733766;583;9;1;1;1
250829733766;250829734233;467;9;1;1;1
250829734233;250829734252;19;9;1;1;1
250829734252;250829734470;218;9;1;1;1
250829734470;250829735388;918;9;1;1;1
250829735388;250829736102;714;9;1;1;1
250829736102;250829736286;184;9;1;1;1
250829736286;250829736312;26;9;1;1;1
250829736312;250829737153;841;9;1;1;1
250829737153;250829737169;16;9;1;1;1
250829737169;250829737810;641;9;1;1;1
250829737810;250829738129;319;9;1;1;1
250829738129;250829738957;828;9;1;1;1
250829738957;250829739169;212;9;1;1;1
250829739169;250829739171;2;9;1;1;1
250829739171;250829739186;15;9;1;1;1
250829739186;250829740013;827;9;1;1;1
250829740013;250829740064;51;9;1;1;1
250829740064;250829740918;854;9;1;1;1
250829740918;250829741157;239;9;1;1;1
250829741157;250829741634;477;9;1;1;1
250829741634;250829742290;656;9;1;1;1
250829742290;250829742512;222;9;1;1;1
250829742512;250829743056;544;9;1;1;1
250829743056;250829743846;790;9;1;1;1
250829743846;250829743934;88;9;1;1;1
250829743934;250829744113;179;9;1;1;1
250829744113;250829745102;989;9;1;1;1
250829745102;250829745710;608;9;1;1;1
250829745710;250829746590;880;9;1;1;1
250829746590;250829747035;445;9;1;1;1
250829747035;250829747457;422;9;1;1;1
250829747457;250829747780;323;9;1;1;1
250829747780;250829748540;760;9;1;1;1
250829748540;250829749390;850;9;1;1;1
250829749390;250829750043;653;9;1;1;1
250829750043;250829750965;922;9;1;1;1
250829750965;250829752009;1044;9;1;1;1
250829752009;250829752284;275;9;1;1;1
250829752284;250829753251;967;9;1;1;1
250829753251;250829753432;181;9;1;1;1
250829753432;250829755034;1602;9;1;1;1
250829755034;250829756838;1804;9;1;1;1
250829756838;250829757062;224;9;1;1;1
250829757062;250829757580;518;9;1;1;1
250829757580;250829757683;103;9;1;1;1
250829757683;250829758029;346;9;1;1;1
250829758029;250829758572;543;9;1;1;1
250829758572;250829758642;70;9;1;1;1
250829758642;250829758798;156;9;1;1;1
250829758798;250829758845;47;9;1;1;1
250829758845;250829758966;121;9;1;1;1
250829758966;250829759230;264;9;1;1;1
250829759230;250829759934;704;9;1;1;1
250829759934;250829760228;294;9;1;1;1
250829760228;250829760273;45;9;1;1;1
250829760273;250829761378;1105;9;1;1;1
250829761378;250829761620;242;9;1;1;1
250829761620;250829761825;205;9;1;1;1
250829761825;250829762649;824;9;1;1;1
250829762649;250829763185;536;9;1;1;1
250829763185;250829763834;649;9;1;1;1
250829763834;250829764106;272;9;1;1;1
250829764106;250829764724;618;9;1;1;1
250829764724;250829764820;96;9;1;1;1
250829764820;250829764866;46;9;1;1;1
250829764866;250829765054;188;9;1;1;1
250829765054;250829765261;207;9;1;1;1
250829765261;250829765506;245;9;1;1;1
250829765506;250829765612;106;9;1;1;1
250829765612;250829765877;265;9;1;1;1
250829765877;250829766414;537;9;1;1;1
250829766414;250829767286;872;9;1;1;1
250829767286;250829767569;283;9;1;1;1
250829767569;250829767783;214;9;1;1;1
250829767783;250829769144;1361;9;1;1;1
250829769144;250829769286;142;9;1;1;1
250829769286;250829769867;581;9;1;1;1
250829769867;250829770012;145;9;1;1;1
250829770012;250829770120;108;9;1;1;1
250829770120;250829770137;17;9;1;1;1
250829770137;250829770140;3;9;1;1;1
250829770140;250829770421;281;9;1;1;1
250829770421;250829772025;1604;9;1;1;1
250829772025;250829772643;618;9;1;1;1
250829772643;250829772715;72;9;1;1;1
250829772715;250829773078;363;9;1;1;1
250829773078;250829773595;517;9;1;1;1
250829773595;250829774025;430;9;1;1;1
250829774025;250829774302;277;9;1;1;1
250829774302;250829774851;549;9;1;1;1
250829774851;250829775134;283;9;1;1;1
250829775134;250829775297;163;9;1;1;1
250829775297;250829775778;481;9;1;1;1
250829775778;250829776001;223;9;1;1;1
250829776001;250829776853;852;9;1;1;1
250829776853;250829777814;961;9;1;1;1
250829777814;250829778111;297;9;1;1;1
250829778111;250829778654;543;9;1;1;1
250829778654;250829779014;360;9;1;1;1
250829779014;250829779062;48;9;1;1;1
250829779062;250829779180;118;9;1;1;1
250829779180;250829779369;189;9;1;1;1
250829779369;250829779533;164;9;1;1;1
250829779533;250829779580;47;9;1;1;1
250829779580;250829780156;576;9;1;1;1
250829780156;250829780276;120;9;1;1;1
250829780276;250829781132;856;9;1;1;1
250829781132;250829781305;173;9;1;1;1
250829781305;250829782275;970;9;1;1;1
250829782275;250829783458;1183;9;1;1;1
250829783458;250829783755;297;9;1;1;1
250829783755;250829783790;35;9;1;1;1
250829783790;250829784164;374;9;1;1;1
250829784164;250829784495;331;9;1;1;1
250829784495;250829785415;920;9;1;1;1
250829785415;250829786025;610;9;1;1;1
250829786025;250829786617;592;9;1;1;1
250829786617;250829787134;517;9;1;1;1
250829787134;250829787573;439;9;1;1;1
250829787573;250829787705;132;9;1;1;1
250829787705;250829787843;138;9;1;1;1
250829787843;250829788051;208;9;1;1;1
250829788051;250829788434;383;9;1;1;1
250829788434;250829788528;94;9;1;1;1
250829788528;250829788861;333;9;1;1;1
250829788861;250829789399;538;9;1;1;1
250829789399;250829789668;269;9;1;1;1
250829789668;250829790714;1046;9;1;1;1
250829790714;250829790727;13;9;1;1;1
250829790727;250829791479;752;9;1;1;1
250829791479;250829791986;507;9;1;1;1
250829791986;250829792089;103;9;1;1;1
250829792089;250829792847;758;9;1;1;1
250829792847;250829793062;215;9;1;1;1
250829793062;250829793496;434;9;1;1;1
250829793496;250829794337;841;9;1;1;1
250829794337;250829794660;323;9;1;1;1
250829794660;250829795516;856;9;1;1;1
250829795516;250829795907;391;9;1;1;1
250829795907;250829796963;1056;9;1;1;1
250829796963;250829798421;1458;9;1;1;1
250829798421;250829799059;638;9;1;1;1
250829799059;250829799218;159;9;1;1;1
250829799218;250829799703;485;9;1;1;1
250829799703;250829799998;295;9;1;1;1
250829799998;250829800843;845;9;1;1;1
250829800843;250829800980;137;9;1;1;1
250829800980;250829801516;536;9;1;1;1
250829801516;250829801823;307;9;1;1;1
250829801823;250829802596;773;9;1;1;1
250829802596;250829803790;1194;9;1;1;1
250829803790;250829805209;1419;9;1;1;1
250829805209;250829805255;46;9;1;1;1
250829805255;250829805387;132;9;1;1;1
250829805387;250829805423;36;9;1;1;1
250829805423;250829805490;67;9;1;1;1
250829805490;250829805841;351;9;1;1;1
250829805841;250829806143;302;9;1;1;1
250829806143;250829806448;305;9;1;1;1
250829806448;250829808022;1574;9;1;1;1
250829808022;250829808122;100;9;1;1;1
250829808122;250829809266;1144;9;1;1;1
250829809266;250829812096;2830;9;1;1;1
250829812096;250829813706;1610;9;1;1;1
250829813706;250829813812;106;9;1;1;1
250829813812;250829814126;314;9;1;1;1
250829814126;250829816999;2873;9;1;1;1
250829816999;250829817008;9;9;1;1;1
250829817008;250829817255;247;9;1;1;1
250829817255;250829817436;181;9;1;1;1
250829817436;250829817638;202;9;1;1;1
250829817638;250829817738;100;9;1;1;1
250829817738;250829817821;83;9;1;1;1
250829817821;250829818084;263;9;1;1;1
250829818084;250829818170;86;9;1;1;1
250829818170;250829818211;41;9;1;1;1
250829818211;250829818320;109;9;1;1;1
250829818320;250829818362;42;9;1;1;1
250829818362;250829818402;40;9;1;1;1
250829818402;250829818550;148;9;1;1;1
250829818550;250829818591;41;9;1;1;1
250829818591;250829819330;739;9;1;1;1
250829819330;250829819689;359;9;1;1;1
250829819689;250829819739;50;9;1;1;1
250829819739;250829820204;465;9;1;1;1
250829820204;250829820644;440;9;1;1;1
250829820644;250829821798;1154;9;1;1;1
250829821798;250829822614;816;9;1;1;1
250829822614;250829822691;77;9;1;1;1
250829822691;250829823021;330;9;1;1;1
250829823021;250829823476;455;9;1;1;1
250829823476;250829823780;304;9;1;1;1
250829823780;250829823937;157;9;1;1;1
250829823937;250829825543;1606;9;1;1;1
250829825543;250829825751;208;9;1;1;1
250829825751;250829825823;72;9;1;1;1
250829825823;250829826531;708;9;1;1;1
250829826531;250829826944;413;9;1;1;1
250829826944;250829827823;879;9;1;1;1
250829827823;250829827948;125;9;1;1;1
250829827948;250829828426;478;9;1;1;1
250829828426;250829830349;1923;9;1;1;1
250829830349;250829831825;1476;9;1;1;1
250829831825;250829831922;97;9;1;1;1
250829831922;250829832318;396;9;1;1;1
250829832318;250829832539;221;9;1;1;1
250829832539;250829833030;491;9;1;1;1
250829833030;250829833178;148;9;1;1;1
250829833178;250829833746;568;9;1;1;1
250829833746;250829834177;431;9;1;1;1
250829834177;250829835396;1219;9;1;1;1
250829835396;250829835493;97;9;1;1;1
250829835493;250829835991;498;9;1;1;1
250829835991;250829836358;367;9;1;1;1
250829836358;250829836716;358;9;1;1;1
250829836716;250829836749;33;9;1;1;1
250829836749;250829836813;64;9;1;1;1
250829836813;250829837317;504;9;1;1;1
250829837317;250829837444;127;9;1;1;1
250829837444;250829837719;275;9;1;1;1
250829837719;250829838318;599;9;1;1;1
250829838318;250829838749;431;9;1;1;1
250829838749;250829841219;2470;9;1;1;1
250829841219;250829841398;179;9;1;1;1
250829841398;250829841521;123;9;1;1;1
250829841521;250829842453;932;9;1;1;1
250829842453;250829842742;289;9;1;1;1
250829842742;250829842764;22;9;1;1;1
250829842764;250829842858;94;9;1;1;1
250829842858;250829843146;288;9;1;1;1
250829843146;250829843574;428;9;1;1;1
250829843574;250829843831;257;9;1;1;1
250829843831;250829844203;372;9;1;1;1
250829844203;250829844780;577;9;1;1;1
250829844780;250829845325;545;9;1;1;1
250829845325;250829845685;360;9;1;1;1
250829845685;250829846571;886;9;1;1;1
250829846571;250829847018;447;9;1;1;1
250829847018;250829847154;136;9;1;1;1
250829847154;250829847239;85;9;1;1;1
250829847239;250829847455;216;9;1;1;1
250829847455;250829847493;38;9;1;1;1
250829847493;250829847626;133;9;1;1;1
250829847626;250829847986;360;9;1;1;1
250829847986;250829848346;360;9;1;1;1
250829848346;250829849048;702;9;1;1;1
250829849048;250829849182;134;9;1;1;1
250829849182;250829849494;312;9;1;1;1
250829849494;250829849859;365;9;1;1;1
250829849859;250829850634;775;9;1;1;1
250829850634;250829851162;528;9;1;1;1
250829851162;250829851230;68;9;1;1;1
250829851230;250829851328;98;9;1;1;1
250829851328;250829851440;112;9;1;1;1
250829851440;250829852003;563;9;1;1;1
250829852003;250829852115;112;9;1;1;1
250829852115;250829852514;399;9;1;1;1
250829852514;250829853306;792;9;1;1;1
250829853306;250829853339;33;9;1;1;1
250829853339;250829853778;439;9;1;1;1
250829853778;250829853850;72;9;1;1;1
250829853850;250829854139;289;9;1;1;1
250829854139;250829855097;958;9;1;1;1
250829855097;250829855186;89;9;1;1;1
250829855186;250829855483;297;9;1;1;1
250829855483;250829856348;865;9;1;1;1
250829856348;250829856507;159;9;1;1;1
250829856507;250829857352;845;9;1;1;1
250829857352;250829857447;95;9;1;1;1
250829857447;250829857600;153;9;1;1;1
250829857600;250829857625;25;9;1;1;1
250829857625;250829857734;109;9;1;1;1
250829857734;250829857939;205;9;1;1;1
250829857939;250829858146;207;9;1;1;1
250829858146;250829858524;378;9;1;1;1
250829858524;250829858632;108;9;1;1;1
250829858632;250829859110;478;9;1;1;1
250829859110;250829859280;170;9;1;1;1
250829859280;250829859542;262;9;1;1;1
250829859542;250829859813;271;9;1;1;1
250829859813;250829859931;118;9;1;1;1
250829859931;250829861120;1189;9;1;1;1
250829861120;250829861286;166;9;1;1;1
250829861286;250829861381;95;9;1;1;1
250829861381;250829862129;748;9;1;1;1
250829862129;250829862670;541;9;1;1;1
250829862670;250829862729;59;9;1;1;1
250829862729;250829862958;229;9;1;1;1
250829862958;250829863076;118;9;1;1;1
250829863076;250829863133;57;9;1;1;1
250829863133;250829863783;650;9;1;1;1
250829863783;250829863813;30;9;1;1;1
250829863813;250829863835;22;9;1;1;1
250829863835;250829863921;86;9;1;1;1
250829863921;250829864143;222;9;1;1;1
250829864143;250829864388;245;9;1;1;1
250829864388;250829864469;81;9;1;1;1
250829864469;250829864501;32;9;1;1;1
250829864501;250829865519;1018;9;1;1;1
250829865519;250829866105;586;9;1;1;1
250829866105;250829866237;132;9;1;1;1
250829866237;250829866404;167;9;1;1;1
250829866404;250829866454;50;9;1;1;1
250829866454;250829866958;504;9;1;1;1
250829866958;250829867013;55;9;1;1;1
250829867013;250829867163;150;9;1;1;1
250829867163;250829867465;302;9;1;1;1
250829867465;250829868288;823;9;1;1;1
250829868288;250829868568;280;9;1;1;1
250829868568;250829869065;497;9;1;1;1
250829869065;250829869080;15;9;1;1;1
250829869080;250829869524;444;9;1;1;1
250829869524;250829869890;366;9;1;1;1
250829869890;250829869899;9;9;1;1;1
250829869899;250829870165;266;9;1;1;1
250829870165;250829870292;127;9;1;1;1
250829870292;250829870920;628;9;1;1;1
250829870920;250829871367;447;9;1;1;1
250829871367;250829871583;216;9;1;1;1
250829871583;250829871700;117;9;1;1;1
250829871700;250829871851;151;9;1;1;1
250829871851;250829872393;542;9;1;1;1
250829872393;250829872525;132;9;1;1;1
250829872525;250829873436;911;9;1;1;1
250829873436;250829873628;192;9;1;1;1
250829873628;250829874660;1032;9;1;1;1
250829874660;250829876052;1392;9;1;1;1
250829876052;250829876919;867;9;1;1;1
250829876919;250829877012;93;9;1;1;1
250829877012;250829877109;97;9;1;1;1
250829877109;250829877256;147;9;1;1;1
250829877256;250829877403;147;9;1;1;1
250829877403;250829877478;75;9;1;1;1
250829877478;250829877764;286;9;1;1;1
250829877764;250829877831;67;9;1;1;1
250829877831;250829877968;137;9;1;1;1
250829877968;250829878067;99;9;1;1;1
250829878067;250829878172;105;9;1;1;1
250829878172;250829878176;4;9;1;1;1
250829878176;250829878412;236;9;1;1;1
250829878412;250829879060;648;9;1;1;1
250829879060;250829879232;172;9;1;1;1
250829879232;250829879319;87;9;1;1;1
250829879319;250829879393;74;9;1;1;1
250829879393;250829879550;157;9;1;1;1
250829879550;250829879572;22;9;1;1;1
250829879572;250829879622;50;9;1;1;1
250829879622;250829879748;126;9;1;1;1
250829879748;250829879772;24;9;1;1;1
250829879772;250829879934;162;9;1;1;1
250829879934;250829880499;565;9;1;1;1
250829880499;250829880529;30;9;1;1;1
250829880529;250829880812;283;9;1;1;1
250829880812;250829880960;148;9;1;1;1
250829880960;250829881835;875;9;1;1;1
250829881835;250829881851;16;9;1;1;1
250829881851;250829881857;6;9;1;1;1
250829881857;250829881967;110;9;1;1;1
250829881967;250829882020;53;9;1;1;1
250829882020;250829882040;20;9;1;1;1
250829882040;250829882136;96;9;1;1;1
250829882136;250829882516;380;9;1;1;1
250829882516;250829883216;700;9;1;1;1
250829883216;250829883667;451;9;1;1;1
250829883667;250829883715;48;9;1;1;1
250829883715;250829883843;128;9;1;1;1
250829883843;250829884163;320;9;1;1;1
250829884163;250829884432;269;9;1;1;1
250829884432;250829884533;101;9;1;1;1
250829884533;250829884672;139;9;1;1;1
250829884672;250829885168;496;9;1;1;1
250829885168;250829885205;37;9;1;1;1
250829885205;250829885403;198;9;1;1;1
250829885403;250829886489;1086;9;1;1;1
250829886489;250829886600;111;9;1;1;1
250829886600;250829886676;76;9;1;1;1
250829886676;250829886932;256;9;1;1;1
250829886932;250829887229;297;9;1;1;1
250829887229;250829887593;364;9;1;1;1
250829887593;250829887789;196;9;1;1;1
250829887789;250829887959;170;9;1;1;1
250829887959;250829888584;625;9;1;1;1
250829888584;250829888624;40;9;1;1;1
250829888624;250829888852;228;9;1;1;1
250829888852;250829889144;292;9;1;1;1
250829889144;250829889206;62;9;1;1;1
250829889206;250829889761;555;9;1;1;1
250829889761;250829889860;99;9;1;1;1
250829889860;250829889932;72;9;1;1;1
250829889932;250829890229;297;9;1;1;1
250829890229;250829890492;263;9;1;1;1
250829890492;250829890971;479;9;1;1;1
250829890971;250829891371;400;9;1;1;1
250829891371;250829891421;50;9;1;1;1
250829891421;250829891703;282;9;1;1;1
250829891703;250829892105;402;9;1;1;1
250829892105;250829892489;384;9;1;1;1
250829892489;250829892496;7;9;1;1;1
250829892496;250829892791;295;9;1;1;1
250829892791;250829893003;212;9;1;1;1
250829893003;250829894313;1310;9;1;1;1
250829894313;250829894777;464;9;1;1;1
250829894777;250829894982;205;9;1;1;1
250829894982;250829895267;285;9;1;1;1
250829895267;250829895339;72;9;1;1;1
250829895339;250829895417;78;9;1;1;1
250829895417;250829895484;67;9;1;1;1
250829895484;250829896394;910;9;1;1;1
250829896394;250829896439;45;9;1;1;1
250829896439;250829896502;63;9;1;1;1
250829896502;250829896831;329;9;1;1;1
250829896831;250829897061;230;9;1;1;1
250829897061;250829897934;873;9;1;1;1
250829897934;250829898434;500;9;1;1;1
250829898434;250829899162;728;9;1;1;1
250829899162;250829899292;130;9;1;1;1
250829899292;250829900045;753;9;1;1;1
250829900045;250829900154;109;9;1;1;1
250829900154;250829900178;24;9;1;1;1
250829900178;250829900309;131;9;1;1;1
250829900309;250829900634;325;9;1;1;1
250829900634;250829901558;924;9;1;1;1
250829901558;250829901936;378;9;1;1;1
250829901936;250829902628;692;9;1;1;1
250829902628;250829902969;341;9;1;1;1
250829902969;250829903213;244;9;1;1;1
250829903213;250829903320;107;9;1;1;1
250829903320;250829903506;186;9;1;1;1
250829903506;250829903758;252;9;1;1;1
250829903758;250829904019;261;9;1;1;1
250829904019;250829904048;29;9;1;1;1
250829904048;250829904236;188;9;1;1;1
250829904236;250829904988;752;9;1;1;1
250829904988;250829905009;21;9;1;1;1
250829905009;250829905107;98;9;1;1;1
250829905107;250829905128;21;9;1;1;1
250829905128;250829905388;260;9;1;1;1
250829905388;250829906157;769;9;1;1;1
250829906157;250829906721;564;9;1;1;1
250829906721;250829906823;102;9;1;1;1
250829906823;250829906898;75;9;1;1;1
250829906898;250829907053;155;9;1;1;1
250829907053;250829907075;22;9;1;1;1
250829907075;250829907156;81;9;1;1;1
250829907156;250829907170;14;9;1;1;1
250829907170;250829907366;196;9;1;1;1
250829907366;250829907765;399;9;1;1;1
250829907765;250829907805;40;9;1;1;1
250829907805;250829908699;894;9;1;1;1
250829908699;250829908744;45;9;1;1;1
250829908744;250829908784;40;9;1;1;1
250829908784;250829908848;64;9;1;1;1
250829908848;250829909003;155;9;1;1;1
250829909003;250829909168;165;9;1;1;1
250829909168;250829909670;502;9;1;1;1
250829909670;250829909733;63;9;1;1;1
250829909733;250829909760;27;9;1;1;1
250829909760;250829909956;196;9;1;1;1
250829909956;250829910262;306;9;1;1;1
250829910262;250829910698;436;9;1;1;1
250829910698;250829910956;258;9;1;1;1
250829910956;250829911130;174;9;1;1;1
250829911130;250829911300;170;9;1;1;1
250829911300;250829911663;363;9;1;1;1
250829911663;250829912068;405;9;1;1;1
250829912068;250829912358;290;9;1;1;1
250829912358;250829912585;227;9;1;1;1
250829912585;250829913383;798;9;1;1;1
250829913383;250829913505;122;9;1;1;1
250829913505;250829913526;21;9;1;1;1
250829913526;250829913770;244;9;1;1;1
250829913770;250829913921;151;9;1;1;1
250829913921;250829914295;374;9;1;1;1
250829914295;250829914844;549;9;1;1;1
250829914844;250829915245;401;9;1;1;1
250829915245;250829915635;390;9;1;1;1
250829915635;250829915956;321;9;1;1;1
250829915956;250829916747;791;9;1;1;1
250829916747;250829917021;274;9;1;1;1
250829917021;250829917482;461;9;1;1;1
250829917482;250829917832;350;9;1;1;1
250829917832;250829917907;75;9;1;1;1
250829917907;250829917977;70;9;1;1;1
250829917977;250829918368;391;9;1;1;1
250829918368;250829919014;646;9;1;1;1
250829919014;250829919135;121;9;1;1;1
250829919135;250829919255;120;9;1;1;1
250829919255;250829919379;124;9;1;1;1
250829919379;250829919719;340;9;1;1;1
250829919719;250829919802;83;9;1;1;1
250829919802;250829919936;134;9;1;1;1
250829919936;250829920279;343;9;1;1;1
250829920279;250829920398;119;9;1;1;1
250829920398;250829920718;320;9;1;1;1
250829920718;250829920845;127;9;1;1;1
250829920845;250829920980;135;9;1;1;1
250829920980;250829921317;337;9;1;1;1
250829921317;250829921519;202;9;1;1;1
250829921519;250829921556;37;9;1;1;1
250829921556;250829921655;99;9;1;1;1
250829921655;250829921918;263;9;1;1;1
250829921918;250829922331;413;9;1;1;1
250829922331;250829922672;341;9;1;1;1
250829922672;250829922771;99;9;1;1;1
250829922771;250829922830;59;9;1;1;1
250829922830;250829922849;19;9;1;1;1
250829922849;250829922907;58;9;1;1;1
250829922907;250829923126;219;9;1;1;1
250829923126;250829923215;89;9;1;1;1
250829923215;250829923220;5;9;1;1;1
250829923220;250829923305;85;9;1;1;1
250829923305;250829923355;50;9;1;1;1
250829923355;250829923884;529;9;1;1;1
250829923884;250829924926;1042;9;1;1;1
250829924926;250829925283;357;9;1;1;1
250829925283;250829925607;324;9;1;1;1
250829925607;250829925650;43;9;1;1;1
250829925650;250829925796;146;9;1;1;1
250829925796;250829926689;893;9;1;1;1
250829926689;250829926925;236;9;1;1;1
250829926925;250829927302;377;9;1;1;1
250829927302;250829927488;186;9;1;1;1
250829927488;250829927890;402;9;1;1;1
250829927890;250829928231;341;9;1;1;1
250829928231;250829928242;11;9;1;1;1
250829928242;250829928463;221;9;1;1;1
250829928463;250829928543;80;9;1;1;1
250829928543;250829928754;211;9;1;1;1
250829928754;250829928796;42;9;1;1;1
250829928796;250829928832;36;9;1;1;1
250829928832;250829928874;42;9;1;1;1
250829928874;250829929289;415;9;1;1;1
250829929289;250829929535;246;9;1;1;1
250829929535;250829929592;57;9;1;1;1
250829929592;250829929615;23;9;1;1;1
250829929615;250829929790;175;9;1;1;1
250829929790;250829929976;186;9;1;1;1
250829929976;250829930462;486;9;1;1;1
250829930462;250829930492;30;9;1;1;1
250829930492;250829931080;588;9;1;1;1
250829931080;250829931505;425;9;1;1;1
250829931505;250829931800;295;9;1;1;1
250829931800;250829931841;41;9;1;1;1
250829931841;250829932702;861;9;1;1;1
250829932702;250829932708;6;9;1;1;1
250829932708;250829933259;551;9;1;1;1
250829933259;250829933318;59;9;1;1;1
250829933318;250829933385;67;9;1;1;1
250829933385;250829933433;48;9;1;1;1
250829933433;250829933565;132;9;1;1;1
250829933565;250829933635;70;9;1;1;1
250829933635;250829934140;505;9;1;1;1
250829934140;250829934169;29;9;1;1;1
250829934169;250829934185;16;9;1;1;1
250829934185;250829934416;231;9;1;1;1
250829934416;250829934444;28;9;1;1;1
250829934444;250829934480;36;9;1;1;1
250829934480;250829935420;940;9;1;1;1
250829935420;250829935472;52;9;1;1;1
250829935472;250829935557;85;9;1;1;1
250829935557;250829935922;365;9;1;1;1
250829935922;250829936114;192;9;1;1;1
250829936114;250829936221;107;9;1;1;1
250829936221;250829936300;79;9;1;1;1
250829936300;250829936379;79;9;1;1;1
250829936379;250829936593;214;9;1;1;1
250829936593;250829936611;18;9;1;1;1
250829936611;250829936663;52;9;1;1;1
250829936663;250829936797;134;9;1;1;1
250829936797;250829937018;221;9;1;1;1
250829937018;250829937495;477;9;1;1;1
250829937495;250829937750;255;9;1;1;1
250829937750;250829938022;272;9;1;1;1
250829938022;250829938189;167;9;1;1;1
250829938189;250829938196;7;9;1;1;1
250829938196;250829938517;321;9;1;1;1
250829938517;250829938723;206;9;1;1;1
250829938723;250829938821;98;9;1;1;1
250829938821;250829939076;255;9;1;1;1
250829939076;250829939168;92;9;1;1;1
250829939168;250829939308;140;9;1;1;1
250829939308;250829939844;536;9;1;1;1
250829939844;250829939863;19;9;1;1;1
250829939863;250829939954;91;9;1;1;1
250829939954;250829940072;118;9;1;1;1
250829940072;250829940118;46;9;1;1;1
250829940118;250829940126;8;9;1;1;1
250829940126;250829940319;193;9;1;1;1
250829940319;250829940386;67;9;1;1;1
250829940386;250829940472;86;9;1;1;1
250829940472;250829940906;434;9;1;1;1
250829940906;250829940964;58;9;1;1;1
250829940964;250829941081;117;9;1;1;1
250829941081;250829941546;465;9;1;1;1
250829941546;250829941584;38;9;1;1;1
250829941584;250829941723;139;9;1;1;1
250829941723;250829942665;942;9;1;1;1
250829942665;250829942954;289;9;1;1;1
250829942954;250829943056;102;9;1;1;1
250829943056;250829943158;102;9;1;1;1
250829943158;250829943217;59;9;1;1;1
250829943217;250829943286;69;9;1;1;1
250829943286;250829943287;1;9;1;1;1
250829943287;250829943787;500;9;1;1;1
250829943787;250829943932;145;9;1;1;1
250829943932;250829944219;287;9;1;1;1
250829944219;250829944370;151;9;1;1;1
250829944370;250829945075;705;9;1;1;1
250829945075;250829945399;324;9;1;1;1
250829945399;250829945773;374;9;1;1;1
250829945773;250829945889;116;9;1;1;1
250829945889;250829945993;104;9;1;1;1
250829945993;250829946058;65;9;1;1;1
250829946058;250829946099;41;9;1;1;1
250829946099;250829946245;146;9;1;1;1
250829946245;250829946647;402;9;1;1;1
250829946647;250829946737;90;9;1;1;1
250829946737;250829946858;121;9;1;1;1
250829946858;250829946927;69;9;1;1;1
250829946927;250829947164;237;9;1;1;1
250829947164;250829947491;327;9;1;1;1
250829947491;250829947637;146;9;1;1;1
250829947637;250829947738;101;9;1;1;1
250829947738;250829947778;40;9;1;1;1
250829947778;250829948065;287;9;1;1;1
250829948065;250829948320;255;9;1;1;1
250829948320;250829948668;348;9;1;1;1
250829948668;250829948835;167;9;1;1;1
250829948835;250829948943;108;9;1;1;1
250829948943;250829949025;82;9;1;1;1
250829949025;250829949322;297;9;1;1;1
250829949322;250829949345;23;9;1;1;1
250829949345;250829949543;198;9;1;1;1
250829949543;250829949865;322;9;1;1;1
250829949865;250829949960;95;9;1;1;1
250829949960;250829950027;67;9;1;1;1
250829950027;250829950476;449;9;1;1;1
250829950476;250829951043;567;9;1;1;1
250829951043;250829952027;984;9;1;1;1
250829952027;250829952472;445;9;1;1;1
250829952472;250829953096;624;9;1;1;1
250829953096;250829953694;598;9;1;1;1
250829953694;250829954557;863;9;1;1;1
250829954557;250829954726;169;9;1;1;1
250829954726;250829954936;210;9;1;1;1
250829954936;250829955238;302;9;1;1;1
250829955238;250829956672;1434;9;1;1;1
250829956672;250829956807;135;9;1;1;1
250829956807;250829957528;721;9;1;1;1
250829957528;250829957788;260;9;1;1;1
250829957788;250829958098;310;9;1;1;1
250829958098;250829958399;301;9;1;1;1
250829958399;250829960320;1921;9;1;1;1
250829960320;250829961862;1542;9;1;1;1
250829961862;250829961953;91;9;1;1;1
250829961953;250829962019;66;9;1;1;1
250829962019;250829962200;181;9;1;1;1
250829962200;250829962307;107;9;1;1;1
250829962307;250829962385;78;9;1;1;1
250829962385;250829962633;248;9;1;1;1
250829962633;250829963041;408;9;1;1;1
250829963041;250829963066;25;9;1;1;1
250829963066;250829963108;42;9;1;1;1
250829963108;250829963546;438;9;1;1;1
250829963546;250829963932;386;9;1;1;1
250829963932;250829963975;43;9;1;1;1
250829963975;250829964838;863;9;1;1;1
250829964838;250829965097;259;9;1;1;1
250829965097;250829965180;83;9;1;1;1
250829965180;250829965221;41;9;1;1;1
250829965221;250829965250;29;9;1;1;1
250829965250;250829965434;184;9;1;1;1
250829965434;250829965439;5;9;1;1;1
250829965439;250829965594;155;9;1;1;1
250829965594;250829966171;577;9;1;1;1
250829966171;250829966257;86;9;1;1;1
250829966257;250829966346;89;9;1;1;1
250829966346;250829966919;573;9;1;1;1
250829966919;250829967798;879;9;1;1;1
250829967798;250829967902;104;9;1;1;1
250829967902;250829968060;158;9;1;1;1
250829968060;250829968157;97;9;1;1;1
250829968157;250829969292;1135;9;1;1;1
250829969292;250829970399;1107;9;1;1;1
250829970399;250829970735;336;9;1;1;1
250829970735;250829970757;22;9;1;1;1
250829970757;250829970850;93;9;1;1;1
250829970850;250829971016;166;9;1;1;1
250829971016;250829971092;76;9;1;1;1
250829971092;250829971602;510;9;1;1;1
250829971602;250829971719;117;9;1;1;1
250829971719;250829971749;30;9;1;1;1
250829971749;250829971799;50;9;1;1;1
250829971799;250829971899;100;9;1;1;1
250829971899;250829971915;16;9;1;1;1
250829971915;250829972033;118;9;1;1;1
250829972033;250829972326;293;9;1;1;1
250829972326;250829972399;73;9;1;1;1
250829972399;250829972560;161;9;1;1;1
250829972560;250829972824;264;9;1;1;1
250829972824;250829973042;218;9;1;1;1
250829973042;250829973140;98;9;1;1;1
250829973140;250829973193;53;9;1;1;1
250829973193;250829973326;133;9;1;1;1
250829973326;250829973343;17;9;1;1;1
250829973343;250829973926;583;9;1;1;1
250829973926;250829973953;27;9;1;1;1
250829973953;250829973994;41;9;1;1;1
250829973994;250829974038;44;9;1;1;1
250829974038;250829974101;63;9;1;1;1
250829974101;250829974157;56;9;1;1;1
250829974157;250829974329;172;9;1;1;1
250829974329;250829974462;133;9;1;1;1
250829974462;250829974655;193;9;1;1;1
250829974655;250829975639;984;9;1;1;1
250829975639;250829975663;24;9;1;1;1
250829975663;250829975833;170;9;1;1;1
250829975833;250829975925;92;9;1;1;1
250829975925;250829976237;312;9;1;1;1
250829976237;250829976685;448;9;1;1;1
250829976685;250829976803;118;9;1;1;1
250829976803;250829976808;5;9;1;1;1
250829976808;250829977147;339;9;1;1;1
250829977147;250829977691;544;9;1;1;1
250829977691;250829977760;69;9;1;1;1
250829977760;250829977781;21;9;1;1;1
250829977781;250829978903;1122;9;1;1;1
250829978903;250829978952;49;9;1;1;1
250829978952;250829979060;108;9;1;1;1
250829979060;250829979123;63;9;1;1;1
250829979123;250829979226;103;9;1;1;1
250829979226;250829979627;401;9;1;1;1
250829979627;250829979691;64;9;1;1;1
250829979691;250829979756;65;9;1;1;1
250829979756;250829979998;242;9;1;1;1
250829979998;250829980352;354;9;1;1;1
250829980352;250829980531;179;9;1;1;1
250829980531;250829981036;505;9;1;1;1
250829981036;250829981577;541;9;1;1;1
250829981577;250829981794;217;9;1;1;1
250829981794;250829982771;977;9;1;1;1
250829982771;250829983315;544;9;1;1;1
250829983315;250829983382;67;9;1;1;1
250829983382;250829983609;227;9;1;1;1
250829983609;250829983905;296;9;1;1;1
250829983905;250829984154;249;9;1;1;1
250829984154;250829984247;93;9;1;1;1
250829984247;250829984300;53;9;1;1;1
250829984300;250829984376;76;9;1;1;1
250829984376;250829984482;106;9;1;1;1
250829984482;250829984604;122;9;1;1;1
250829984604;250829984629;25;9;1;1;1
250829984629;250829984664;35;9;1;1;1
250829984664;250829984719;55;9;1;1;1
250829984719;250829985253;534;9;1;1;1
250829985253;250829985470;217;9;1;1;1
250829985470;250829985505;35;9;1;1;1
250829985505;250829985702;197;9;1;1;1
250829985702;250829985723;21;9;1;1;1
250829985723;250829985787;64;9;1;1;1
250829985787;250829985943;156;9;1;1;1
250829985943;250829986593;650;9;1;1;1
250829986593;250829987266;673;9;1;1;1
250829987266;250829987301;35;9;1;1;1
250829987301;250829987360;59;9;1;1;1
250829987360;250829987405;45;9;1;1;1
250829987405;250829987518;113;9;1;1;1
250829987518;250829987870;352;9;1;1;1
250829987870;250829987902;32;9;1;1;1
250829987902;250829987933;31;9;1;1;1
250829987933;250829987962;29;9;1;1;1
250829987962;250829988171;209;9;1;1;1
250829988171;250829988282;111;9;1;1;1
250829988282;250829988432;150;9;1;1;1
250829988432;250829988628;196;9;1;1;1
250829988628;250829988666;38;9;1;1;1
250829988666;250829988752;86;9;1;1;1
250829988752;250829989164;412;9;1;1;1
250829989164;250829989302;138;9;1;1;1
250829989302;250829989803;501;9;1;1;1
250829989803;250829990067;264;9;1;1;1
250829990067;250829990107;40;9;1;1;1
250829990107;250829990377;270;9;1;1;1
250829990377;250829990450;73;9;1;1;1
250829990450;250829990720;270;9;1;1;1
250829990720;250829990768;48;9;1;1;1
250829990768;250829990842;74;9;1;1;1
250829990842;250829990927;85;9;1;1;1
250829990927;250829991189;262;9;1;1;1
250829991189;250829991473;284;9;1;1;1
250829991473;250829991699;226;9;1;1;1
250829991699;250829991735;36;9;1;1;1
250829991735;250829992055;320;9;1;1;1
250829992055;250829992118;63;9;1;1;1
250829992118;250829992148;30;9;1;1;1
250829992148;250829992177;29;9;1;1;1
250829992177;250829992212;35;9;1;1;1
250829992212;250829992246;34;9;1;1;1
250829992246;250829992368;122;9;1;1;1
250829992368;250829992478;110;9;1;1;1
250829992478;250829992725;247;9;1;1;1
250829992725;250829992778;53;9;1;1;1
250829992778;250829992963;185;9;1;1;1
250829992963;250829992994;31;9;1;1;1
250829992994;250829993065;71;9;1;1;1
250829993065;250829993195;130;9;1;1;1
250829993195;250829993258;63;9;1;1;1
250829993258;250829993368;110;9;1;1;1
250829993368;250829993900;532;9;1;1;1
250829993900;250829994167;267;9;1;1;1
250829994167;250829994835;668;9;1;1;1
250829994835;250829994940;105;9;1;1;1
250829994940;250829995031;91;9;1;1;1
250829995031;250829995066;35;9;1;1;1
250829995066;250829995160;94;9;1;1;1
250829995160;250829995428;268;9;1;1;1
250829995428;250829995465;37;9;1;1;1
250829995465;250829995477;12;9;1;1;1
250829995477;250829995836;359;9;1;1;1
250829995836;250829995856;20;9;1;1;1
250829995856;250829996068;212;9;1;1;1
250829996068;250829996906;838;9;1;1;1
250829996906;250829997472;566;9;1;1;1
250829997472;250829997496;24;9;1;1;1
250829997496;250829997497;1;9;1;1;1
250829997497;250829997550;53;9;1;1;1
250829997550;250829997644;94;9;1;1;1
250829997644;250829997732;88;9;1;1;1
250829997732;250829997885;153;9;1;1;1
250829997885;250829998069;184;9;1;1;1
250829998069;250829998078;9;9;1;1;1
250829998078;250829998383;305;9;1;1;1
250829998383;250829998492;109;9;1;1;1
250829998492;250829998762;270;9;1;1;1
250829998762;250829998836;74;9;1;1;1
250829998836;250829999150;314;9;1;1;1
250829999150;250829999340;190;9;1;1;1
250829999340;250829999522;182;9;1;1;1
250829999522;250829999742;220;9;1;1;1
250829999742;250829999790;48;9;1;1;1
250829999790;250829999934;144;9;1;1;1
250829999934;250829999941;7;9;1;1;1
250829999941;250829999991;50;9;1;1;1
250829999991;250830000018;27;9;1;1;1
250830000018;250830000075;57;9;1;1;1
250830000075;250830000117;42;9;1;1;1
250830000117;250830000393;276;9;1;1;1
250830000393;250830000398;5;9;1;1;1
250830000398;250830000665;267;9;1;1;1
250830000665;250830000683;18;9;1;1;1
250830000683;250830000715;32;9;1;1;1
250830000715;250830000810;95;9;1;1;1
250830000810;250830000826;16;9;1;1;1
250830000826;250830000955;129;9;1;1;1
250830000955;250830001029;74;9;1;1;1
250830001029;250830001064;35;9;1;1;1
250830001064;250830001097;33;9;1;1;1
250830001097;250830001216;119;9;1;1;1
250830001216;250830001287;71;9;1;1;1
250830001287;250830001401;114;9;1;1;1
250830001401;250830001601;200;9;1;1;1
250830001601;250830001675;74;9;1;1;1
250830001675;250830001723;48;9;1;1;1
250830001723;250830001763;40;9;1;1;1
250830001763;250830001793;30;9;1;1;1
250830001793;250830001820;27;9;1;1;1
250830001820;250830002065;245;9;1;1;1
250830002065;250830002509;444;9;1;1;1
250830002509;250830002754;245;9;1;1;1
250830002754;250830002789;35;9;1;1;1
250830002789;250830002887;98;9;1;1;1
250830002887;250830003054;167;9;1;1;1
250830003054;250830003098;44;9;1;1;1
250830003098;250830003142;44;9;1;1;1
250830003142;250830003172;30;9;1;1;1
250830003172;250830003220;48;9;1;1;1
250830003220;250830003325;105;9;1;1;1
250830003325;250830003390;65;9;1;1;1
250830003390;250830003402;12;9;1;1;1
250830003402;250830003407;5;9;1;1;1
250830003407;250830003411;4;9;1;1;1
250830003411;250830003421;10;9;1;1;1
250830003421;250830003505;84;9;1;1;1
250830003505;250830003520;15;9;1;1;1
250830003520;250830003530;10;9;1;1;1
250830003530;250830003633;103;9;1;1;1
250830003633;250830003715;82;9;1;1;1
250830003715;250830003747;32;9;1;1;1
250830003747;250830003775;28;9;1;1;1
250830003775;250830003979;204;9;1;1;1
250830003979;250830004037;58;9;1;1;1
250830004037;250830004182;145;9;1;1;1
250830004182;250830004340;158;9;1;1;1
250830004340;250830004479;139;9;1;1;1
250830004479;250830004860;381;9;1;1;1
250830004860;250830005029;169;9;1;1;1
250830005029;250830005564;535;9;1;1;1
250830005564;250830006131;567;9;1;1;1
250830006131;250830006993;862;9;1;1;1
250830006993;250830007419;426;9;1;1;1
250830007419;250830007515;96;9;1;1;1
250830007515;250830007662;147;9;1;1;1
250830007662;250830007783;121;9;1;1;1
250830007783;250830008002;219;9;1;1;1
250830008002;250830008497;495;9;1;1;1
250830008497;250830008648;151;9;1;1;1
250830008648;250830009078;430;9;1;1;1
250830009078;250830009587;509;9;1;1;1
250830009587;250830010704;1117;9;1;1;1
250830010704;250830011458;754;9;1;1;1
250830011458;250830012578;1120;9;1;1;1
250830012578;250830012697;119;9;1;1;1
250830012697;250830012703;6;9;1;1;1
250830012703;250830012803;100;9;1;1;1
250830012803;250830014191;1388;9;1;1;1
250830014191;250830014282;91;9;1;1;1
250830014282;250830014767;485;9;1;1;1
250830014767;250830014798;31;9;1;1;1
250830014798;250830015114;316;9;1;1;1
250830015114;250830015162;48;9;1;1;1
250830015162;250830015256;94;9;1;1;1
250830015256;250830015821;565;9;1;1;1
250830015821;250830017722;1901;9;1;1;1
250830017722;250830017866;144;9;1;1;1
250830017866;250830017927;61;9;1;1;1
250830017927;250830017998;71;9;1;1;1
250830017998;250830018321;323;9;1;1;1
250830018321;250830019124;803;9;1;1;1
250830019124;250830019310;186;9;1;1;1
250830019310;250830019421;111;9;1;1;1
250830019421;250830019488;67;9;1;1;1
250830019488;250830019830;342;9;1;1;1
250830019830;250830020054;224;9;1;1;1
250830020054;250830020084;30;9;1;1;1
250830020084;250830020551;467;9;1;1;1
250830020551;250830020696;145;9;1;1;1
250830020696;250830020850;154;9;1;1;1
250830020850;250830020926;76;9;1;1;1
250830020926;250830021007;81;9;1;1;1
250830021007;250830021361;354;9;1;1;1
250830021361;250830021505;144;9;1;1;1
250830021505;250830021778;273;9;1;1;1
250830021778;250830021898;120;9;1;1;1
250830021898;250830021994;96;9;1;1;1
250830021994;250830022429;435;9;1;1;1
250830022429;250830022571;142;9;1;1;1
250830022571;250830022715;144;9;1;1;1
250830022715;250830022825;110;9;1;1;1
250830022825;250830022893;68;9;1;1;1
250830022893;250830022899;6;9;1;1;1
250830022899;250830022962;63;9;1;1;1
250830022962;250830022977;15;9;1;1;1
250830022977;250830023301;324;9;1;1;1
250830023301;250830023324;23;9;1;1;1
250830023324;250830023645;321;9;1;1;1
250830023645;250830023728;83;9;1;1;1
250830023728;250830024288;560;9;1;1;1
250830024288;250830024583;295;9;1;1;1
250830024583;250830024845;262;9;1;1;1
250830024845;250830024929;84;9;1;1;1
250830024929;250830025417;488;9;1;1;1
250830025417;250830025486;69;9;1;1;1
250830025486;250830025502;16;9;1;1;1
250830025502;250830025782;280;9;1;1;1
250830025782;250830025865;83;9;1;1;1
250830025865;250830026121;256;9;1;1;1
250830026121;250830026416;295;9;1;1;1
250830026416;250830026541;125;9;1;1;1
250830026541;250830026609;68;9;1;1;1
250830026609;250830026672;63;9;1;1;1
250830026672;250830027065;393;9;1;1;1
250830027065;250830027502;437;9;1;1;1
250830027502;250830027518;16;9;1;1;1
250830027518;250830027972;454;9;1;1;1
250830027972;250830028070;98;9;1;1;1
250830028070;250830028226;156;9;1;1;1
250830028226;250830028293;67;9;1;1;1
250830028293;250830028370;77;9;1;1;1
250830028370;250830028622;252;9;1;1;1
250830028622;250830029379;757;9;1;1;1
250830029379;250830029479;100;9;1;1;1
250830029479;250830029571;92;9;1;1;1
250830029571;250830029691;120;9;1;1;1
250830029691;250830029715;24;9;1;1;1
250830029715;250830029965;250;9;1;1;1
250830029965;250830030169;204;9;1;1;1
250830030169;250830030454;285;9;1;1;1
250830030454;250830030508;54;9;1;1;1
250830030508;250830030802;294;9;1;1;1
250830030802;250830031002;200;9;1;1;1
250830031002;250830031430;428;9;1;1;1
250830031430;250830031566;136;9;1;1;1
250830031566;250830031685;119;9;1;1;1
250830031685;250830031946;261;9;1;1;1
250830031946;250830032178;232;9;1;1;1
250830032178;250830032209;31;9;1;1;1
250830032209;250830032359;150;9;1;1;1
250830032359;250830032381;22;9;1;1;1
250830032381;250830032607;226;9;1;1;1
250830032607;250830032798;191;9;1;1;1
250830032798;250830032831;33;9;1;1;1
250830032831;250830032854;23;9;1;1;1
250830032854;250830032873;19;9;1;1;1
250830032873;250830032931;58;9;1;1;1
250830032931;250830033158;227;9;1;1;1
250830033158;250830033258;100;9;1;1;1
250830033258;250830033388;130;9;1;1;1
250830033388;250830034092;704;9;1;1;1
250830034092;250830034151;59;9;1;1;1
250830034151;250830034387;236;9;1;1;1
250830034387;250830034751;364;9;1;1;1
250830034751;250830035782;1031;9;1;1;1
250830035782;250830035983;201;9;1;1;1
250830035983;250830036282;299;9;1;1;1
250830036282;250830036589;307;9;1;1;1
250830036589;250830036658;69;9;1;1;1
250830036658;250830036970;312;9;1;1;1
250830036970;250830037177;207;9;1;1;1
250830037177;250830037622;445;9;1;1;1
250830037622;250830038029;407;9;1;1;1
250830038029;250830039038;1009;9;1;1;1
250830039038;250830039386;348;9;1;1;1
250830039386;250830039544;158;9;1;1;1
250830039544;250830039630;86;9;1;1;1
250830039630;250830039709;79;9;1;1;1
250830039709;250830040146;437;9;1;1;1
250830040146;250830040625;479;9;1;1;1
250830040625;250830041158;533;9;1;1;1
250830041158;250830041528;370;9;1;1;1
250830041528;250830041953;425;9;1;1;1
250830041953;250830041995;42;9;1;1;1
250830041995;250830042108;113;9;1;1;1
250830042108;250830042238;130;9;1;1;1
250830042238;250830042509;271;9;1;1;1
250830042509;250830042544;35;9;1;1;1
250830042544;250830042944;400;9;1;1;1
250830042944;250830043667;723;9;1;1;1
250830043667;250830044733;1066;9;1;1;1
250830044733;250830045052;319;9;1;1;1
250830045052;250830046158;1106;9;1;1;1
250830046158;250830046292;134;9;1;1;1
250830046292;250830046395;103;9;1;1;1
250830046395;250830046446;51;9;1;1;1
250830046446;250830046958;512;9;1;1;1
250830046958;250830047163;205;9;1;1;1
250830047163;250830047858;695;9;1;1;1
250830047858;250830048087;229;9;1;1;1
250830048087;250830048166;79;9;1;1;1
250830048166;250830049868;1702;9;1;1;1
250830049868;250830051587;1719;9;1;1;1
250830051587;250830051744;157;9;1;1;1
250830051744;250830052940;1196;9;1;1;1
250830052940;250830053997;1057;9;1;1;1
250830053997;250830055588;1591;9;1;1;1
250830055588;250830056219;631;9;1;1;1
250830056219;250830056603;384;9;1;1;1
250830056603;250830057131;528;9;1;1;1
250830057131;250830057233;102;9;1;1;1
250830057233;250830057327;94;9;1;1;1
250830057327;250830058428;1101;9;1;1;1
250830058428;250830058656;228;9;1;1;1
250830058656;250830058854;198;9;1;1;1
250830058854;250830059356;502;9;1;1;1
250830059356;250830059477;121;9;1;1;1
250830059477;250830059916;439;9;1;1;1
250830059916;250830060096;180;9;1;1;1
250830060096;250830060952;856;9;1;1;1
250830060952;250830061447;495;9;1;1;1
250830061447;250830061481;34;9;1;1;1
250830061481;250830062948;1467;9;1;1;1
250830062948;250830063032;84;9;1;1;1
250830063032;250830063249;217;9;1;1;1
250830063249;250830063923;674;9;1;1;1
250830063923;250830064284;361;9;1;1;1
250830064284;250830065027;743;9;1;1;1
250830065027;250830065353;326;9;1;1;1
250830065353;250830065434;81;9;1;1;1
250830065434;250830066243;809;9;1;1;1
250830066243;250830066385;142;9;1;1;1
250830066385;250830066857;472;9;1;1;1
250830066857;250830067054;197;9;1;1;1
250830067054;250830067583;529;9;1;1;1
250830067583;250830068180;597;9;1;1;1
250830068180;250830068249;69;9;1;1;1
250830068249;250830068495;246;9;1;1;1
250830068495;250830068728;233;9;1;1;1
250830068728;250830070894;2166;9;1;1;1
250830070894;250830072919;2025;9;1;1;1
250830072919;250830073613;694;9;1;1;1
250830073613;250830073829;216;9;1;1;1
250830073829;250830073994;165;9;1;1;1
250830073994;250830074427;433;9;1;1;1
250830074427;250830074540;113;9;1;1;1
250830074540;250830075023;483;9;1;1;1
250830075023;250830075360;337;9;1;1;1
250830075360;250830075969;609;9;1;1;1
250830075969;250830077785;1816;9;1;1;1
250830077785;250830077918;133;9;1;1;1
250830077918;250830078042;124;9;1;1;1
250830078042;250830078902;860;9;1;1;1
250830078902;250830079175;273;9;1;1;1
250830079175;250830080131;956;9;1;1;1
250830080131;250830081094;963;9;1;1;1
250830081094;250830081654;560;9;1;1;1
250830081654;250830081944;290;9;1;1;1
250830081944;250830082697;753;9;1;1;1
250830082697;250830083070;373;9;1;1;1
250830083070;250830084064;994;9;1;1;1
250830084064;250830084284;220;9;1;1;1
250830084284;250830084368;84;9;1;1;1
250830084368;250830084570;202;9;1;1;1
250830084570;250830085658;1088;9;1;1;1
250830085658;250830085731;73;9;1;1;1
250830085731;250830086163;432;9;1;1;1
250830086163;250830089272;3109;9;1;1;1
250830089272;250830090533;1261;9;1;1;1
250830090533;250830091547;1014;9;1;1;1
250830091547;250830092084;537;9;1;1;1
250830092084;250830094061;1977;9;1;1;1
250830094061;250830094283;222;9;1;1;1
250830094283;250830094969;686;9;1;1;1
250830094969;250830095056;87;9;1;1;1
250830095056;250830095445;389;9;1;1;1
250830095445;250830096401;956;9;1;1;1
250830096401;250830097609;1208;9;1;1;1
250830097609;250830099940;2331;9;1;1;1
250830099940;250830100467;527;9;1;1;1
250830100467;250830100735;268;9;1;1;1
250830100735;250830100825;90;9;1;1;1
250830100825;250830101910;1085;9;1;1;1
250830101910;250830102005;95;9;1;1;1
250830102005;250830102055;50;9;1;1;1
250830102055;250830103742;1687;9;1;1;1
250830103742;250830103782;40;9;1;1;1
250830103782;250830103864;82;9;1;1;1
250830103864;250830104151;287;9;1;1;1
250830104151;250830104411;260;9;1;1;1
250830104411;250830105304;893;9;1;1;1
250830105304;250830107768;2464;9;1;1;1
250830107768;250830108097;329;9;1;1;1
250830108097;250830108171;74;9;1;1;1
250830108171;250830108306;135;9;1;1;1
250830108306;250830108383;77;9;1;1;1
250830108383;250830108453;70;9;1;1;1
250830108453;250830109086;633;9;1;1;1
250830109086;250830109374;288;9;1;1;1
250830109374;250830110232;858;9;1;1;1
250830110232;250830111332;1100;9;1;1;1
250830111332;250830111847;515;9;1;1;1
250830111847;250830111992;145;9;1;1;1
250830111992;250830112094;102;9;1;1;1
250830112094;250830113266;1172;9;1;1;1
250830113266;250830113273;7;9;1;1;1
250830113273;250830116712;3439;9;1;1;1
250830116712;250830116945;233;9;1;1;1
250830116945;250830117292;347;9;1;1;1
250830117292;250830117683;391;9;1;1;1
250830117683;250830117809;126;9;1;1;1
250830117809;250830117898;89;9;1;1;1
250830117898;250830117931;33;9;1;1;1
250830117931;250830118039;108;9;1;1;1
250830118039;250830120284;2245;9;1;1;1
250830120284;250830120399;115;9;1;1;1
250830120399;250830120561;162;9;1;1;1
250830120561;250830121439;878;9;1;1;1
250830121439;250830122047;608;9;1;1;1
250830122047;250830122157;110;9;1;1;1
250830122157;250830123465;1308;9;1;1;1
250830123465;250830127686;4221;9;1;1;1
250830127686;250830128699;1013;9;1;1;1
250830128699;250830128893;194;9;1;1;1
250830128893;250830129184;291;9;1;1;1
250830129184;250830129689;505;9;1;1;1
250830129689;250830130396;707;9;1;1;1
250830130396;250830133314;2918;9;1;1;1
250830133314;250830136820;3506;9;1;1;1
250830136820;250830139211;2391;9;1;1;1
250830139211;250830139511;300;9;1;1;1
250830139511;250830140044;533;9;1;1;1
250830140044;250830140488;444;9;1;1;1
250830140488;250830140709;221;9;1;1;1
250830140709;250830140811;102;9;1;1;1
250830140811;250830140913;102;9;1;1;1
250830140913;250830141153;240;9;1;1;1
250830141153;250830142703;1550;9;1;1;1
250830142703;250830143031;328;9;1;1;1
250830143031;250830146525;3494;9;1;1;1
250830146525;250830146982;457;9;1;1;1
250830146982;250830147306;324;9;1;1;1
250830147306;250830147338;32;9;1;1;1
250830147338;250830148371;1033;9;1;1;1
250830148371;250830148486;115;9;1;1;1
250830148486;250830150065;1579;9;1;1;1
250830150065;250830151946;1881;9;1;1;1
250830151946;250830152998;1052;9;1;1;1
250830152998;250830153222;224;9;1;1;1
250830153222;250830153993;771;9;1;1;1
250830153993;250830154969;976;9;1;1;1
250830154969;250830155817;848;9;1;1;1
250830155817;250830159372;3555;9;1;1;1
250830159372;250830160020;648;9;1;1;1
250830160020;250830160482;462;9;1;1;1
250830160482;250830161027;545;9;1;1;1
250830161027;250830161233;206;9;1;1;1
250830161233;250830161506;273;9;1;1;1
250830161506;250830162887;1381;9;1;1;1
250830162887;250830162965;78;9;1;1;1
250830162965;250830163163;198;9;1;1;1
250830163163;250830163303;140;9;1;1;1
250830163303;250830165510;2207;9;1;1;1
250830165510;250830165876;366;9;1;1;1
250830165876;250830165973;97;9;1;1;1
250830165973;250830166061;88;9;1;1;1
250830166061;250830166441;380;9;1;1;1
250830166441;250830166476;35;9;1;1;1
250830166476;250830166921;445;9;1;1;1
250830166921;250830167330;409;9;1;1;1
250830167330;250830170665;3335;9;1;1;1
250830170665;250830170769;104;9;1;1;1
250830170769;250830171154;385;9;1;1;1
250830171154;250830171250;96;9;1;1;1
250830171250;250830173479;2229;9;1;1;1
250830173479;250830176242;2763;9;1;1;1
250830176357;250830176651;294;9;1;1;1
250830176651;250830178709;2058;9;1;1;1
250830178709;250830179830;1121;9;1;1;1
250830179830;250830182726;2896;9;1;1;1
250830182726;250830182813;87;9;1;1;1
250830182813;250830183733;920;9;1;1;1
250830183733;250830185037;1304;9;1;1;1
250830185037;250830185155;118;9;1;1;1
250830185155;250830186376;1221;9;1;1;1
250830186376;250830186539;163;9;1;1;1
250830186539;250830187893;1354;9;1;1;1
250830187893;250830188026;133;9;1;1;1
250830188026;250830188318;292;9;1;1;1
250830188608;250830188623;15;9;1;1;1
250830188623;250830189540;917;9;1;1;1
250830189540;250830190117;577;9;1;1;1
250830190117;250830192578;2461;9;1;1;1
250830192578;250830192648;70;9;1;1;1
250830195308;250830195552;244;9;1;1;1
250830200372;250830203359;2987;9;1;1;1
250830222627;250830222648;21;9;1;1;1
250830222648;250830222952;304;9;1;1;1
250830222952;250830223178;226;9;1;1;1
250835844894;250835879667;34773;9;1;1;1
250835879667;250835896594;16927;9;1;1;1
250835896594;250835903883;7289;9;1;1;1
250835903883;250835914873;10990;9;1;1;1
250835914873;250835920084;5211;9;1;1;1
250835920084;250835931183;11099;9;1;1;1
250835931183;250835940948;9765;9;1;1;1
250835980190;250835989087;8897;9;1;1;1
250835989087;250835989564;477;9;1;1;1
250835989564;250835998397;8833;9;1;1;1
250835998397;250836010407;12010;9;1;1;1
250836010407;250836013883;3476;9;1;1;1
250836013883;250836021070;7187;9;1;1;1
250836021070;250836036282;15212;9;1;1;1
250836036282;250836038126;1844;9;1;1;1
250836038126;250836047498;9372;9;1;1;1
250836050287;250836067554;17267;9;1;1;1
250836067554;250836080933;13379;9;1;1;1
250836080933;250836089009;8076;9;1;1;1
250836089009;250836096089;7080;9;1;1;1
250836096089;250836102825;6736;9;1;1;1
250836102825;250836116690;13865;9;1;1;1
250836116690;250836120449;3759;9;1;1;1
250836120449;250836121808;1359;9;1;1;1
250836121808;250836136296;14488;9;1;1;1
250836136296;250836138275;1979;9;1;1;1
250836138275;250836139271;996;9;1;1;1
250836139271;250836153885;14614;9;1;1;1
250836153885;250836156838;2953;9;1;1;1
250836156838;250836169759;12921;9;1;1;1
250836169759;250836177898;8139;9;1;1;1
250836177898;250836178659;761;9;1;1;1
250836178659;250836180092;1433;9;1;1;1
250836180092;250836188039;7947;9;1;1;1
250836188039;250836188108;69;9;1;1;1
250836188108;250836188163;55;9;1;1;1
250836188163;250836188423;260;9;1;1;1
250836188423;250836197560;9137;9;1;1;1
250836197560;250836201499;3939;9;1;1;1
250836201499;250836201534;35;9;1;1;1
250836201534;250836213503;11969;9;1;1;1
250836213503;250836215607;2104;9;1;1;1
250836215607;250836217329;1722;9;1;1;1
250836217329;250836219453;2124;9;1;1;1
250836219453;250836225024;5571;9;1;1;1
250836225024;250836226021;997;9;1;1;1
250836226021;250836231470;5449;9;1;1;1
250836231470;250836241824;10354;9;1;1;1
250836241824;250836252052;10228;9;1;1;1
250836252052;250836257666;5614;9;1;1;1
250836257666;250836257734;68;9;1;1;1
250836257734;250836260017;2283;9;1;1;1
250836260017;250836262876;2859;9;1;1;1
250836262876;250836269427;6551;9;1;1;1
250836269427;250836272485;3058;9;1;1;1
250836272485;250836278285;5800;9;1;1;1
250836278285;250836281573;3288;9;1;1;1
250836281573;250836282599;1026;9;1;1;1
250836282599;250836282972;373;9;1;1;1
250836282972;250836287692;4720;9;1;1;1
250836287692;250836290204;2512;9;1;1;1
250836290204;250836293488;3284;9;1;1;1
250836293488;250836296924;3436;9;1;1;1
250836296924;250836297711;787;9;1;1;1
250836297711;250836302931;5220;9;1;1;1
250836302931;250836304276;1345;9;1;1;1
250836304276;250836305148;872;9;1;1;1
250836305148;250836305181;33;9;1;1;1
250836305181;250836305201;20;9;1;1;1
250836305201;250836308329;3128;9;1;1;1
250836308329;250836311006;2677;9;1;1;1
250836311006;250836315826;4820;9;1;1;1
250836315826;250836316001;175;9;1;1;1
250836316001;250836319122;3121;9;1;1;1
250836319122;250836320603;1481;9;1;1;1
250836320603;250836320634;31;9;1;1;1
250836320634;250836326642;6008;9;1;1;1
250836326642;250836326699;57;9;1;1;1
250836326699;250836337246;10547;9;1;1;1
250836337246;250836337955;709;9;1;1;1
250836337955;250836345492;7537;9;1;1;1
250836345492;250836349391;3899;9;1;1;1
250836349391;250836349626;235;9;1;1;1
250836349626;250836349648;22;9;1;1;1
250836349648;250836352948;3300;9;1;1;1
250836352948;250836353036;88;9;1;1;1
250836353036;250836353082;46;9;1;1;1
250836353082;250836358317;5235;9;1;1;1
250836358317;250836361879;3562;9;1;1;1
250836361879;250836362192;313;9;1;1;1
250836362192;250836365333;3141;9;1;1;1
250836365333;250836365812;479;9;1;1;1
250836365812;250836374343;8531;9;1;1;1
250836374343;250836380194;5851;9;1;1;1
250836380194;250836381069;875;9;1;1;1
250836381069;250836383386;2317;9;1;1;1
250836383386;250836392222;8836;9;1;1;1
250836392222;250836392819;597;9;1;1;1
250836392819;250836393404;585;9;1;1;1
250836393404;250836393844;440;9;1;1;1
250836393844;250836402256;8412;9;1;1;1
250836402256;250836402308;52;9;1;1;1
250836402308;250836407172;4864;9;1;1;1
250836407172;250836410594;3422;9;1;1;1
250836410594;250836410650;56;9;1;1;1
250836410650;250836410672;22;9;1;1;1
250836410672;250836412711;2039;9;1;1;1
250836412711;250836419138;6427;9;1;1;1
250836419138;250836424534;5396;9;1;1;1
250836424534;250836430750;6216;9;1;1;1
250836431299;250836443197;11898;9;1;1;1
250836443197;250836445246;2049;9;1;1;1
250836445246;250836446038;792;9;1;1;1
250836446038;250836455505;9467;9;1;1;1
250836455505;250836462355;6850;9;1;1;1
250836462355;250836463247;892;9;1;1;1
250836463247;250836467729;4482;9;1;1;1
250836471843;250836476363;4520;9;1;1;1
250836476363;250836479128;2765;9;1;1;1
250836479128;250836479563;435;9;1;1;1
250836479563;250836479731;168;9;1;1;1
250836479731;250836486142;6411;9;1;1;1
250836486142;250836486453;311;9;1;1;1
250836486453;250836486791;338;9;1;1;1
250836486791;250836489423;2632;9;1;1;1
250836489423;250836491145;1722;9;1;1;1
250836491145;250836491284;139;9;1;1;1
250836491284;250836492616;1332;9;1;1;1
250836492616;250836494643;2027;9;1;1;1
250836494643;250836497358;2715;9;1;1;1
250836497358;250836498186;828;9;1;1;1
250836498186;250836498812;626;9;1;1;1
250836498812;250836500482;1670;9;1;1;1
250836500482;250836500768;286;9;1;1;1
250836500768;250836502584;1816;9;1;1;1
250836502584;250836503185;601;9;1;1;1
250836503185;250836504985;1800;9;1;1;1
250836504985;250836506244;1259;9;1;1;1
250836506244;250836507799;1555;9;1;1;1
250836507799;250836508142;343;9;1;1;1
250836508142;250836508688;546;9;1;1;1
250836508688;250836511749;3061;9;1;1;1
250836511749;250836514671;2922;9;1;1;1
250836514671;250836518427;3756;9;1;1;1
250836526339;250836527582;1243;9;1;1;1
250836527582;250836531565;3983;9;1;1;1
250836531565;250836536805;5240;9;1;1;1
250836536805;250836537848;1043;9;1;1;1
250836537848;250836542158;4310;9;1;1;1
250836542158;250836543190;1032;9;1;1;1
250836543190;250836543432;242;9;1;1;1
250836543432;250836543829;397;9;1;1;1
250836543829;250836547744;3915;9;1;1;1
250836547744;250836547802;58;9;1;1;1
250836547802;250836548583;781;9;1;1;1
250836548583;250836550512;1929;9;1;1;1
250836550512;250836551777;1265;9;1;1;1
250836551777;250836551863;86;9;1;1;1
250836551863;250836551899;36;9;1;1;1
250836551899;250836551962;63;9;1;1;1
250836551962;250836552270;308;9;1;1;1
250836552270;250836555478;3208;9;1;1;1
250836555478;250836556925;1447;9;1;1;1
250836556925;250836561430;4505;9;1;1;1
250836561430;250836563469;2039;9;1;1;1
250836563469;250836563893;424;9;1;1;1
250836563893;250836566335;2442;9;1;1;1
250836566335;250836567115;780;9;1;1;1
250836567115;250836567951;836;9;1;1;1
250836567951;250836568504;553;9;1;1;1
250836568504;250836570116;1612;9;1;1;1
250836570219;250836570396;177;9;1;1;1
250836574070;250836575331;1261;9;1;1;1
250836578140;250836583943;5803;9;1;1;1
250836583943;250836587340;3397;9;1;1;1
250836587340;250836601076;13736;9;1;1;1
250836601076;250836603023;1947;9;1;1;1
250836603023;250836604891;1868;9;1;1;1
250836604891;250836611634;6743;9;1;1;1
250836611634;250836611810;176;9;1;1;1
250836611810;250836612624;814;9;1;1;1
250836612624;250836616879;4255;9;1;1;1
250836616879;250836617828;949;9;1;1;1
250836617828;250836625229;7401;9;1;1;1
250836625229;250836628546;3317;9;1;1;1
250836628546;250836631391;2845;9;1;1;1
250836631391;250836632443;1052;9;1;1;1
250836632443;250836639887;7444;9;1;1;1
250836639887;250836641784;1897;9;1;1;1
250836641784;250836643143;1359;9;1;1;1
250836643143;250836643344;201;9;1;1;1
250836643344;250836645762;2418;9;1;1;1
250836645762;250836650005;4243;9;1;1;1
250836650005;250836652518;2513;9;1;1;1
250836652518;250836652886;368;9;1;1;1
250836652886;250836656236;3350;9;1;1;1
250836656236;250836663517;7281;9;1;1;1
250836663517;250836667000;3483;9;1;1;1
250836667000;250836667063;63;9;1;1;1
250836667063;250836667278;215;9;1;1;1
250836667278;250836677197;9919;9;1;1;1
250836677197;250836695526;18329;9;1;1;1
250836714651;250836714863;212;9;1;1;1
250836730119;250836730481;362;9;1;1;1
250836745657;250836745671;14;9;1;1;1
250836745671;250836745832;161;9;1;1;1
250836745832;250836748802;2970;9;1;1;1
250836748802;250836749034;232;9;1;1;1
250836749034;250836750137;1103;9;1;1;1
250836750137;250836750714;577;9;1;1;1
250836750714;250836755111;4397;9;1;1;1
250836755111;250836755282;171;9;1;1;1
250836755282;250836768418;13136;9;1;1;1
250836768418;250836769014;596;9;1;1;1
250836769014;250836775020;6006;9;1;1;1
250836775020;250836775769;749;9;1;1;1
250836775769;250836778293;2524;9;1;1;1
250836778293;250836780265;1972;9;1;1;1
250836780265;250836780303;38;9;1;1;1
250836780303;250836780412;109;9;1;1;1
250836780412;250836781331;919;9;1;1;1
250836781331;250836781396;65;9;1;1;1
250836781396;250836781427;31;9;1;1;1
250836781427;250836781455;28;9;1;1;1
250836781455;250836781604;149;9;1;1;1
250836781604;250836781893;289;9;1;1;1
250836781893;250836783635;1742;9;1;1;1
250836783635;250836784893;1258;9;1;1;1
250836784893;250836784959;66;9;1;1;1
250836784959;250836785037;78;9;1;1;1
250836785037;250836785242;205;9;1;1;1
250836785242;250836785866;624;9;1;1;1
250836785866;250836785898;32;9;1;1;1
250836785898;250836786711;813;9;1;1;1
250836786711;250836787561;850;9;1;1;1
250836787561;250836795307;7746;9;1;1;1
250836795307;250836797529;2222;9;1;1;1
250836797529;250836800702;3173;9;1;1;1
250836800702;250836802127;1425;9;1;1;1
250836802127;250836802924;797;9;1;1;1
250836802924;250836803357;433;9;1;1;1
250836803357;250836804690;1333;9;1;1;1
250836804690;250836806621;1931;9;1;1;1
250836806621;250836807810;1189;9;1;1;1
250836807810;250836811354;3544;9;1;1;1
250836811354;250836815328;3974;9;1;1;1
250836815328;250836816825;1497;9;1;1;1
250836816825;250836819274;2449;9;1;1;1
250836819274;250836819506;232;9;1;1;1
250836830814;250836832975;2161;9;1;1;1
250836832975;250836833465;490;9;1;1;1
250836833465;250836834359;894;9;1;1;1
250836834360;250836836956;2596;9;1;1;1
250836836956;250836840420;3464;9;1;1;1
250836840420;250836841962;1542;9;1;1;1
250836841962;250836843187;1225;9;1;1;1
250836843187;250836844258;1071;9;1;1;1
250836844258;250836847720;3462;9;1;1;1
250836847720;250836848304;584;9;1;1;1
250836848304;250836850102;1798;9;1;1;1
250836850102;250836854640;4538;9;1;1;1
250836859715;250836860631;916;9;1;1;1
250836860848;250836861222;374;9;1;1;1
250836861222;250836861255;33;9;1;1;1
250836861255;250836863582;2327;9;1;1;1
250836863582;250836872461;8879;9;1;1;1
250836872461;250836872538;77;9;1;1;1
250836872538;250836873791;1253;9;1;1;1
250836873791;250836873820;29;9;1;1;1
250836873820;250836875694;1874;9;1;1;1
250836875694;250836876399;705;9;1;1;1
250836876399;250836876775;376;9;1;1;1
250836876775;250836882211;5436;9;1;1;1
250836882211;250836886217;4006;9;1;1;1
250836886217;250836888498;2281;9;1;1;1
250836888498;250836890273;1775;9;1;1;1
250836890273;250836895913;5640;9;1;1;1
250836895913;250836901612;5699;9;1;1;1
250836901612;250836902574;962;9;1;1;1
250836902574;250836903666;1092;9;1;1;1
250836903666;250836907506;3840;9;1;1;1
250836907506;250836911158;3652;9;1;1;1
250836911158;250836912450;1292;9;1;1;1
250836912450;250836913895;1445;9;1;1;1
250836913895;250836914058;163;9;1;1;1
250836914058;250836914549;491;9;1;1;1
250836914549;250836917549;3000;9;1;1;1
250836917549;250836919420;1871;9;1;1;1
250836919420;250836920091;671;9;1;1;1
250836920091;250836926846;6755;9;1;1;1
250836926846;250836928234;1388;9;1;1;1
250836928234;250836929274;1040;9;1;1;1
250836929274;250836929669;395;9;1;1;1
250836929669;250836931441;1772;9;1;1;1
250836931441;250836932701;1260;9;1;1;1
250836932701;250836934095;1394;9;1;1;1
250836934095;250836937528;3433;9;1;1;1
250836937528;250836939681;2153;9;1;1;1
250836939681;250836942493;2812;9;1;1;1
250836942493;250836943125;632;9;1;1;1
250836943125;250836946700;3575;9;1;1;1
250836946700;250836946742;42;9;1;1;1
250836946742;250836948320;1578;9;1;1;1
250836948320;250836948371;51;9;1;1;1
250836948371;250836948399;28;9;1;1;1
250836948399;250836948427;28;9;1;1;1
250836948427;250836948454;27;9;1;1;1
250836948454;250836948513;59;9;1;1;1
250836948513;250836951028;2515;9;1;1;1
250836951028;250836952021;993;9;1;1;1
250836952021;250836954429;2408;9;1;1;1
250836954429;250836954502;73;9;1;1;1
250836954502;250836954559;57;9;1;1;1
250836954559;250836954878;319;9;1;1;1
250836954878;250836955270;392;9;1;1;1
250836955270;250836955662;392;9;1;1;1
250836955662;250836957507;1845;9;1;1;1
250836957507;250836957623;116;9;1;1;1
250836957623;250836958242;619;9;1;1;1
250836958242;250836959928;1686;9;1;1;1
250836959928;250836966108;6180;9;1;1;1
250836972274;250836974598;2324;9;1;1;1
250836974598;250836975744;1146;9;1;1;1
250836975744;250836975837;93;9;1;1;1
250836975837;250836976474;637;9;1;1;1
250836976474;250836976765;291;9;1;1;1
250836976765;250836978108;1343;9;1;1;1
250836978108;250836979057;949;9;1;1;1
250836981418;250836984211;2793;9;1;1;1
250836985049;250836985222;173;9;1;1;1
250837001569;250837018048;16479;9;1;1;1
250837020156;250837020335;179;9;1;1;1
250837027796;250837035022;7226;9;1;1;1
250837158537;250837159595;1058;9;1;1;1
250837159595;250837160224;629;9;1;1;1
250837160224;250837164184;3960;9;1;1;1
250837164184;250837164252;68;9;1;1;1
250837164252;250837166290;2038;9;1;1;1
250837166290;250837166711;421;9;1;1;1
250837166711;250837166832;121;9;1;1;1
250837166832;250837166932;100;9;1;1;1
250837166932;250837168879;1947;9;1;1;1
250837168879;250837170339;1460;9;1;1;1
250837170339;250837179950;9611;9;1;1;1
250837179950;250837181493;1543;9;1;1;1
250837181493;250837183654;2161;9;1;1;1
250837208337;250837212728;4391;9;1;1;1
250837229567;250837245387;15820;9;1;1;1
250837245387;250837251377;5990;9;1;1;1
250837251377;250837257207;5830;9;1;1;1
250837318043;250837321135;3092;9;1;1;1
250837321135;250837322076;941;9;1;1;1
250837322076;250837323039;963;9;1;1;1
250837323039;250837330267;7228;9;1;1;1
250837330267;250837341782;11515;9;1;1;1
250837341782;250837346617;4835;9;1;1;1
250837346617;250837347453;836;9;1;1;1
250837347453;250837347489;36;9;1;1;1
250837347489;250837347519;30;9;1;1;1
250837347519;250837347550;31;9;1;1;1
250837347550;250837347612;62;9;1;1;1
250837347612;250837347642;30;9;1;1;1
250837347642;250837348810;1168;9;1;1;1
250837348810;250837348842;32;9;1;1;1
250837348842;250837351834;2992;9;1;1;1
250837351834;250837352393;559;9;1;1;1
250837352393;250837354605;2212;9;1;1;1
250837354605;250837356035;1430;9;1;1;1
250837356035;250837356146;111;9;1;1;1
250837356146;250837356635;489;9;1;1;1
250837356635;250837358483;1848;9;1;1;1
250837358483;250837358530;47;9;1;1;1
250837358530;250837358593;63;9;1;1;1
250837358593;250837360151;1558;9;1;1;1
250837360151;250837364844;4693;9;1;1;1
250837364844;250837382081;17237;9;1;1;1
250837382081;250837382133;52;9;1;1;1
250837382133;250837382580;447;9;1;1;1
250837382580;250837402796;20216;9;1;1;1
250837402796;250837421236;18440;9;1;1;1
250837421236;250837426333;5097;9;1;1;1
250837426333;250837426763;430;9;1;1;1
250837426763;250837427829;1066;9;1;1;1
250837578938;250837614544;35606;9;1;1;1
250837650137;250837656706;6569;9;1;1;1
250837656706;250837677884;21178;9;1;1;1
250837677884;250837691201;13317;9;1;1;1
250837691201;250837702365;11164;9;1;1;1
250837702365;250837703874;1509;9;1;1;1
250837703874;250837738123;34249;9;1;1;1
250837738123;250837742443;4320;9;1;1;1
250837742443;250837768395;25952;9;1;1;1
250837768395;250837768460;65;9;1;1;1
250837768460;250837768510;50;9;1;1;1
250837768510;250837768527;17;9;1;1;1
250837768527;250837768547;20;9;1;1;1
250837768547;250837774216;5669;9;1;1;1
250837774216;250837777790;3574;9;1;1;1
250837777790;250837778226;436;9;1;1;1
250837778226;250837781177;2951;9;1;1;1
250837781177;250837798622;17445;9;1;1;1
250837798622;250837799077;455;9;1;1;1
250837799077;250837801412;2335;9;1;1;1
250837801412;250837807592;6180;9;1;1;1
250837807592;250837812176;4584;9;1;1;1
250837812176;250837814770;2594;9;1;1;1
250837814770;250837816356;1586;9;1;1;1
250837816356;250837816523;167;9;1;1;1
250837816523;250837822651;6128;9;1;1;1
250837822651;250837826232;3581;9;1;1;1
250837826232;250837826372;140;9;1;1;1
250837826372;250837826512;140;9;1;1;1
250837826512;250837827164;652;9;1;1;1
250837827164;250837827290;126;9;1;1;1
250837827290;250837832508;5218;9;1;1;1
250837832508;250837833589;1081;9;1;1;1
250837833589;250837843039;9450;9;1;1;1
250837843039;250837847415;4376;9;1;1;1
250837847415;250837850958;3543;9;1;1;1
250837850958;250837851433;475;9;1;1;1
250837851433;250837851565;132;9;1;1;1
250837851565;250837853288;1723;9;1;1;1
250837853288;250837854067;779;9;1;1;1
250837854067;250837857114;3047;9;1;1;1
250837857114;250837863071;5957;9;1;1;1
250837863071;250837863953;882;9;1;1;1
250837863953;250837866175;2222;9;1;1;1
250837866175;250837866258;83;9;1;1;1
250837866258;250837866334;76;9;1;1;1
250837866334;250837872096;5762;9;1;1;1
250837872096;250837873583;1487;9;1;1;1
250837873583;250837877029;3446;9;1;1;1
250837877029;250837881280;4251;9;1;1;1
250837881280;250837883544;2264;9;1;1;1
250837883544;250837889161;5617;9;1;1;1
250837889161;250837892544;3383;9;1;1;1
250837892544;250837892783;239;9;1;1;1
250837892783;250837893377;594;9;1;1;1
250837893377;250837899719;6342;9;1;1;1
250837899719;250837900871;1152;9;1;1;1
250837900871;250837901940;1069;9;1;1;1
250837901940;250837903236;1296;9;1;1;1
250837903236;250837909449;6213;9;1;1;1
250837909449;250837910342;893;9;1;1;1
250837910342;250837911360;1018;9;1;1;1
250837911360;250837911915;555;9;1;1;1
250837911915;250837914191;2276;9;1;1;1
250837914191;250837914489;298;9;1;1;1
250837914489;250837915397;908;9;1;1;1
250837915397;250837921321;5924;9;1;1;1
250837921321;250837928415;7094;9;1;1;1
250837928415;250837929240;825;9;1;1;1
250837929240;250837929397;157;9;1;1;1
250837929397;250837930715;1318;9;1;1;1
250837930715;250837935853;5138;9;1;1;1
250837935853;250837936122;269;9;1;1;1
250837936122;250837937750;1628;9;1;1;1
250837937750;250837944400;6650;9;1;1;1
250837944400;250837948977;4577;9;1;1;1
250837948977;250837950369;1392;9;1;1;1
250837950369;250837950432;63;9;1;1;1
250837950432;250837953498;3066;9;1;1;1
250837953498;250837954816;1318;9;1;1;1
250837954816;250837956957;2141;9;1;1;1
250837956957;250837957423;466;9;1;1;1
250837957423;250837960219;2796;9;1;1;1
250837960219;250837961779;1560;9;1;1;1
250837961779;250837964431;2652;9;1;1;1
250837964431;250837965686;1255;9;1;1;1
250837965686;250837970249;4563;9;1;1;1
250837970249;250837973561;3312;9;1;1;1
250837973561;250837973569;8;9;1;1;1
250837973569;250837975534;1965;9;1;1;1
250837975534;250837976157;623;9;1;1;1
250837976157;250837976653;496;9;1;1;1
250837976653;250837981256;4603;9;1;1;1
250837981256;250837981580;324;9;1;1;1
250837981580;250837981833;253;9;1;1;1
250837981833;250837990256;8423;9;1;1;1
250837990256;250837991983;1727;9;1;1;1
250837991983;250837992012;29;9;1;1;1
250837992012;250837993235;1223;9;1;1;1
250837993235;250837994054;819;9;1;1;1
250837994054;250837996473;2419;9;1;1;1
250837996473;250838000307;3834;9;1;1;1
250838000307;250838000443;136;9;1;1;1
250838000443;250838001346;903;9;1;1;1
250838001346;250838003917;2571;9;1;1;1
250838003917;250838004361;444;9;1;1;1
250838004361;250838007094;2733;9;1;1;1
250838007094;250838011355;4261;9;1;1;1
250838011355;250838011368;13;9;1;1;1
250838011368;250838014395;3027;9;1;1;1
250838014395;250838015658;1263;9;1;1;1
250838015658;250838015679;21;9;1;1;1
250838015679;250838017702;2023;9;1;1;1
250838017702;250838017870;168;9;1;1;1
250838017870;250838020294;2424;9;1;1;1
250838020294;250838020740;446;9;1;1;1
250838020740;250838025743;5003;9;1;1;1
250838025743;250838031151;5408;9;1;1;1
250838031151;250838031657;506;9;1;1;1
250838031657;250838035761;4104;9;1;1;1
250838035761;250838035903;142;9;1;1;1
250838035903;250838040058;4155;9;1;1;1
250838040058;250838041387;1329;9;1;1;1
250838041387;250838043930;2543;9;1;1;1
250838043930;250838045518;1588;9;1;1;1
250838045518;250838046147;629;9;1;1;1
250838046147;250838050708;4561;9;1;1;1
250838050708;250838050753;45;9;1;1;1
250838050753;250838056385;5632;9;1;1;1
250838056385;250838056509;124;9;1;1;1
250838056509;250838056581;72;9;1;1;1
250838056581;250838063876;7295;9;1;1;1
250838063876;250838066466;2590;9;1;1;1
250838066466;250838067542;1076;9;1;1;1
250838067542;250838067660;118;9;1;1;1
250838067660;250838071368;3708;9;1;1;1
250838071368;250838075258;3890;9;1;1;1
250838075258;250838076660;1402;9;1;1;1
250838076660;250838076714;54;9;1;1;1
250838076714;250838079207;2493;9;1;1;1
250838079207;250838079671;464;9;1;1;1
250838079671;250838081858;2187;9;1;1;1
250838081858;250838081932;74;9;1;1;1
250838081932;250838082209;277;9;1;1;1
250838082209;250838086155;3946;9;1;1;1
250838086155;250838090786;4631;9;1;1;1
250838090786;250838094725;3939;9;1;1;1
250838094725;250838095276;551;9;1;1;1
250838095276;250838096309;1033;9;1;1;1
250838096309;250838096330;21;9;1;1;1
250838096330;250838097209;879;9;1;1;1
250838097209;250838100677;3468;9;1;1;1
250838100677;250838101237;560;9;1;1;1
250838101237;250838102224;987;9;1;1;1
250838102224;250838103091;867;9;1;1;1
250838103091;250838104247;1156;9;1;1;1
250838104247;250838105926;1679;9;1;1;1
250838105926;250838107173;1247;9;1;1;1
250838107173;250838114272;7099;9;1;1;1
250838114272;250838115032;760;9;1;1;1
250838115032;250838120696;5664;9;1;1;1
250838120696;250838120875;179;9;1;1;1
250838120875;250838121956;1081;9;1;1;1
250838121956;250838124169;2213;9;1;1;1
250838124169;250838127040;2871;9;1;1;1
250838127040;250838127626;586;9;1;1;1
250838127626;250838129485;1859;9;1;1;1
250838129485;250838130147;662;9;1;1;1
250838130147;250838130197;50;9;1;1;1
250838130197;250838131002;805;9;1;1;1
250838131002;250838132860;1858;9;1;1;1
250838132860;250838134414;1554;9;1;1;1
250838134414;250838135835;1421;9;1;1;1
250838135835;250838139892;4057;9;1;1;1
250838139892;250838143161;3269;9;1;1;1
250838143161;250838145572;2411;9;1;1;1
250838145572;250838148358;2786;9;1;1;1
250838148358;250838148428;70;9;1;1;1
250838148428;250838149092;664;9;1;1;1
250838149092;250838155583;6491;9;1;1;1
250838155583;250838162350;6767;9;1;1;1
250838162350;250838162653;303;9;1;1;1
250838162653;250838164207;1554;9;1;1;1
250838164207;250838170173;5966;9;1;1;1
250838170173;250838171749;1576;9;1;1;1
250838171749;250838173396;1647;9;1;1;1
250838173396;250838176827;3431;9;1;1;1
250838176827;250838176987;160;9;1;1;1
250838176987;250838177781;794;9;1;1;1
250838177781;250838178292;511;9;1;1;1
250838178292;250838178673;381;9;1;1;1
250838178673;250838179039;366;9;1;1;1
250838179039;250838181006;1967;9;1;1;1
250838181006;250838186006;5000;9;1;1;1
250838186006;250838187548;1542;9;1;1;1
250838187548;250838188383;835;9;1;1;1
250838188383;250838192486;4103;9;1;1;1
250838192486;250838194111;1625;9;1;1;1
250838194111;250838194366;255;9;1;1;1
250838194366;250838198032;3666;9;1;1;1
250838198032;250838199613;1581;9;1;1;1
250838199613;250838199811;198;9;1;1;1
250838199811;250838201602;1791;9;1;1;1
250838201602;250838206556;4954;9;1;1;1
250838206556;250838207051;495;9;1;1;1
250838207051;250838209259;2208;9;1;1;1
250838209259;250838209294;35;9;1;1;1
250838209294;250838211835;2541;9;1;1;1
250838211835;250838212206;371;9;1;1;1
250838212206;250838214510;2304;9;1;1;1
250838214510;250838215163;653;9;1;1;1
250838215163;250838215263;100;9;1;1;1
250838215263;250838217084;1821;9;1;1;1
250838217084;250838217799;715;9;1;1;1
250838217799;250838218407;608;9;1;1;1
250838218407;250838222223;3816;9;1;1;1
250838222223;250838222256;33;9;1;1;1
250838222256;250838224558;2302;9;1;1;1
250838224558;250838226590;2032;9;1;1;1
250838226590;250838228282;1692;9;1;1;1
250838228282;250838228582;300;9;1;1;1
250838228582;250838229064;482;9;1;1;1
250838229064;250838232702;3638;9;1;1;1
250838232702;250838233332;630;9;1;1;1
250838233332;250838233991;659;9;1;1;1
250838233991;250838234048;57;9;1;1;1
250838234048;250838235424;1376;9;1;1;1
250838235424;250838235499;75;9;1;1;1
250838235499;250838236494;995;9;1;1;1
250838236494;250838237138;644;9;1;1;1
250838237138;250838237315;177;9;1;1;1
250838237315;250838238706;1391;9;1;1;1
250838238706;250838239769;1063;9;1;1;1
250838239769;250838240301;532;9;1;1;1
250838240301;250838243440;3139;9;1;1;1
250838243440;250838245024;1584;9;1;1;1
250838245024;250838245808;784;9;1;1;1
250838245808;250838245904;96;9;1;1;1
250838245904;250838245927;23;9;1;1;1
250838245927;250838250617;4690;9;1;1;1
250838250617;250838250781;164;9;1;1;1
250838250781;250838253917;3136;9;1;1;1
250838253917;250838254152;235;9;1;1;1
250838254152;250838254510;358;9;1;1;1
250838254510;250838255138;628;9;1;1;1
250838255138;250838255188;50;9;1;1;1
250838255188;250838258461;3273;9;1;1;1
250838258461;250838258614;153;9;1;1;1
250838258614;250838260732;2118;9;1;1;1
250838260732;250838260992;260;9;1;1;1
250838260992;250838261892;900;9;1;1;1
250838261892;250838262554;662;9;1;1;1
250838262554;250838262667;113;9;1;1;1
250838262667;250838264873;2206;9;1;1;1
250838264873;250838265213;340;9;1;1;1
250838265213;250838265765;552;9;1;1;1
250838265765;250838271976;6211;9;1;1;1
250838271976;250838272970;994;9;1;1;1
250838272970;250838273323;353;9;1;1;1
250838273323;250838273424;101;9;1;1;1
250838273424;250838275166;1742;9;1;1;1
250838275166;250838278588;3422;9;1;1;1
250838278588;250838278803;215;9;1;1;1
250838278803;250838280980;2177;9;1;1;1
250838280980;250838282313;1333;9;1;1;1
250838282313;250838282537;224;9;1;1;1
250838282537;250838282572;35;9;1;1;1
250838282572;250838283943;1371;9;1;1;1
250838283943;250838284951;1008;9;1;1;1
250838284951;250838286927;1976;9;1;1;1
250838286927;250838287240;313;9;1;1;1
250838287240;250838287775;535;9;1;1;1
250838287775;250838287894;119;9;1;1;1
250838287894;250838289007;1113;9;1;1;1
250838289007;250838289408;401;9;1;1;1
250838289408;250838290816;1408;9;1;1;1
250838290816;250838290939;123;9;1;1;1
250838290939;250838291059;120;9;1;1;1
250838291059;250838292143;1084;9;1;1;1
250838292143;250838292595;452;9;1;1;1
250838292595;250838293391;796;9;1;1;1
250838293391;250838294087;696;9;1;1;1
250838294087;250838294235;148;9;1;1;1
250838294235;250838295025;790;9;1;1;1
250838295025;250838295112;87;9;1;1;1
250838295112;250838301204;6092;9;1;1;1
250838301204;250838301257;53;9;1;1;1
250838301257;250838301323;66;9;1;1;1
250838301323;250838301620;297;9;1;1;1
250838301620;250838302753;1133;9;1;1;1
250838302753;250838303018;265;9;1;1;1
250838303018;250838305947;2929;9;1;1;1
250838305947;250838306314;367;9;1;1;1
250838306314;250838306682;368;9;1;1;1
250838306682;250838307091;409;9;1;1;1
250838307091;250838308762;1671;9;1;1;1
250838308762;250838310527;1765;9;1;1;1
250838310527;250838311449;922;9;1;1;1
250838311449;250838312156;707;9;1;1;1
250838312156;250838312993;837;9;1;1;1
250838312993;250838314750;1757;9;1;1;1
250838314750;250838315514;764;9;1;1;1
250838315514;250838316981;1467;9;1;1;1
250838316981;250838317276;295;9;1;1;1
250838317276;250838320528;3252;9;1;1;1
250838320528;250838320937;409;9;1;1;1
250838320937;250838323706;2769;9;1;1;1
250838323706;250838324416;710;9;1;1;1
250838324416;250838325998;1582;9;1;1;1
250838325998;250838327160;1162;9;1;1;1
250838327160;250838327245;85;9;1;1;1
250838327245;250838327351;106;9;1;1;1
250838327351;250838329123;1772;9;1;1;1
250838329123;250838331677;2554;9;1;1;1
250838331677;250838332670;993;9;1;1;1
250838332670;250838333411;741;9;1;1;1
250838333411;250838335350;1939;9;1;1;1
250838335350;250838335725;375;9;1;1;1
250838335725;250838335806;81;9;1;1;1
250838335806;250838336677;871;9;1;1;1
250838336677;250838337775;1098;9;1;1;1
250838337775;250838338576;801;9;1;1;1
250838338576;250838340739;2163;9;1;1;1
250838340739;250838340916;177;9;1;1;1
250838340916;250838342659;1743;9;1;1;1
250838342659;250838343875;1216;9;1;1;1
250838343875;250838345905;2030;9;1;1;1
250838345905;250838348832;2927;9;1;1;1
250838348832;250838349313;481;9;1;1;1
250838349313;250838350164;851;9;1;1;1
250838350164;250838350574;410;9;1;1;1
250838350574;250838350994;420;9;1;1;1
250838350994;250838351694;700;9;1;1;1
250838351694;250838351763;69;9;1;1;1
250838351763;250838352176;413;9;1;1;1
250838352176;250838353013;837;9;1;1;1
250838353013;250838353196;183;9;1;1;1
250838353196;250838353315;119;9;1;1;1
250838353315;250838353498;183;9;1;1;1
250838353498;250838354004;506;9;1;1;1
250838354004;250838354089;85;9;1;1;1
250838354089;250838354096;7;9;1;1;1
250838354096;250838354174;78;9;1;1;1
250838354174;250838358730;4556;9;1;1;1
250838358730;250838359880;1150;9;1;1;1
250838359880;250838360697;817;9;1;1;1
250838360697;250838360783;86;9;1;1;1
250838360783;250838360864;81;9;1;1;1
250838360864;250838365071;4207;9;1;1;1
250838365071;250838366878;1807;9;1;1;1
250838366878;250838367488;610;9;1;1;1
250838367488;250838368708;1220;9;1;1;1
250838368708;250838368820;112;9;1;1;1
250838368820;250838369675;855;9;1;1;1
250838369675;250838370056;381;9;1;1;1
250838370056;250838372133;2077;9;1;1;1
250838372133;250838372605;472;9;1;1;1
250838372605;250838373130;525;9;1;1;1
250838373130;250838373162;32;9;1;1;1
250838373162;250838373491;329;9;1;1;1
250838373491;250838374149;658;9;1;1;1
250838374149;250838374547;398;9;1;1;1
250838374547;250838375311;764;9;1;1;1
250838375311;250838375626;315;9;1;1;1
250838375626;250838376222;596;9;1;1;1
250838376222;250838377195;973;9;1;1;1
250838377195;250838379393;2198;9;1;1;1
250838379393;250838379731;338;9;1;1;1
250838379731;250838380539;808;9;1;1;1
250838380539;250838382878;2339;9;1;1;1
250838382878;250838383072;194;9;1;1;1
250838383072;250838383139;67;9;1;1;1
250838383139;250838383273;134;9;1;1;1
250838383273;250838384399;1126;9;1;1;1
250838384399;250838385549;1150;9;1;1;1
250838385549;250838385662;113;9;1;1;1
250838385662;250838387066;1404;9;1;1;1
250838387066;250838387696;630;9;1;1;1
250838387696;250838388346;650;9;1;1;1
250838388346;250838389790;1444;9;1;1;1
250838389790;250838390202;412;9;1;1;1
250838390202;250838390537;335;9;1;1;1
250838390537;250838390660;123;9;1;1;1
250838390660;250838390877;217;9;1;1;1
250838390877;250838391058;181;9;1;1;1
250838391058;250838391111;53;9;1;1;1
250838391111;250838391944;833;9;1;1;1
250838391944;250838392592;648;9;1;1;1
250838392592;250838394090;1498;9;1;1;1
250838394090;250838394288;198;9;1;1;1
250838394288;250838394358;70;9;1;1;1
250838394358;250838394406;48;9;1;1;1
250838394406;250838395229;823;9;1;1;1
250838395229;250838398289;3060;9;1;1;1
250838398289;250838399363;1074;9;1;1;1
250838399363;250838402426;3063;9;1;1;1
250838402426;250838404926;2500;9;1;1;1
250838404926;250838411401;6475;9;1;1;1
250838411401;250838412405;1004;9;1;1;1
250838412405;250838413082;677;9;1;1;1
250838413082;250838414020;938;9;1;1;1
250838414020;250838414473;453;9;1;1;1
250838414473;250838415146;673;9;1;1;1
250838415146;250838415869;723;9;1;1;1
250838415869;250838418012;2143;9;1;1;1
250838418012;250838419097;1085;9;1;1;1
250838419097;250838420766;1669;9;1;1;1
250838420766;250838420898;132;9;1;1;1
250838420898;250838421741;843;9;1;1;1
250838421741;250838421912;171;9;1;1;1
250838421912;250838422028;116;9;1;1;1
250838422028;250838423954;1926;9;1;1;1
250838423954;250838425257;1303;9;1;1;1
250838425257;250838426248;991;9;1;1;1
250838426248;250838426471;223;9;1;1;1
250838426471;250838427641;1170;9;1;1;1
250838427641;250838428760;1119;9;1;1;1
250838428760;250838428992;232;9;1;1;1
250838428992;250838429283;291;9;1;1;1
250838429283;250838429530;247;9;1;1;1
250838429530;250838430298;768;9;1;1;1
250838430298;250838431165;867;9;1;1;1
250838431165;250838431234;69;9;1;1;1
250838431234;250838431421;187;9;1;1;1
250838431421;250838431895;474;9;1;1;1
250838431895;250838434375;2480;9;1;1;1
250838434375;250838435198;823;9;1;1;1
250838435198;250838435451;253;9;1;1;1
250838435451;250838435928;477;9;1;1;1
250838435928;250838436450;522;9;1;1;1
250838436450;250838437493;1043;9;1;1;1
250838437493;250838437510;17;9;1;1;1
250838437510;250838437644;134;9;1;1;1
250838437644;250838437831;187;9;1;1;1
250838437831;250838438294;463;9;1;1;1
250838438294;250838438971;677;9;1;1;1
250838438971;250838439248;277;9;1;1;1
250838439248;250838439603;355;9;1;1;1
250838439603;250838440546;943;9;1;1;1
250838440546;250838441059;513;9;1;1;1
250838441059;250838441629;570;9;1;1;1
250838441629;250838441755;126;9;1;1;1
250838441755;250838443102;1347;9;1;1;1
250838443102;250838445491;2389;9;1;1;1
250838445491;250838445523;32;9;1;1;1
250838445523;250838445687;164;9;1;1;1
250838445687;250838447611;1924;9;1;1;1
250838447611;250838447657;46;9;1;1;1
250838447657;250838447709;52;9;1;1;1
250838447709;250838447973;264;9;1;1;1
250838447973;250838452629;4656;9;1;1;1
250838452629;250838452791;162;9;1;1;1
250838452791;250838454480;1689;9;1;1;1
250838454480;250838455278;798;9;1;1;1
250838455278;250838457841;2563;9;1;1;1
250838457841;250838461121;3280;9;1;1;1
250838461121;250838461474;353;9;1;1;1
250838461474;250838462171;697;9;1;1;1
250838462171;250838463883;1712;9;1;1;1
250838463883;250838464862;979;9;1;1;1
250838464862;250838465074;212;9;1;1;1
250838465074;250838465076;2;9;1;1;1
250838465076;250838465491;415;9;1;1;1
250838465491;250838466157;666;9;1;1;1
250838466157;250838466885;728;9;1;1;1
250838466885;250838467209;324;9;1;1;1
250838467209;250838468229;1020;9;1;1;1
250838468229;250838468343;114;9;1;1;1
250838468343;250838468650;307;9;1;1;1
250838468650;250838469112;462;9;1;1;1
250838469112;250838469152;40;9;1;1;1
250838469152;250838470121;969;9;1;1;1
250838470121;250838470222;101;9;1;1;1
250838470222;250838471615;1393;9;1;1;1
250838471615;250838471961;346;9;1;1;1
250838471961;250838472453;492;9;1;1;1
250838472453;250838472682;229;9;1;1;1
250838472682;250838472906;224;9;1;1;1
250838472906;250838475629;2723;9;1;1;1
250838475629;250838477283;1654;9;1;1;1
250838477283;250838478383;1100;9;1;1;1
250838478383;250838479707;1324;9;1;1;1
250838479707;250838480708;1001;9;1;1;1
250838480708;250838480983;275;9;1;1;1
250838480983;250838482144;1161;9;1;1;1
250838482144;250838482674;530;9;1;1;1
250838482674;250838482889;215;9;1;1;1
250838482889;250838483381;492;9;1;1;1
250838483381;250838483428;47;9;1;1;1
250838483428;250838484301;873;9;1;1;1
250838484301;250838484431;130;9;1;1;1
250838484431;250838485312;881;9;1;1;1
250838485312;250838489216;3904;9;1;1;1
250838489216;250838491165;1949;9;1;1;1
250838491165;250838492963;1798;9;1;1;1
250838492963;250838493378;415;9;1;1;1
250838493378;250838494388;1010;9;1;1;1
250838494388;250838494869;481;9;1;1;1
250838494869;250838495762;893;9;1;1;1
250838495762;250838497760;1998;9;1;1;1
250838497760;250838498968;1208;9;1;1;1
250838498968;250838499122;154;9;1;1;1
250838499122;250838500188;1066;9;1;1;1
250838500188;250838500916;728;9;1;1;1
250838500916;250838501308;392;9;1;1;1
250838501308;250838501973;665;9;1;1;1
250838501973;250838502543;570;9;1;1;1
250838502543;250838503085;542;9;1;1;1
250838503085;250838505212;2127;9;1;1;1
250838505212;250838505322;110;9;1;1;1
250838505322;250838505894;572;9;1;1;1
250838505894;250838508708;2814;9;1;1;1
250838508708;250838508882;174;9;1;1;1
250838508882;250838508958;76;9;1;1;1
250838508958;250838509804;846;9;1;1;1
250838509804;250838509870;66;9;1;1;1
250838509870;250838509900;30;9;1;1;1
250838509900;250838513290;3390;9;1;1;1
250838513290;250838514829;1539;9;1;1;1
250838514829;250838518905;4076;9;1;1;1
250838518905;250838519281;376;9;1;1;1
250838519281;250838520473;1192;9;1;1;1
250838520473;250838520596;123;9;1;1;1
250838520596;250838523672;3076;9;1;1;1
250838523672;250838523750;78;9;1;1;1
250838523750;250838527713;3963;9;1;1;1
250838527713;250838527826;113;9;1;1;1
250838527826;250838528011;185;9;1;1;1
250838528011;250838528306;295;9;1;1;1
250838528306;250838528495;189;9;1;1;1
250838528495;250838530872;2377;9;1;1;1
250838530872;250838532472;1600;9;1;1;1
250838532472;250838532660;188;9;1;1;1
250838532660;250838533195;535;9;1;1;1
250838533195;250838534669;1474;9;1;1;1
250838534669;250838534796;127;9;1;1;1
250838534796;250838537783;2987;9;1;1;1
250838537783;250838537871;88;9;1;1;1
250838537871;250838538750;879;9;1;1;1
250838538750;250838538831;81;9;1;1;1
250838538831;250838540082;1251;9;1;1;1
250838540082;250838542841;2759;9;1;1;1
250838542841;250838544131;1290;9;1;1;1
250838544131;250838544551;420;9;1;1;1
250838544551;250838545226;675;9;1;1;1
250838545226;250838546873;1647;9;1;1;1
250838546873;250838548250;1377;9;1;1;1
250838548250;250838548282;32;9;1;1;1
250838548282;250838550228;1946;9;1;1;1
250838550228;250838551479;1251;9;1;1;1
250838551479;250838551494;15;9;1;1;1
250838551494;250838551596;102;9;1;1;1
250838551596;250838551896;300;9;1;1;1
250838551896;250838553168;1272;9;1;1;1
250838553168;250838554022;854;9;1;1;1
250838554022;250838554063;41;9;1;1;1
250838554063;250838554415;352;9;1;1;1
250838554415;250838554425;10;9;1;1;1
250838554425;250838555584;1159;9;1;1;1
250838555584;250838557038;1454;9;1;1;1
250838557038;250838557219;181;9;1;1;1
250838557219;250838557931;712;9;1;1;1
250838557931;250838559762;1831;9;1;1;1
250838559762;250838560025;263;9;1;1;1
250838560025;250838560112;87;9;1;1;1
250838560112;250838560764;652;9;1;1;1
250838560764;250838560874;110;9;1;1;1
250838560874;250838562162;1288;9;1;1;1
250838562162;250838562598;436;9;1;1;1
250838562598;250838563983;1385;9;1;1;1
250838563983;250838565336;1353;9;1;1;1
250838565336;250838566010;674;9;1;1;1
250838566010;250838567072;1062;9;1;1;1
250838567072;250838567189;117;9;1;1;1
250838567189;250838567745;556;9;1;1;1
250838567745;250838567859;114;9;1;1;1
250838567859;250838569391;1532;9;1;1;1
250838569391;250838570419;1028;9;1;1;1
250838570419;250838571575;1156;9;1;1;1
250838571575;250838572597;1022;9;1;1;1
250838572597;250838575326;2729;9;1;1;1
250838575326;250838575368;42;9;1;1;1
250838575368;250838575625;257;9;1;1;1
250838575625;250838577897;2272;9;1;1;1
250838577897;250838580317;2420;9;1;1;1
250838580317;250838580908;591;9;1;1;1
250838580908;250838582981;2073;9;1;1;1
250838582981;250838585647;2666;9;1;1;1
250838585647;250838586405;758;9;1;1;1
250838586405;250838587428;1023;9;1;1;1
250838587428;250838588194;766;9;1;1;1
250838588194;250838589083;889;9;1;1;1
250838589083;250838590301;1218;9;1;1;1
250838590301;250838591386;1085;9;1;1;1
250838591386;250838591920;534;9;1;1;1
250838591920;250838592428;508;9;1;1;1
250838592428;250838592503;75;9;1;1;1
250838592503;250838593029;526;9;1;1;1
250838593029;250838594726;1697;9;1;1;1
250838594726;250838595750;1024;9;1;1;1
250838595750;250838598039;2289;9;1;1;1
250838598039;250838598430;391;9;1;1;1
250838598430;250838598775;345;9;1;1;1
250838598775;250838599567;792;9;1;1;1
250838599567;250838599927;360;9;1;1;1
250838599927;250838601962;2035;9;1;1;1
250838601962;250838602447;485;9;1;1;1
250838602447;250838604262;1815;9;1;1;1
250838604262;250838604492;230;9;1;1;1
250838604492;250838605525;1033;9;1;1;1
250838605525;250838606075;550;9;1;1;1
250838606075;250838606707;632;9;1;1;1
250838606707;250838607668;961;9;1;1;1
250838607668;250838609292;1624;9;1;1;1
250838609292;250838609550;258;9;1;1;1
250838609550;250838609780;230;9;1;1;1
250838609780;250838611855;2075;9;1;1;1
250838611855;250838612714;859;9;1;1;1
250838612714;250838614264;1550;9;1;1;1
250838614264;250838616158;1894;9;1;1;1
250838616158;250838616371;213;9;1;1;1
250838616371;250838616591;220;9;1;1;1
250838616591;250838618213;1622;9;1;1;1
250838618213;250838618379;166;9;1;1;1
250838618379;250838618744;365;9;1;1;1
250838618744;250838619121;377;9;1;1;1
250838619121;250838619215;94;9;1;1;1
250838619215;250838620906;1691;9;1;1;1
250838620906;250838621027;121;9;1;1;1
250838621027;250838621353;326;9;1;1;1
250838621353;250838621448;95;9;1;1;1
250838621448;250838622756;1308;9;1;1;1
250838622756;250838622777;21;9;1;1;1
250838622777;250838623249;472;9;1;1;1
250838623249;250838623936;687;9;1;1;1
250838623936;250838624323;387;9;1;1;1
250838624323;250838624380;57;9;1;1;1
250838624380;250838625360;980;9;1;1;1
250838625360;250838628088;2728;9;1;1;1
250838628088;250838628389;301;9;1;1;1
250838628389;250838628574;185;9;1;1;1
250838628574;250838628780;206;9;1;1;1
250838628780;250838629962;1182;9;1;1;1
250838629962;250838632525;2563;9;1;1;1
250838632525;250838632796;271;9;1;1;1
250838632796;250838632920;124;9;1;1;1
250838632920;250838632946;26;9;1;1;1
250838632946;250838634688;1742;9;1;1;1
250838634688;250838636917;2229;9;1;1;1
250838636917;250838637555;638;9;1;1;1
250838637555;250838637590;35;9;1;1;1
250838637590;250838638264;674;9;1;1;1
250838638264;250838638765;501;9;1;1;1
250838638765;250838638831;66;9;1;1;1
250838638831;250838640244;1413;9;1;1;1
250838640244;250838641603;1359;9;1;1;1
250838641603;250838642199;596;9;1;1;1
250838642199;250838642499;300;9;1;1;1
250838642499;250838642531;32;9;1;1;1
250838642531;250838642656;125;9;1;1;1
250838642656;250838642776;120;9;1;1;1
250838642776;250838643303;527;9;1;1;1
250838643303;250838643392;89;9;1;1;1
250838643392;250838644043;651;9;1;1;1
250838644043;250838644121;78;9;1;1;1
250838644121;250838644419;298;9;1;1;1
250838644419;250838644833;414;9;1;1;1
250838644833;250838646381;1548;9;1;1;1
250838646381;250838647472;1091;9;1;1;1
250838647472;250838647473;1;9;1;1;1
250838647473;250838648023;550;9;1;1;1
250838648023;250838648215;192;9;1;1;1
250838648215;250838650024;1809;9;1;1;1
250838650024;250838650985;961;9;1;1;1
250838650985;250838651330;345;9;1;1;1
250838651330;250838651714;384;9;1;1;1
250838651714;250838651773;59;9;1;1;1
250838651773;250838651914;141;9;1;1;1
250838651914;250838652793;879;9;1;1;1
250838652793;250838653860;1067;9;1;1;1
250838653860;250838654586;726;9;1;1;1
250838654586;250838656211;1625;9;1;1;1
250838656211;250838656767;556;9;1;1;1
250838656767;250838656781;14;9;1;1;1
250838656781;250838657713;932;9;1;1;1
250838657713;250838659932;2219;9;1;1;1
250838659932;250838660010;78;9;1;1;1
250838660010;250838660114;104;9;1;1;1
250838660114;250838660206;92;9;1;1;1
250838660206;250838660567;361;9;1;1;1
250838660567;250838662661;2094;9;1;1;1
250838662661;250838663055;394;9;1;1;1
250838663055;250838663165;110;9;1;1;1
250838663165;250838663424;259;9;1;1;1
250838663424;250838663986;562;9;1;1;1
250838663986;250838668052;4066;9;1;1;1
250838668052;250838668813;761;9;1;1;1
250838668813;250838669495;682;9;1;1;1
250838669495;250838669549;54;9;1;1;1
250838669549;250838669608;59;9;1;1;1
250838669608;250838669908;300;9;1;1;1
250838669908;250838670282;374;9;1;1;1
250838670282;250838672790;2508;9;1;1;1
250838672790;250838672840;50;9;1;1;1
250838672840;250838674425;1585;9;1;1;1
250838674425;250838675665;1240;9;1;1;1
250838675665;250838676149;484;9;1;1;1
250838676149;250838676371;222;9;1;1;1
250838676371;250838676997;626;9;1;1;1
250838676997;250838679292;2295;9;1;1;1
250838679292;250838679431;139;9;1;1;1
250838679431;250838679491;60;9;1;1;1
250838679491;250838681145;1654;9;1;1;1
250838681145;250838682107;962;9;1;1;1
250838682107;250838683677;1570;9;1;1;1
250838683677;250838684317;640;9;1;1;1
250838684317;250838684918;601;9;1;1;1
250838684918;250838685052;134;9;1;1;1
250838685052;250838685656;604;9;1;1;1
250838685656;250838685896;240;9;1;1;1
250838685896;250838686013;117;9;1;1;1
250838686013;250838686638;625;9;1;1;1
250838686638;250838688410;1772;9;1;1;1
250838688410;250838689484;1074;9;1;1;1
250838689484;250838689831;347;9;1;1;1
250838689831;250838690165;334;9;1;1;1
250838690165;250838692064;1899;9;1;1;1
250838692064;250838692460;396;9;1;1;1
250838692460;250838693137;677;9;1;1;1
250838693137;250838694109;972;9;1;1;1
250838694109;250838694769;660;9;1;1;1
250838694769;250838695389;620;9;1;1;1
250838695389;250838699257;3868;9;1;1;1
250838699257;250838699423;166;9;1;1;1
250838699423;250838700514;1091;9;1;1;1
250838700514;250838702164;1650;9;1;1;1
250838702164;250838703336;1172;9;1;1;1
250838703336;250838705659;2323;9;1;1;1
250838705659;250838706002;343;9;1;1;1
250838706002;250838706469;467;9;1;1;1
250838706469;250838707168;699;9;1;1;1
250838707168;250838707447;279;9;1;1;1
250838707447;250838707488;41;9;1;1;1
250838707488;250838710235;2747;9;1;1;1
250838710235;250838710854;619;9;1;1;1
250838710854;250838710892;38;9;1;1;1
250838710892;250838712602;1710;9;1;1;1
250838712602;250838714170;1568;9;1;1;1
250838714170;250838717055;2885;9;1;1;1
250838717055;250838717470;415;9;1;1;1
250838717470;250838717619;149;9;1;1;1
250838717619;250838717991;372;9;1;1;1
250838717991;250838718016;25;9;1;1;1
250838718016;250838718095;79;9;1;1;1
250838718095;250838718689;594;9;1;1;1
250838718689;250838719558;869;9;1;1;1
250838719558;250838722326;2768;9;1;1;1
250838722326;250838722953;627;9;1;1;1
250838722953;250838722995;42;9;1;1;1
250838722995;250838723191;196;9;1;1;1
250838723191;250838723234;43;9;1;1;1
250838723234;250838725512;2278;9;1;1;1
250838725512;250838726305;793;9;1;1;1
250838726305;250838726416;111;9;1;1;1
250838726416;250838727312;896;9;1;1;1
250838727312;250838727511;199;9;1;1;1
250838727511;250838728035;524;9;1;1;1
250838728035;250838728188;153;9;1;1;1
250838728188;250838728748;560;9;1;1;1
250838728748;250838729315;567;9;1;1;1
250838729315;250838731330;2015;9;1;1;1
250838731330;250838731960;630;9;1;1;1
250838731960;250838732108;148;9;1;1;1
250838732108;250838732326;218;9;1;1;1
250838732326;250838732660;334;9;1;1;1
250838732660;250838733726;1066;9;1;1;1
250838733726;250838734199;473;9;1;1;1
250838734199;250838734361;162;9;1;1;1
250838734361;250838738049;3688;9;1;1;1
250838738049;250838738072;23;9;1;1;1
250838738072;250838739702;1630;9;1;1;1
250838739702;250838741181;1479;9;1;1;1
250838741181;250838741816;635;9;1;1;1
250838741816;250838741941;125;9;1;1;1
250838741941;250838741986;45;9;1;1;1
250838741986;250838742066;80;9;1;1;1
250838742066;250838742160;94;9;1;1;1
250838742160;250838742777;617;9;1;1;1
250838742777;250838743554;777;9;1;1;1
250838743554;250838743656;102;9;1;1;1
250838743656;250838744574;918;9;1;1;1
250838744574;250838745875;1301;9;1;1;1
250838745875;250838746384;509;9;1;1;1
250838746384;250838746651;267;9;1;1;1
250838746651;250838747009;358;9;1;1;1
250838747009;250838748059;1050;9;1;1;1
250838748059;250838748300;241;9;1;1;1
250838748300;250838748808;508;9;1;1;1
250838748808;250838748852;44;9;1;1;1
250838748852;250838749035;183;9;1;1;1
250838749035;250838749553;518;9;1;1;1
250838749553;250838750580;1027;9;1;1;1
250838750580;250838751089;509;9;1;1;1
250838751089;250838751342;253;9;1;1;1
250838751342;250838753423;2081;9;1;1;1
250838753423;250838754295;872;9;1;1;1
250838754295;250838754371;76;9;1;1;1
250838754371;250838754413;42;9;1;1;1
250838754413;250838754954;541;9;1;1;1
250838754954;250838755390;436;9;1;1;1
250838755390;250838755917;527;9;1;1;1
250838755917;250838756001;84;9;1;1;1
250838756001;250838758596;2595;9;1;1;1
250838758596;250838758702;106;9;1;1;1
250838758702;250838760194;1492;9;1;1;1
250838760194;250838760288;94;9;1;1;1
250838760288;250838760487;199;9;1;1;1
250838760487;250838763194;2707;9;1;1;1
250838763194;250838764020;826;9;1;1;1
250838764020;250838765525;1505;9;1;1;1
250838765525;250838766638;1113;9;1;1;1
250838766638;250838767062;424;9;1;1;1
250838767062;250838767098;36;9;1;1;1
250838767098;250838767706;608;9;1;1;1
250838767706;250838769445;1739;9;1;1;1
250838769445;250838769726;281;9;1;1;1
250838769726;250838769964;238;9;1;1;1
250838769964;250838771244;1280;9;1;1;1
250838771244;250838771335;91;9;1;1;1
250838771335;250838771662;327;9;1;1;1
250838771662;250838772988;1326;9;1;1;1
250838772988;250838773055;67;9;1;1;1
250838773055;250838773408;353;9;1;1;1
250838773408;250838773842;434;9;1;1;1
250838773842;250838779874;6032;9;1;1;1
250838779874;250838782831;2957;9;1;1;1
250838782831;250838783389;558;9;1;1;1
250838783389;250838785888;2499;9;1;1;1
250838785888;250838787279;1391;9;1;1;1
250838787279;250838788707;1428;9;1;1;1
250838788707;250838793284;4577;9;1;1;1
250838793284;250838793494;210;9;1;1;1
250838793494;250838793537;43;9;1;1;1
250838793537;250838794471;934;9;1;1;1
250838794471;250838794755;284;9;1;1;1
250838794755;250838794919;164;9;1;1;1
250838794919;250838795164;245;9;1;1;1
250838795164;250838795641;477;9;1;1;1
250838795641;250838795683;42;9;1;1;1
250838795683;250838795691;8;9;1;1;1
250838795691;250838797290;1599;9;1;1;1
250838797290;250838797538;248;9;1;1;1
250838797538;250838798727;1189;9;1;1;1
250838798727;250838798829;102;9;1;1;1
250838798829;250838802149;3320;9;1;1;1
250838802149;250838803217;1068;9;1;1;1
250838803217;250838804842;1625;9;1;1;1
250838804842;250838804947;105;9;1;1;1
250838804947;250838805365;418;9;1;1;1
250838805365;250838806958;1593;9;1;1;1
250838806958;250838807389;431;9;1;1;1
250838807389;250838807787;398;9;1;1;1
250838807787;250838808118;331;9;1;1;1
250838808118;250838809595;1477;9;1;1;1
250838809595;250838810952;1357;9;1;1;1
250838810952;250838811182;230;9;1;1;1
250838811182;250838812183;1001;9;1;1;1
250838812183;250838812933;750;9;1;1;1
250838812933;250838813127;194;9;1;1;1
250838813127;250838815112;1985;9;1;1;1
250838815112;250838816367;1255;9;1;1;1
250838816367;250838817091;724;9;1;1;1
250838817091;250838817109;18;9;1;1;1
250838817109;250838818734;1625;9;1;1;1
250838818734;250838819789;1055;9;1;1;1
250838819789;250838820545;756;9;1;1;1
250838820545;250838828357;7812;9;1;1;1
250838828357;250838829041;684;9;1;1;1
250838829041;250838829928;887;9;1;1;1
250838829928;250838830973;1045;9;1;1;1
250838830973;250838834834;3861;9;1;1;1
250838834834;250838835444;610;9;1;1;1
250838835444;250838835666;222;9;1;1;1
250838835666;250838839016;3350;9;1;1;1
250838839016;250838839465;449;9;1;1;1
250838839465;250838839738;273;9;1;1;1
250838839738;250838840218;480;9;1;1;1
250838840218;250838840426;208;9;1;1;1
250838840426;250838840490;64;9;1;1;1
250838840490;250838840665;175;9;1;1;1
250838840665;250838841675;1010;9;1;1;1
250838841675;250838841964;289;9;1;1;1
250838841964;250838844071;2107;9;1;1;1
250838844071;250838845675;1604;9;1;1;1
250838845675;250838847368;1693;9;1;1;1
250838847368;250838847511;143;9;1;1;1
250838847511;250838849301;1790;9;1;1;1
250838849301;250838849627;326;9;1;1;1
250838849627;250838850548;921;9;1;1;1
250838850548;250838855483;4935;9;1;1;1
250838855483;250838856149;666;9;1;1;1
250838856149;250838856245;96;9;1;1;1
250838856245;250838856345;100;9;1;1;1
250838856345;250838857042;697;9;1;1;1
250838857042;250838858611;1569;9;1;1;1
250838858611;250838859394;783;9;1;1;1
250838859394;250838859562;168;9;1;1;1
250838859562;250838859969;407;9;1;1;1
250838859969;250838860440;471;9;1;1;1
250838860440;250838860844;404;9;1;1;1
250838860844;250838860936;92;9;1;1;1
250838860936;250838861707;771;9;1;1;1
250838861707;250838861737;30;9;1;1;1
250838861737;250838861777;40;9;1;1;1
250838861777;250838863202;1425;9;1;1;1
250838863202;250838863248;46;9;1;1;1
250838863248;250838864104;856;9;1;1;1
250838864104;250838864249;145;9;1;1;1
250838864249;250838864654;405;9;1;1;1
250838864654;250838865356;702;9;1;1;1
250838865356;250838865659;303;9;1;1;1
250838865659;250838865869;210;9;1;1;1
250838865869;250838865886;17;9;1;1;1
250838865886;250838865940;54;9;1;1;1
250838865940;250838866203;263;9;1;1;1
250838866203;250838866898;695;9;1;1;1
250838866898;250838868711;1813;9;1;1;1
250838868711;250838868732;21;9;1;1;1
250838868732;250838868762;30;9;1;1;1
250838868762;250838869063;301;9;1;1;1
250838869063;250838869155;92;9;1;1;1
250838869155;250838870248;1093;9;1;1;1
250838870248;250838870452;204;9;1;1;1
250838870452;250838871144;692;9;1;1;1
250838871144;250838871569;425;9;1;1;1
250838871569;250838875192;3623;9;1;1;1
250838875192;250838875237;45;9;1;1;1
250838875237;250838875284;47;9;1;1;1
250838875284;250838877712;2428;9;1;1;1
250838877712;250838880035;2323;9;1;1;1
250838880035;250838880511;476;9;1;1;1
250838880511;250838881117;606;9;1;1;1
250838881117;250838881197;80;9;1;1;1
250838881197;250838881959;762;9;1;1;1
250838881959;250838883051;1092;9;1;1;1
250838883051;250838886295;3244;9;1;1;1
250838886295;250838890288;3993;9;1;1;1
250838890288;250838890487;199;9;1;1;1
250838890487;250838891265;778;9;1;1;1
250838891265;250838892941;1676;9;1;1;1
250838892941;250838894012;1071;9;1;1;1
250838894012;250838895899;1887;9;1;1;1
250838895899;250838896354;455;9;1;1;1
250838896354;250838897014;660;9;1;1;1
250838897014;250838898695;1681;9;1;1;1
250838898695;250838898854;159;9;1;1;1
250838898854;250838899079;225;9;1;1;1
250838899079;250838900873;1794;9;1;1;1
250838900873;250838901299;426;9;1;1;1
250838901299;250838901384;85;9;1;1;1
250838901384;250838902719;1335;9;1;1;1
250838902719;250838903903;1184;9;1;1;1
250838903903;250838905657;1754;9;1;1;1
250838905657;250838905806;149;9;1;1;1
250838905806;250838907455;1649;9;1;1;1
250838907455;250838907997;542;9;1;1;1
250838907997;250838908658;661;9;1;1;1
250838908658;250838909636;978;9;1;1;1
250838909636;250838910138;502;9;1;1;1
250838910138;250838911442;1304;9;1;1;1
250838911442;250838912439;997;9;1;1;1
250838912439;250838914559;2120;9;1;1;1
250838914559;250838914776;217;9;1;1;1
250838914776;250838915379;603;9;1;1;1
250838915379;250838917128;1749;9;1;1;1
250838917128;250838917787;659;9;1;1;1
250838917787;250838919316;1529;9;1;1;1
250838919316;250838920222;906;9;1;1;1
250838920222;250838921383;1161;9;1;1;1
250838921383;250838922337;954;9;1;1;1
250838922337;250838922435;98;9;1;1;1
250838922435;250838922909;474;9;1;1;1
250838922909;250838924316;1407;9;1;1;1
250838924316;250838924440;124;9;1;1;1
250838924440;250838925103;663;9;1;1;1
250838925103;250838925503;400;9;1;1;1
250838925503;250838926134;631;9;1;1;1
250838926134;250838927469;1335;9;1;1;1
250838927469;250838928561;1092;9;1;1;1
250838928561;250838928890;329;9;1;1;1
250838928890;250838929305;415;9;1;1;1
250838929305;250838929464;159;9;1;1;1
250838929464;250838930193;729;9;1;1;1
250838930193;250838930238;45;9;1;1;1
250838930238;250838931126;888;9;1;1;1
250838931126;250838935510;4384;9;1;1;1
250838935510;250838935838;328;9;1;1;1
250838935838;250838938875;3037;9;1;1;1
250838938875;250838941448;2573;9;1;1;1
250838941448;250838941465;17;9;1;1;1
250838941465;250838941739;274;9;1;1;1
250838941739;250838944148;2409;9;1;1;1
250838944148;250838947951;3803;9;1;1;1
250838947951;250838948664;713;9;1;1;1
250838948664;250838950330;1666;9;1;1;1
250838950330;250838951614;1284;9;1;1;1
250838951614;250838954028;2414;9;1;1;1
250838954028;250838954105;77;9;1;1;1
250838954105;250838954456;351;9;1;1;1
250838954456;250838954500;44;9;1;1;1
250838954500;250838954515;15;9;1;1;1
250838954515;250838954734;219;9;1;1;1
250838954734;250838954772;38;9;1;1;1
250838954772;250838954884;112;9;1;1;1
250838954884;250838956217;1333;9;1;1;1
250838956217;250838956339;122;9;1;1;1
250838956339;250838958629;2290;9;1;1;1
250838958629;250838961583;2954;9;1;1;1
250838961583;250838963447;1864;9;1;1;1
250838963447;250838964439;992;9;1;1;1
250838964439;250838966374;1935;9;1;1;1
250838966374;250838966482;108;9;1;1;1
250838966482;250838966513;31;9;1;1;1
250838966513;250838966657;144;9;1;1;1
250838966657;250838970099;3442;9;1;1;1
250838970099;250838971980;1881;9;1;1;1
250838971980;250838972309;329;9;1;1;1
250838972309;250838972932;623;9;1;1;1
250838972932;250838973866;934;9;1;1;1
250838973866;250838973924;58;9;1;1;1
250838973924;250838974343;419;9;1;1;1
250838974343;250838974795;452;9;1;1;1
250838974795;250838980984;6189;9;1;1;1
250838980984;250838981948;964;9;1;1;1
250838981948;250838983821;1873;9;1;1;1
250838983821;250838984141;320;9;1;1;1
250838984141;250838985368;1227;9;1;1;1
250838985368;250838986366;998;9;1;1;1
250838986366;250838986440;74;9;1;1;1
250838986440;250838986507;67;9;1;1;1
250838986507;250838986595;88;9;1;1;1
250838986595;250838987071;476;9;1;1;1
250838987071;250838987371;300;9;1;1;1
250838987371;250838989193;1822;9;1;1;1
250838989193;250838989513;320;9;1;1;1
250838989513;250838989655;142;9;1;1;1
250838989655;250838994896;5241;9;1;1;1
250838994896;250838995767;871;9;1;1;1
250838995767;250838995789;22;9;1;1;1
250838995789;250838997553;1764;9;1;1;1
250838997553;250838998667;1114;9;1;1;1
250838998667;250838999222;555;9;1;1;1
250838999222;250839000984;1762;9;1;1;1
250839000984;250839002656;1672;9;1;1;1
250839002656;250839003970;1314;9;1;1;1
250839003970;250839004005;35;9;1;1;1
250839004005;250839004418;413;9;1;1;1
250839004418;250839004771;353;9;1;1;1
250839004771;250839006076;1305;9;1;1;1
250839006076;250839006630;554;9;1;1;1
250839006630;250839007243;613;9;1;1;1
250839007243;250839008476;1233;9;1;1;1
250839008476;250839010487;2011;9;1;1;1
250839010487;250839010640;153;9;1;1;1
250839010640;250839012582;1942;9;1;1;1
250839012582;250839013013;431;9;1;1;1
250839013013;250839013165;152;9;1;1;1
250839013165;250839014071;906;9;1;1;1
250839014071;250839014339;268;9;1;1;1
250839014339;250839014703;364;9;1;1;1
250839014703;250839014952;249;9;1;1;1
250839014952;250839015516;564;9;1;1;1
250839015516;250839015762;246;9;1;1;1
250839015762;250839016273;511;9;1;1;1
250839016273;250839016325;52;9;1;1;1
250839016325;250839016784;459;9;1;1;1
250839016784;250839017925;1141;9;1;1;1
250839017925;250839018790;865;9;1;1;1
250839018790;250839022901;4111;9;1;1;1
250839022901;250839024028;1127;9;1;1;1
250839024028;250839026113;2085;9;1;1;1
250839026113;250839027692;1579;9;1;1;1
250839027692;250839027884;192;9;1;1;1
250839027884;250839028218;334;9;1;1;1
250839028218;250839029574;1356;9;1;1;1
250839029574;250839030672;1098;9;1;1;1
250839030672;250839031104;432;9;1;1;1
250839031104;250839031326;222;9;1;1;1
250839031326;250839032341;1015;9;1;1;1
250839032341;250839032405;64;9;1;1;1
250839032405;250839032440;35;9;1;1;1
250839032440;250839033314;874;9;1;1;1
250839033314;250839033563;249;9;1;1;1
250839033563;250839033980;417;9;1;1;1
250839033980;250839034530;550;9;1;1;1
250839034530;250839034579;49;9;1;1;1
250839034579;250839034689;110;9;1;1;1
250839034689;250839034919;230;9;1;1;1
250839034919;250839035662;743;9;1;1;1
250839035662;250839037143;1481;9;1;1;1
250839037143;250839037193;50;9;1;1;1
250839037193;250839037677;484;9;1;1;1
250839037677;250839037700;23;9;1;1;1
250839037700;250839037924;224;9;1;1;1
250839037924;250839038051;127;9;1;1;1
250839038051;250839038189;138;9;1;1;1
250839038189;250839038955;766;9;1;1;1
250839038955;250839039060;105;9;1;1;1
250839039060;250839039064;4;9;1;1;1
250839039064;250839039971;907;9;1;1;1
250839039971;250839040807;836;9;1;1;1
250839040807;250839042490;1683;9;1;1;1
250839042490;250839042502;12;9;1;1;1
250839042502;250839043689;1187;9;1;1;1
250839043689;250839045327;1638;9;1;1;1
250839045327;250839045391;64;9;1;1;1
250839045391;250839046952;1561;9;1;1;1
250839046952;250839047253;301;9;1;1;1
250839047253;250839048505;1252;9;1;1;1
250839048505;250839048903;398;9;1;1;1
250839048903;250839049856;953;9;1;1;1
250839049856;250839050679;823;9;1;1;1
250839050679;250839050908;229;9;1;1;1
250839050908;250839051510;602;9;1;1;1
250839051510;250839052700;1190;9;1;1;1
250839052700;250839055523;2823;9;1;1;1
250839055523;250839055824;301;9;1;1;1
250839055824;250839056018;194;9;1;1;1
250839056018;250839057780;1762;9;1;1;1
250839057780;250839057801;21;9;1;1;1
250839057801;250839057940;139;9;1;1;1
250839057940;250839058191;251;9;1;1;1
250839058191;250839059329;1138;9;1;1;1
250839059329;250839063211;3882;9;1;1;1
250839063211;250839064755;1544;9;1;1;1
250839064755;250839065215;460;9;1;1;1
250839065215;250839065389;174;9;1;1;1
250839065389;250839065888;499;9;1;1;1
250839065888;250839066471;583;9;1;1;1
250839066471;250839067295;824;9;1;1;1
250839067295;250839067392;97;9;1;1;1
250839067392;250839067743;351;9;1;1;1
250839067743;250839067794;51;9;1;1;1
250839067794;250839073307;5513;9;1;1;1
250839073307;250839073841;534;9;1;1;1
250839073841;250839078179;4338;9;1;1;1
250839078179;250839078551;372;9;1;1;1
250839078551;250839079757;1206;9;1;1;1
250839079757;250839079796;39;9;1;1;1
250839079796;250839080215;419;9;1;1;1
250839080215;250839081438;1223;9;1;1;1
250839081438;250839084023;2585;9;1;1;1
250839084023;250839085095;1072;9;1;1;1
250839085095;250839087305;2210;9;1;1;1
250839087305;250839087448;143;9;1;1;1
250839087448;250839087532;84;9;1;1;1
250839087532;250839089124;1592;9;1;1;1
250839089124;250839091098;1974;9;1;1;1
250839091098;250839091766;668;9;1;1;1
250839091766;250839092478;712;9;1;1;1
250839092478;250839092638;160;9;1;1;1
250839092638;250839093137;499;9;1;1;1
250839093137;250839096400;3263;9;1;1;1
250839096400;250839097374;974;9;1;1;1
250839097374;250839099079;1705;9;1;1;1
250839099079;250839099748;669;9;1;1;1
250839099748;250839101635;1887;9;1;1;1
250839101635;250839104642;3007;9;1;1;1
250839104642;250839106818;2176;9;1;1;1
250839106818;250839107300;482;9;1;1;1
250839107300;250839109777;2477;9;1;1;1
250839109777;250839110950;1173;9;1;1;1
250839110950;250839112499;1549;9;1;1;1
250839112499;250839115821;3322;9;1;1;1
250839115821;250839115926;105;9;1;1;1
250839115926;250839116197;271;9;1;1;1
250839116197;250839116319;122;9;1;1;1
250839116319;250839117238;919;9;1;1;1
250839117238;250839118145;907;9;1;1;1
250839118145;250839120155;2010;9;1;1;1
250839120155;250839121182;1027;9;1;1;1
250839121182;250839121232;50;9;1;1;1
250839121232;250839121390;158;9;1;1;1
250839121390;250839122894;1504;9;1;1;1
250839122894;250839123725;831;9;1;1;1
250839123725;250839124711;986;9;1;1;1
250839124711;250839125381;670;9;1;1;1
250839125381;250839127117;1736;9;1;1;1
250839127117;250839127552;435;9;1;1;1
250839127552;250839128327;775;9;1;1;1
250839128327;250839129282;955;9;1;1;1
250839129282;250839130448;1166;9;1;1;1
250839130448;250839132093;1645;9;1;1;1
250839132093;250839133778;1685;9;1;1;1
250839133778;250839135033;1255;9;1;1;1
250839135033;250839135071;38;9;1;1;1
250839135071;250839137106;2035;9;1;1;1
250839137106;250839137349;243;9;1;1;1
250839137349;250839138333;984;9;1;1;1
250839138333;250839140771;2438;9;1;1;1
250839140771;250839141118;347;9;1;1;1
250839141118;250839141440;322;9;1;1;1
250839141440;250839144982;3542;9;1;1;1
250839144982;250839145322;340;9;1;1;1
250839145322;250839147480;2158;9;1;1;1
250839147480;250839147537;57;9;1;1;1
250839147537;250839150426;2889;9;1;1;1
250839150426;250839150859;433;9;1;1;1
250839150859;250839151361;502;9;1;1;1
250839151361;250839152493;1132;9;1;1;1
250839152493;250839152883;390;9;1;1;1
250839152883;250839152955;72;9;1;1;1
250839152955;250839156591;3636;9;1;1;1
250839156591;250839157807;1216;9;1;1;1
250839157807;250839159955;2148;9;1;1;1
250839159955;250839162380;2425;9;1;1;1
250839162380;250839165388;3008;9;1;1;1
250839165388;250839169716;4328;9;1;1;1
250839169716;250839173302;3586;9;1;1;1
250839173302;250839178837;5535;9;1;1;1
250839178837;250839179447;610;9;1;1;1
250839179447;250839182091;2644;9;1;1;1
250839182091;250839183246;1155;9;1;1;1
250839183246;250839186693;3447;9;1;1;1
250839186693;250839190541;3848;9;1;1;1
250839190541;250839191132;591;9;1;1;1
250839191132;250839192592;1460;9;1;1;1
250839192592;250839192960;368;9;1;1;1
250839192960;250839198561;5601;9;1;1;1
250839198561;250839199845;1284;9;1;1;1
250839199845;250839199960;115;9;1;1;1
250839199960;250839201556;1596;9;1;1;1
250839201556;250839202095;539;9;1;1;1
250839202095;250839202402;307;9;1;1;1
250839202402;250839202862;460;9;1;1;1
250839202862;250839203272;410;9;1;1;1
250839203272;250839203412;140;9;1;1;1
250839203412;250839203827;415;9;1;1;1
250839203827;250839205016;1189;9;1;1;1
250839205016;250839206634;1618;9;1;1;1
250839206634;250839208170;1536;9;1;1;1
250839208170;250839208538;368;9;1;1;1
250839208538;250839209460;922;9;1;1;1
250839209460;250839210874;1414;9;1;1;1
250839210874;250839211534;660;9;1;1;1
250839211534;250839211781;247;9;1;1;1
250839211781;250839212047;266;9;1;1;1
250839212047;250839212750;703;9;1;1;1
250839212750;250839213806;1056;9;1;1;1
250839213806;250839214106;300;9;1;1;1
250839214106;250839214703;597;9;1;1;1
250839214703;250839216340;1637;9;1;1;1
250839216340;250839216448;108;9;1;1;1
250839216448;250839217937;1489;9;1;1;1
250839217937;250839222470;4533;9;1;1;1
250839222470;250839229246;6776;9;1;1;1
250839229246;250839233318;4072;9;1;1;1
250839233318;250839233814;496;9;1;1;1
250839233814;250839237476;3662;9;1;1;1
250839237476;250839237543;67;9;1;1;1
250839237543;250839239605;2062;9;1;1;1
250839239605;250839241190;1585;9;1;1;1
250839241190;250839241723;533;9;1;1;1
250839241723;250839241745;22;9;1;1;1
250839241745;250839243046;1301;9;1;1;1
250839243046;250839244521;1475;9;1;1;1
250839244521;250839244649;128;9;1;1;1
250839244649;250839245789;1140;9;1;1;1
250839245789;250839245823;34;9;1;1;1
250839245823;250839245878;55;9;1;1;1
250839245878;250839246618;740;9;1;1;1
250839246618;250839250636;4018;9;1;1;1
250839250636;250839250667;31;9;1;1;1
250839250667;250839250749;82;9;1;1;1
250839250749;250839251929;1180;9;1;1;1
250839251929;250839255401;3472;9;1;1;1
250839255401;250839256734;1333;9;1;1;1
250839256734;250839257959;1225;9;1;1;1
250839257959;250839258592;633;9;1;1;1
250839258592;250839266625;8033;9;1;1;1
250839266625;250839270931;4306;9;1;1;1
250839270931;250839271268;337;9;1;1;1
250839271268;250839271725;457;9;1;1;1
250839271725;250839272992;1267;9;1;1;1
250839272992;250839275950;2958;9;1;1;1
250839275950;250839277850;1900;9;1;1;1
250839277850;250839279695;1845;9;1;1;1
250839279695;250839281366;1671;9;1;1;1
250839281366;250839284217;2851;9;1;1;1
250839284217;250839284502;285;9;1;1;1
250839284502;250839290773;6271;9;1;1;1
250839290773;250839292124;1351;9;1;1;1
250839292124;250839292281;157;9;1;1;1
250839292281;250839294774;2493;9;1;1;1
250839294774;250839299075;4301;9;1;1;1
250839299075;250839300918;1843;9;1;1;1
250839300918;250839302106;1188;9;1;1;1
250839302106;250839302206;100;9;1;1;1
250839302206;250839302572;366;9;1;1;1
250839302572;250839303924;1352;9;1;1;1
250839303924;250839303980;56;9;1;1;1
250839303980;250839304771;791;9;1;1;1
250839304771;250839306502;1731;9;1;1;1
250839306502;250839306894;392;9;1;1;1
250839306894;250839307145;251;9;1;1;1
250839307145;250839309089;1944;9;1;1;1
250839309089;250839309128;39;9;1;1;1
250839309128;250839310414;1286;9;1;1;1
250839310414;250839313364;2950;9;1;1;1
250839313364;250839315072;1708;9;1;1;1
250839315072;250839315572;500;9;1;1;1
250839315572;250839316818;1246;9;1;1;1
250839316818;250839319720;2902;9;1;1;1
250839319720;250839319781;61;9;1;1;1
250839319781;250839322590;2809;9;1;1;1
250839322590;250839326406;3816;9;1;1;1
250839326406;250839328982;2576;9;1;1;1
250839328982;250839329853;871;9;1;1;1
250839329853;250839332419;2566;9;1;1;1
250839332419;250839332450;31;9;1;1;1
250839332450;250839334390;1940;9;1;1;1
250839334390;250839337380;2990;9;1;1;1
250839337380;250839338705;1325;9;1;1;1
250839338705;250839340129;1424;9;1;1;1
250839340129;250839342328;2199;9;1;1;1
250839342328;250839346748;4420;9;1;1;1
250839346748;250839347760;1012;9;1;1;1
250839347760;250839353343;5583;9;1;1;1
250839353343;250839356720;3377;9;1;1;1
250839356720;250839361430;4710;9;1;1;1
250839361430;250839362440;1010;9;1;1;1
250839362440;250839363237;797;9;1;1;1
250839363237;250839364716;1479;9;1;1;1
250839364716;250839368364;3648;9;1;1;1
250839368364;250839369132;768;9;1;1;1
250839369132;250839369500;368;9;1;1;1
250839369500;250839370164;664;9;1;1;1
250839370164;250839371174;1010;9;1;1;1
250839371174;250839371425;251;9;1;1;1
250839371425;250839371885;460;9;1;1;1
250839371885;250839373535;1650;9;1;1;1
250839373535;250839377089;3554;9;1;1;1
250839377089;250839377253;164;9;1;1;1
250839377253;250839377800;547;9;1;1;1
250839377800;250839378231;431;9;1;1;1
250839378231;250839378624;393;9;1;1;1
250839378624;250839379678;1054;9;1;1;1
250839379678;250839379866;188;9;1;1;1
250839379866;250839383090;3224;9;1;1;1
250839383090;250839383346;256;9;1;1;1
250839383346;250839384101;755;9;1;1;1
250839384101;250839384366;265;9;1;1;1
250839384366;250839385471;1105;9;1;1;1
250839385471;250839390876;5405;9;1;1;1
250839390876;250839394505;3629;9;1;1;1
250839394505;250839394826;321;9;1;1;1
250839394826;250839395430;604;9;1;1;1
250839395430;250839395622;192;9;1;1;1
250839395622;250839405123;9501;9;1;1;1
250839405123;250839406584;1461;9;1;1;1
250839406584;250839412993;6409;9;1;1;1
250839412993;250839413307;314;9;1;1;1
250839413307;250839414668;1361;9;1;1;1
250839414668;250839419037;4369;9;1;1;1
250839419037;250839426187;7150;9;1;1;1
250839426187;250839426832;645;9;1;1;1
250839426832;250839428594;1762;9;1;1;1
250839428594;250839441252;12658;9;1;1;1
250839441252;250839441574;322;9;1;1;1
250839441574;250839447471;5897;9;1;1;1
250839447471;250839448259;788;9;1;1;1
250839448259;250839448375;116;9;1;1;1
250839448375;250839448553;178;9;1;1;1
250839448553;250839448588;35;9;1;1;1
250839448588;250839454225;5637;9;1;1;1
250839454225;250839455950;1725;9;1;1;1
250839455950;250839458750;2800;9;1;1;1
250839458750;250839460260;1510;9;1;1;1
250839460260;250839464506;4246;9;1;1;1
250839464506;250839464535;29;9;1;1;1
250839464535;250839464557;22;9;1;1;1
250839464557;250839464739;182;9;1;1;1
250839464739;250839465980;1241;9;1;1;1
250839465980;250839467058;1078;9;1;1;1
250839467058;250839467505;447;9;1;1;1
250839467505;250839468365;860;9;1;1;1
250839468365;250839471857;3492;9;1;1;1
250839471857;250839473314;1457;9;1;1;1
250839473314;250839473803;489;9;1;1;1
250839473803;250839475622;1819;9;1;1;1
250839475622;250839476372;750;9;1;1;1
250839476372;250839481255;4883;9;1;1;1
250839481255;250839482351;1096;9;1;1;1
250839482351;250839482862;511;9;1;1;1
250839482862;250839485831;2969;9;1;1;1
250839485831;250839486343;512;9;1;1;1
250839486343;250839489862;3519;9;1;1;1
250839489862;250839491505;1643;9;1;1;1
250839491505;250839494415;2910;9;1;1;1
250839494415;250839495520;1105;9;1;1;1
250839495520;250839496119;599;9;1;1;1
250839496119;250839497391;1272;9;1;1;1
250839497391;250839497447;56;9;1;1;1
250839497447;250839499334;1887;9;1;1;1
250839499334;250839503095;3761;9;1;1;1
250839503095;250839503834;739;9;1;1;1
250839503834;250839504260;426;9;1;1;1
250839504260;250839504997;737;9;1;1;1
250839504997;250839511441;6444;9;1;1;1
250839511441;250839511552;111;9;1;1;1
250839511552;250839516186;4634;9;1;1;1
250839516186;250839516359;173;9;1;1;1
250839516359;250839519052;2693;9;1;1;1
250839519052;250839520514;1462;9;1;1;1
250839520514;250839520821;307;9;1;1;1
250839520821;250839528216;7395;9;1;1;1
250839528216;250839529003;787;9;1;1;1
250839529003;250839530223;1220;9;1;1;1
250839530223;250839530738;515;9;1;1;1
250839530738;250839532477;1739;9;1;1;1
250839532477;250839537284;4807;9;1;1;1
250839537284;250839538132;848;9;1;1;1
250839538132;250839546747;8615;9;1;1;1
250839546747;250839559991;13244;9;1;1;1
250839559991;250839560884;893;9;1;1;1
250839560884;250839582362;21478;9;1;1;1
250839582362;250839586887;4525;9;1;1;1
250839586887;250839587561;674;9;1;1;1
250839587561;250839593435;5874;9;1;1;1
250839593435;250839598173;4738;9;1;1;1
250839598173;250839603179;5006;9;1;1;1
250839603179;250839603549;370;9;1;1;1
250839603549;250839607268;3719;9;1;1;1
250839607268;250839613750;6482;9;1;1;1
250839613750;250839613898;148;9;1;1;1
250839613898;250839618468;4570;9;1;1;1
250839618468;250839627065;8597;9;1;1;1
250839627065;250839628416;1351;9;1;1;1
250839628416;250839628437;21;9;1;1;1
250839628437;250839642102;13665;9;1;1;1
250839642102;250839644066;1964;9;1;1;1
250839644066;250839645598;1532;9;1;1;1
250839645598;250839653580;7982;9;1;1;1
250839653580;250839655619;2039;9;1;1;1
250839655619;250839657570;1951;9;1;1;1
250839657570;250839663920;6350;9;1;1;1
250839663920;250839665365;1445;9;1;1;1
250839665365;250839666092;727;9;1;1;1
250839666092;250839667785;1693;9;1;1;1
250839667785;250839668008;223;9;1;1;1
250839668008;250839668070;62;9;1;1;1
250839668070;250839671101;3031;9;1;1;1
250839671101;250839674514;3413;9;1;1;1
250839674514;250839675342;828;9;1;1;1
250839675342;250839676400;1058;9;1;1;1
250839676400;250839676663;263;9;1;1;1
250839676663;250839682454;5791;9;1;1;1
250839682454;250839683659;1205;9;1;1;1
250839683659;250839685137;1478;9;1;1;1
250839685137;250839686237;1100;9;1;1;1
250839686237;250839688273;2036;9;1;1;1
250839688273;250839689199;926;9;1;1;1
250839689199;250839689459;260;9;1;1;1
250839689459;250839689541;82;9;1;1;1
250839689541;250839690400;859;9;1;1;1
250839690400;250839690405;5;9;1;1;1
250839690405;250839690536;131;9;1;1;1
250839690536;250839691450;914;9;1;1;1
250839691450;250839692287;837;9;1;1;1
250839692287;250839696257;3970;9;1;1;1
250839696257;250839697652;1395;9;1;1;1
250839697652;250839699667;2015;9;1;1;1
250839699667;250839700815;1148;9;1;1;1
250839700815;250839701387;572;9;1;1;1
250839701387;250839703238;1851;9;1;1;1
250839703238;250839708148;4910;9;1;1;1
250839708148;250839713952;5804;9;1;1;1
250839713952;250839714454;502;9;1;1;1
250839714454;250839726186;11732;9;1;1;1
250839726186;250839735477;9291;9;1;1;1
250839735477;250839740127;4650;9;1;1;1
250839740127;250839757464;17337;9;1;1;1
250839757464;250839768081;10617;9;1;1;1
250839768081;250839768230;149;9;1;1;1
250839768230;250839777820;9590;9;1;1;1
250839777820;250839819795;41975;9;1;1;1
250839819795;250839838742;18947;9;1;1;1
250839838742;250839850815;12073;9;1;1;1
250839850815;250839852494;1679;9;1;1;1
250839852494;250839866657;14163;9;1;1;1
250839866657;250839868989;2332;9;1;1;1
250839868989;250839872167;3178;9;1;1;1
250839872167;250839881116;8949;9;1;1;1
250839881116;250839889166;8050;9;1;1;1
250839889166;250839900094;10928;9;1;1;1
250839900094;250839909062;8968;9;1;1;1
250839909062;250839910556;1494;9;1;1;1
250839910556;250839914472;3916;9;1;1;1
250839914472;250839917854;3382;9;1;1;1
250839917854;250839921661;3807;9;1;1;1
250839921661;250839934318;12657;9;1;1;1
250839934318;250839955554;21236;9;1;1;1
250839955554;250839964807;9253;9;1;1;1
250839964807;250839966715;1908;9;1;1;1
250839966715;250839990267;23552;9;1;1;1
250839990267;250839991777;1510;9;1;1;1
250839991777;250839996746;4969;9;1;1;1
250839996746;250839997057;311;9;1;1;1
250839997057;250840029353;32296;9;1;1;1
250840029353;250840054580;25227;9;1;1;1
250840054580;250840068392;13812;9;1;1;1
250840068392;250840072254;3862;9;1;1;1
250840072254;250840082401;10147;9;1;1;1
250840082401;250840085941;3540;9;1;1;1
250840085941;250840115872;29931;9;1;1;1
250840115872;250840129649;13777;9;1;1;1
250840129649;250840137969;8320;9;1;1;1
250840137969;250840138197;228;9;1;1;1
250840138197;250840152954;14757;9;1;1;1
250840152954;250840164185;11231;9;1;1;1
250840164185;250840165138;953;9;1;1;1
250840165138;250840171301;6163;9;1;1;1
250840171301;250840187012;15711;9;1;1;1
250840187012;250840192705;5693;9;1;1;1
250840192705;250840207111;14406;9;1;1;1
250840207111;250840209814;2703;9;1;1;1
250840253995;250840268714;14719;9;1;1;1
250840416041;250840431763;15722;9;1;1;1
250840550538;250840673655;123117;9;1;1;1
250841128505;250841177998;49493;9;1;1;1
250868142284;250868164173;21889;9;1;1;1
250868164173;250868169579;5406;9;1;1;1
250868169579;250868181173;11594;9;1;1;1
250868181173;250868181611;438;9;1;1;1
250868181611;250868199420;17809;9;1;1;1
250868199420;250868199466;46;9;1;1;1
250868199466;250868211445;11979;9;1;1;1
250868211445;250868217583;6138;9;1;1;1
250868217583;250868219888;2305;9;1;1;1
250868219888;250868228197;8309;9;1;1;1
250868228197;250868239441;11244;9;1;1;1
250868239441;250868246185;6744;9;1;1;1
250868246185;250868246259;74;9;1;1;1
250868246259;250868246294;35;9;1;1;1
250868246294;250868255546;9252;9;1;1;1
250868255546;250868264356;8810;9;1;1;1
250868264356;250868269709;5353;9;1;1;1
250868269709;250868276486;6777;9;1;1;1
250868276486;250868281961;5475;9;1;1;1
250868281961;250868289360;7399;9;1;1;1
250868289360;250868296549;7189;9;1;1;1
250868298630;250868311866;13236;9;1;1;1
250868342313;250868355676;13363;9;1;1;1
250868385394;250868392665;7271;9;1;1;1
250868400571;250868428048;27477;9;1;1;1
250868432996;250868443312;10316;9;1;1;1
250868477241;250868486387;9146;9;1;1;1
250868515011;250868522878;7867;9;1;1;1
250868524566;250868532361;7795;9;1;1;1
250868532361;250868533654;1293;9;1;1;1
250868565835;250868574074;8239;9;1;1;1
250868682769;250868702007;19238;9;1;1;1
250868761170;250868761804;634;9;1;1;1
250868761804;250868771336;9532;9;1;1;1
250868771336;250868779235;7899;9;1;1;1
250868831865;250868846848;14983;9;1;1;1
250868850394;250868850915;521;9;1;1;1
250868850915;250868861140;10225;9;1;1;1
250868861140;250868861179;39;9;1;1;1
250868894133;250868905428;11295;9;1;1;1
250868909900;250868909957;57;9;1;1;1
250868909957;250868918872;8915;9;1;1;1
250868918872;250868921242;2370;9;1;1;1
250868954248;250868961738;7490;9;1;1;1
250868994918;250869002469;7551;9;1;1;1
250869053192;250869061260;8068;9;1;1;1
250869061260;250869061899;639;9;1;1;1
250869061899;250869080437;18538;9;1;1;1
250869080437;250869089696;9259;9;1;1;1
250869089696;250869092962;3266;9;1;1;1
250869141810;250869145815;4005;9;1;1;1
250869145815;250869151525;5710;9;1;1;1
250869151525;250869156792;5267;9;1;1;1
250869225099;250869233314;8215;9;1;1;1
250869278915;250869289691;10776;9;1;1;1
250869330381;250869339070;8689;9;1;1;1
250869339070;250869340001;931;9;1;1;1
250869340001;250869353360;13359;9;1;1;1
250869363499;250869373062;9563;9;1;1;1
250869386241;250869392015;5774;9;1;1;1
250869392015;250869397473;5458;9;1;1;1
250869397473;250869401902;4429;9;1;1;1
250869401902;250869404498;2596;9;1;1;1
250869404498;250869414460;9962;9;1;1;1
250869414460;250869416299;1839;9;1;1;1
250869416299;250869416372;73;9;1;1;1
250869416372;250869418008;1636;9;1;1;1
250869418008;250869423713;5705;9;1;1;1
250869423713;250869428256;4543;9;1;1;1
250869428256;250869431990;3734;9;1;1;1
250869431990;250869434326;2336;9;1;1;1
250869434326;250869442030;7704;9;1;1;1
250869464702;250869474534;9832;9;1;1;1
250869480567;250869480987;420;9;1;1;1
250869480987;250869495114;14127;9;1;1;1
250869495114;250869496200;1086;9;1;1;1
250869496200;250869501687;5487;9;1;1;1
250869501687;250869509515;7828;9;1;1;1
250869509515;250869536395;26880;9;1;1;1
250869536395;250869561579;25184;9;1;1;1
250869561579;250869574415;12836;9;1;1;1
250869574415;250869650750;76335;9;1;1;1
250869724747;250869728510;3763;9;1;1;1
250869728510;250869729733;1223;9;1;1;1
250869729733;250869735936;6203;9;1;1;1
250869735936;250869738581;2645;9;1;1;1
250869738581;250869741769;3188;9;1;1;1
250869777847;250869787555;9708;9;1;1;1
250869787555;250869787665;110;9;1;1;1
250869787665;250869801481;13816;9;1;1;1
250869802056;250869816697;14641;9;1;1;1
250869833276;250869845581;12305;9;1;1;1
250869888867;250869918795;29928;9;1;1;1
250869918795;250869935345;16550;9;1;1;1
250869935345;250869974910;39565;9;1;1;1
250869982028;250869994881;12853;9;1;1;1
250869999679;250870018914;19235;9;1;1;1
250870042699;250870057933;15234;9;1;1;1
250870066773;250870071125;4352;9;1;1;1
250870080554;250870107374;26820;9;1;1;1
250870111414;250870121468;10054;9;1;1;1
250870144514;250870153438;8924;9;1;1;1
250870153438;250870158076;4638;9;1;1;1
250870158076;250870161731;3655;9;1;1;1
250870167304;250870177151;9847;9;1;1;1
250870177237;250870180479;3242;9;1;1;1
250870193782;250870197022;3240;9;1;1;1
250870206540;250870207478;938;9;1;1;1
250870207478;250870214529;7051;9;1;1;1
250870214529;250870214583;54;9;1;1;1
250870214583;250870218075;3492;9;1;1;1
250870218075;250870223186;5111;9;1;1;1
250870256997;250870263679;6682;9;1;1;1
250870273498;250870283947;10449;9;1;1;1
250870286451;250870289790;3339;9;1;1;1
250870289790;250870289829;39;9;1;1;1
250870289829;250870295932;6103;9;1;1;1
250870330828;250870371994;41166;9;1;1;1
250870413541;250870421445;7904;9;1;1;1
250870454950;250870460008;5058;9;1;1;1
250870460008;250870465176;5168;9;1;1;1
250870465176;250870477471;12295;9;1;1;1
250870478586;250870479035;449;9;1;1;1
250870479035;250870483475;4440;9;1;1;1
250870483475;250870491697;8222;9;1;1;1
250870499528;250870506564;7036;9;1;1;1
250870506564;250870509046;2482;9;1;1;1
250870509046;250870510548;1502;9;1;1;1
250870533955;250870533978;23;9;1;1;1
250870533978;250870545173;11195;9;1;1;1
250870545173;250870549201;4028;9;1;1;1
250870549238;250870565873;16635;9;1;1;1
250870565873;250870566703;830;9;1;1;1
250870566703;250870575506;8803;9;1;1;1
250870577715;250870581976;4261;9;1;1;1
250870581976;250870586516;4540;9;1;1;1
250870586516;250870591469;4953;9;1;1;1
250870591469;250870591502;33;9;1;1;1
250870591502;250870597905;6403;9;1;1;1
250870597905;250870605088;7183;9;1;1;1
250870605088;250870606862;1774;9;1;1;1
250870610809;250870621100;10291;9;1;1;1
250870629634;250870629990;356;9;1;1;1
250870629990;250870634374;4384;9;1;1;1
250870634374;250870638106;3732;9;1;1;1
250870638106;250870638988;882;9;1;1;1
250870638988;250870650237;11249;9;1;1;1
250870650237;250870660526;10289;9;1;1;1
250870660526;250870661940;1414;9;1;1;1
250870661940;250870667941;6001;9;1;1;1
250870667941;250870671097;3156;9;1;1;1
250870671097;250870675145;4048;9;1;1;1
250870675145;250870678525;3380;9;1;1;1
250870684652;250870689603;4951;9;1;1;1
250870689603;250870689812;209;9;1;1;1
250870689812;250870699303;9491;9;1;1;1
250870718319;250870727949;9630;9;1;1;1
250870736201;250870739506;3305;9;1;1;1
250870739506;250870745872;6366;9;1;1;1
250870745872;250870755553;9681;9;1;1;1
250870755576;250870763091;7515;9;1;1;1
250870766394;250870776652;10258;9;1;1;1
250870776652;250870776746;94;9;1;1;1
250870776746;250870787664;10918;9;1;1;1
250870798762;250870804977;6215;9;1;1;1
250870804977;250870806756;1779;9;1;1;1
250870806756;250870813316;6560;9;1;1;1
250870831241;250870833722;2481;9;1;1;1
250870833722;250870839842;6120;9;1;1;1
250870839842;250870842499;2657;9;1;1;1
250870842499;250870842938;439;9;1;1;1
250870842938;250870850114;7176;9;1;1;1
250870850114;250870850665;551;9;1;1;1
250870850665;250870854899;4234;9;1;1;1
250870854899;250870859442;4543;9;1;1;1
250870859442;250870861808;2366;9;1;1;1
250870861808;250870864837;3029;9;1;1;1
250870864837;250870864933;96;9;1;1;1
250870864933;250870866050;1117;9;1;1;1
250870866050;250870873689;7639;9;1;1;1
250870884361;250870891833;7472;9;1;1;1
250870891833;250870892845;1012;9;1;1;1
250870892845;250870897077;4232;9;1;1;1
250870906314;250870918363;12049;9;1;1;1
250870930512;250870943933;13421;9;1;1;1
250870943933;250870954977;11044;9;1;1;1
250870954977;250871006709;51732;9;1;1;1
250871022085;250871028554;6469;9;1;1;1
250871050061;250871050485;424;9;1;1;1
250871050485;250871061731;11246;9;1;1;1
250871061731;250871061767;36;9;1;1;1
250871076662;250871086401;9739;9;1;1;1
250871108533;250871108559;26;9;1;1;1
250871108559;250871118262;9703;9;1;1;1
250871118262;250871119127;865;9;1;1;1
250871170210;250871180852;10642;9;1;1;1
250871226068;250871236529;10461;9;1;1;1
250871251581;250871283351;31770;9;1;1;1
250871335574;250871348587;13013;9;1;1;1
250871399508;250871408518;9010;9;1;1;1
250871449654;250871458947;9293;9;1;1;1
250871498772;250871505619;6847;9;1;1;1
250871505619;250871505781;162;9;1;1;1
250871505781;250871508490;2709;9;1;1;1
250871508490;250871516633;8143;9;1;1;1
250871516633;250871521010;4377;9;1;1;1
250871548658;250871553051;4393;9;1;1;1
250871553051;250871556949;3898;9;1;1;1
250871556949;250871557571;622;9;1;1;1
250871557571;250871566775;9204;9;1;1;1
250871566775;250871567714;939;9;1;1;1
250871567714;250871589986;22272;9;1;1;1
250871589986;250871590034;48;9;1;1;1
250871610706;250871610817;111;9;1;1;1
250871610817;250871622083;11266;9;1;1;1
250871622083;250871622203;120;9;1;1;1
250871668693;250871680442;11749;9;1;1;1
250871696606;250871710070;13464;9;1;1;1
250871765272;250871770803;5531;9;1;1;1
250871770803;250871780293;9490;9;1;1;1
250871780293;250871822414;42121;9;1;1;1
250871837127;250871886755;49628;9;1;1;1
250871891521;250871894717;3196;9;1;1;1
250871894717;250871904497;9780;9;1;1;1
250871904497;250871904581;84;9;1;1;1
250871926525;250871931582;5057;9;1;1;1
250871931582;250871938998;7416;9;1;1;1
250871938998;250871940738;1740;9;1;1;1
250871958526;250871961719;3193;9;1;1;1
250871961719;250871965297;3578;9;1;1;1
250871965297;250871968072;2775;9;1;1;1
250871968072;250871970615;2543;9;1;1;1
250871970615;250871972881;2266;9;1;1;1
250871986974;250871987007;33;9;1;1;1
250871987007;250871994827;7820;9;1;1;1
250871994827;250871996928;2101;9;1;1;1
250871996928;250872000985;4057;9;1;1;1
250872000985;250872039873;38888;9;1;1;1
250872039873;250872048682;8809;9;1;1;1
250872048682;250872051303;2621;9;1;1;1
250872057126;250872064708;7582;9;1;1;1
250872076182;250872084958;8776;9;1;1;1
250872135017;250872144335;9318;9;1;1;1
250872239227;250872248616;9389;9;1;1;1
250872270797;250872279512;8715;9;1;1;1
250872297061;250872307318;10257;9;1;1;1
250872339295;250872351769;12474;9;1;1;1
250872474625;250872484194;9569;9;1;1;1
250872484194;250872490562;6368;9;1;1;1
250872490562;250872494696;4134;9;1;1;1
250872494696;250872505192;10496;9;1;1;1
250872505192;250872508419;3227;9;1;1;1
250872550587;250872562491;11904;9;1;1;1
250872562530;250872568349;5819;9;1;1;1
250872568349;250872572305;3956;9;1;1;1
250872572305;250872587193;14888;9;1;1;1
250872819767;250872833815;14048;9;1;1;1
250872843247;250872853241;9994;9;1;1;1
250872875420;250872887479;12059;9;1;1;1
250872887479;250872887912;433;9;1;1;1
250872887912;250872894102;6190;9;1;1;1
250872907275;250872929174;21899;9;1;1;1
250872938174;250872945664;7490;9;1;1;1
250872945664;250872947744;2080;9;1;1;1
250872947744;250872957122;9378;9;1;1;1
250872986701;250872990420;3719;9;1;1;1
250872990420;250872997264;6844;9;1;1;1
250872997264;250872998419;1155;9;1;1;1
250873004727;250873016952;12225;9;1;1;1
250873016952;250873021194;4242;9;1;1;1
250873021194;250873027646;6452;9;1;1;1
250873117795;250873126370;8575;9;1;1;1
250873126370;250873127393;1023;9;1;1;1
250873127393;250873127838;445;9;1;1;1
250873127838;250873127862;24;9;1;1;1
250873127862;250873137048;9186;9;1;1;1
250873137048;250873143034;5986;9;1;1;1
250873143034;250873149238;6204;9;1;1;1
250873149238;250873153634;4396;9;1;1;1
250873153634;250873169493;15859;9;1;1;1
250873169493;250873184670;15177;9;1;1;1
250873184670;250873200772;16102;9;1;1;1
250873200772;250873202285;1513;9;1;1;1
250873202285;250873205777;3492;9;1;1;1
250873205777;250873211677;5900;9;1;1;1
250873211677;250873211748;71;9;1;1;1
250873211748;250873213445;1697;9;1;1;1
250873213445;250873216013;2568;9;1;1;1
250873216013;250873216169;156;9;1;1;1
250873216169;250873227065;10896;9;1;1;1
250873227065;250873227156;91;9;1;1;1
250873227156;250873238518;11362;9;1;1;1
250873238518;250873238569;51;9;1;1;1
250873238569;250873239978;1409;9;1;1;1
250873239978;250873248256;8278;9;1;1;1
250873248256;250873259878;11622;9;1;1;1
250873268262;250873269851;1589;9;1;1;1
250873269851;250873286533;16682;9;1;1;1
250873286533;250873286557;24;9;1;1;1
250873286557;250873300088;13531;9;1;1;1
250873300088;250873302088;2000;9;1;1;1
250873302088;250873314974;12886;9;1;1;1
250873314974;250873316827;1853;9;1;1;1
250876491883;250876522663;30780;9;1;1;1
250876522663;250876535912;13249;9;1;1;1
250876535912;250876543896;7984;9;1;1;1
250876543896;250876565094;21198;9;1;1;1
250876565094;250876587978;22884;9;1;1;1
250876587978;250876629924;41946;9;1;1;1
250876629924;250876634421;4497;9;1;1;1
250876634421;250876634788;367;9;1;1;1
250876634788;250876643568;8780;9;1;1;1
250876643568;250876644032;464;9;1;1;1
250876644032;250876649891;5859;9;1;1;1
250876649891;250876721017;71126;9;1;1;1
250876721017;250876725517;4500;9;1;1;1
250876725517;250876752157;26640;9;1;1;1
250876752157;250876752535;378;9;1;1;1
250876752535;250876760684;8149;9;1;1;1
250876760684;250876763280;2596;9;1;1;1
250876763280;250876763657;377;9;1;1;1
250876763657;250876763738;81;9;1;1;1
250876763738;250876775779;12041;9;1;1;1
250876775779;250876783352;7573;9;1;1;1
250876783352;250876783416;64;9;1;1;1
250876783416;250876783454;38;9;1;1;1
250876783454;250876806271;22817;9;1;1;1
250876806271;250876806348;77;9;1;1;1
250876806348;250876814793;8445;9;1;1;1
250876814793;250876819179;4386;9;1;1;1
250876819179;250876820078;899;9;1;1;1
250876820078;250876831552;11474;9;1;1;1
250876831552;250876842426;10874;9;1;1;1
250876842426;250876849941;7515;9;1;1;1
250876849941;250876870815;20874;9;1;1;1
250876870815;250876875973;5158;9;1;1;1
250876875973;250876875999;26;9;1;1;1
250876875999;250876876047;48;9;1;1;1
250876876047;250876876078;31;9;1;1;1
250876876078;250876876108;30;9;1;1;1
250876876108;250876883066;6958;9;1;1;1
250876883066;250876886994;3928;9;1;1;1
250876886994;250876887095;101;9;1;1;1
250876887095;250876888300;1205;9;1;1;1
250876888300;250876888672;372;9;1;1;1
250876888672;250876889122;450;9;1;1;1
250876889122;250876890809;1687;9;1;1;1
250876890809;250876890864;55;9;1;1;1
250876890864;250876892784;1920;9;1;1;1
250876892784;250876897525;4741;9;1;1;1
250876897525;250876901055;3530;9;1;1;1
250876901055;250876901106;51;9;1;1;1
250876901106;250876902616;1510;9;1;1;1
250876902616;250876909313;6697;9;1;1;1
250876909313;250876910066;753;9;1;1;1
250876910066;250876911005;939;9;1;1;1
250876911005;250876911128;123;9;1;1;1
250876911128;250876913683;2555;9;1;1;1
250876913683;250876917375;3692;9;1;1;1
250876917375;250876917727;352;9;1;1;1
250876917727;250876932855;15128;9;1;1;1
250876932855;250876937547;4692;9;1;1;1
250876937547;250876938226;679;9;1;1;1
250876938226;250876938610;384;9;1;1;1
250876938610;250876940613;2003;9;1;1;1
250876940613;250876942889;2276;9;1;1;1
250876942889;250876949739;6850;9;1;1;1
250876949739;250876954497;4758;9;1;1;1
250876954497;250876954987;490;9;1;1;1
250876954987;250876957665;2678;9;1;1;1
250876957665;250876957881;216;9;1;1;1
250876957881;250876958292;411;9;1;1;1
250876958292;250876958333;41;9;1;1;1
250876958333;250876958379;46;9;1;1;1
250876958379;250876960589;2210;9;1;1;1
250876960589;250876961534;945;9;1;1;1
250876961534;250876962529;995;9;1;1;1
250876962529;250876962552;23;9;1;1;1
250876962552;250876964495;1943;9;1;1;1
250876964495;250876964517;22;9;1;1;1
250876964517;250876965866;1349;9;1;1;1
250876965866;250876969734;3868;9;1;1;1
250876969734;250876970933;1199;9;1;1;1
250876970933;250876974566;3633;9;1;1;1
250876974566;250876976858;2292;9;1;1;1
250876976858;250876986580;9722;9;1;1;1
250876986580;250876990342;3762;9;1;1;1
250876990342;250876990842;500;9;1;1;1
250876990842;250876991444;602;9;1;1;1
250876991444;250876992673;1229;9;1;1;1
250876992673;250876992760;87;9;1;1;1
250876992760;250876996181;3421;9;1;1;1
250876996181;250877002432;6251;9;1;1;1
250877002432;250877013262;10830;9;1;1;1
250877013262;250877013385;123;9;1;1;1
250877013385;250877016306;2921;9;1;1;1
250877016306;250877016335;29;9;1;1;1
250877016335;250877016792;457;9;1;1;1
250877016792;250877020834;4042;9;1;1;1
250877020834;250877021496;662;9;1;1;1
250877021496;250877025517;4021;9;1;1;1
250877025517;250877026987;1470;9;1;1;1
250877026987;250877027888;901;9;1;1;1
250877027888;250877029920;2032;9;1;1;1
250877029920;250877029997;77;9;1;1;1
250877029997;250877031311;1314;9;1;1;1
250877031311;250877036439;5128;9;1;1;1
250877036439;250877037200;761;9;1;1;1
250877037200;250877037290;90;9;1;1;1
250877037290;250877037445;155;9;1;1;1
250877037445;250877040002;2557;9;1;1;1
250877040002;250877040359;357;9;1;1;1
250877040359;250877040438;79;9;1;1;1
250877040438;250877040709;271;9;1;1;1
250877040709;250877041514;805;9;1;1;1
250877041514;250877041534;20;9;1;1;1
250877041534;250877041588;54;9;1;1;1
250877041588;250877041644;56;9;1;1;1
250877041644;250877041941;297;9;1;1;1
250877041941;250877044953;3012;9;1;1;1
250877044953;250877045236;283;9;1;1;1
250877045236;250877046240;1004;9;1;1;1
250877046240;250877048374;2134;9;1;1;1
250877048374;250877048868;494;9;1;1;1
250877048868;250877056477;7609;9;1;1;1
250877056477;250877056642;165;9;1;1;1
250877056642;250877058193;1551;9;1;1;1
250877058193;250877058521;328;9;1;1;1
250877058521;250877061265;2744;9;1;1;1
250877061265;250877061482;217;9;1;1;1
250877061482;250877061599;117;9;1;1;1
250877061599;250877061815;216;9;1;1;1
250877061815;250877061883;68;9;1;1;1
250877061883;250877062024;141;9;1;1;1
250877062024;250877072845;10821;9;1;1;1
250877072845;250877074167;1322;9;1;1;1
250877074167;250877074908;741;9;1;1;1
250877074908;250877075045;137;9;1;1;1
250877075045;250877076338;1293;9;1;1;1
250877076338;250877079953;3615;9;1;1;1
250877079953;250877080011;58;9;1;1;1
250877080011;250877087981;7970;9;1;1;1
250877087981;250877088618;637;9;1;1;1
250877088618;250877089092;474;9;1;1;1
250877089092;250877089273;181;9;1;1;1
250877089273;250877090346;1073;9;1;1;1
250877090346;250877090381;35;9;1;1;1
250877090381;250877093361;2980;9;1;1;1
250877093361;250877094013;652;9;1;1;1
250877094013;250877094489;476;9;1;1;1
250877094489;250877094520;31;9;1;1;1
250877094520;250877097683;3163;9;1;1;1
250877097683;250877098070;387;9;1;1;1
250877098070;250877098216;146;9;1;1;1
250877098216;250877098436;220;9;1;1;1
250877098436;250877103528;5092;9;1;1;1
250877103528;250877103655;127;9;1;1;1
250877103655;250877103717;62;9;1;1;1
250877103717;250877103801;84;9;1;1;1
250877103801;250877104885;1084;9;1;1;1
250877104885;250877112179;7294;9;1;1;1
250877112179;250877112201;22;9;1;1;1
250877112201;250877116082;3881;9;1;1;1
250877116082;250877116311;229;9;1;1;1
250877116311;250877121475;5164;9;1;1;1
250877121475;250877121685;210;9;1;1;1
250877121685;250877121735;50;9;1;1;1
250877121735;250877125533;3798;9;1;1;1
250877125533;250877129522;3989;9;1;1;1
250877129522;250877131017;1495;9;1;1;1
250877131017;250877133434;2417;9;1;1;1
250877133434;250877134358;924;9;1;1;1
250877134358;250877137724;3366;9;1;1;1
250877137724;250877156657;18933;9;1;1;1
250877156657;250877158257;1600;9;1;1;1
250877158257;250877159354;1097;9;1;1;1
250877159354;250877161797;2443;9;1;1;1
250877161797;250877161948;151;9;1;1;1
250877161948;250877161998;50;9;1;1;1
250877161998;250877162038;40;9;1;1;1
250877162038;250877164719;2681;9;1;1;1
250877164719;250877169992;5273;9;1;1;1
250877169992;250877171823;1831;9;1;1;1
250877171823;250877173784;1961;9;1;1;1
250877173784;250877174983;1199;9;1;1;1
250877174983;250877178092;3109;9;1;1;1
250877178092;250877183315;5223;9;1;1;1
250877183315;250877194779;11464;9;1;1;1
250877194779;250877195194;415;9;1;1;1
250877195194;250877197469;2275;9;1;1;1
250877197469;250877201271;3802;9;1;1;1
250877201271;250877201346;75;9;1;1;1
250877201346;250877202677;1331;9;1;1;1
250877202677;250877208243;5566;9;1;1;1
250877208243;250877218025;9782;9;1;1;1
250877218025;250877229338;11313;9;1;1;1
250877229338;250877229780;442;9;1;1;1
250877229780;250877230564;784;9;1;1;1
250877230564;250877239975;9411;9;1;1;1
250877239975;250877248593;8618;9;1;1;1
250877248593;250877262056;13463;9;1;1;1
250877262056;250877265509;3453;9;1;1;1
250877265509;250877274398;8889;9;1;1;1
250877274398;250877277886;3488;9;1;1;1
250877277886;250877281028;3142;9;1;1;1
250877281028;250877281049;21;9;1;1;1
250877281049;250877282873;1824;9;1;1;1
250877282873;250877286273;3400;9;1;1;1
250877286273;250877290066;3793;9;1;1;1
250877290066;250877294246;4180;9;1;1;1
250877294246;250877306346;12100;9;1;1;1
250877306346;250877309391;3045;9;1;1;1
250877309391;250877321729;12338;9;1;1;1
250877321729;250877324636;2907;9;1;1;1
250877324636;250877325862;1226;9;1;1;1
250877325862;250877326404;542;9;1;1;1
250877326404;250877327095;691;9;1;1;1
250877327095;250877327992;897;9;1;1;1
250877327992;250877333229;5237;9;1;1;1
250877333229;250877333274;45;9;1;1;1
250877333274;250877341153;7879;9;1;1;1
250877341153;250877346884;5731;9;1;1;1
250877346884;250877348903;2019;9;1;1;1
250877348903;250877351934;3031;9;1;1;1
250877351934;250877355492;3558;9;1;1;1
250877355492;250877367952;12460;9;1;1;1
250877367952;250877369022;1070;9;1;1;1
250877369022;250877369916;894;9;1;1;1
250877369916;250877381747;11831;9;1;1;1
250877381747;250877384414;2667;9;1;1;1
250877384414;250877385799;1385;9;1;1;1
250877385799;250877393006;7207;9;1;1;1
250877393006;250877393854;848;9;1;1;1
250877393854;250877393956;102;9;1;1;1
250877393956;250877396968;3012;9;1;1;1
250877396968;250877401274;4306;9;1;1;1
250877401274;250877408779;7505;9;1;1;1
250877408779;250877411910;3131;9;1;1;1
250877411910;250877412325;415;9;1;1;1
250877412325;250877412453;128;9;1;1;1
250877412453;250877417402;4949;9;1;1;1
250877417402;250877424144;6742;9;1;1;1
250877424144;250877427093;2949;9;1;1;1
250877427093;250877428947;1854;9;1;1;1
250877428947;250877429128;181;9;1;1;1
250877429128;250877440350;11222;9;1;1;1
250877440350;250877450526;10176;9;1;1;1
250877450526;250877453383;2857;9;1;1;1
250877453383;250877454900;1517;9;1;1;1
250877454900;250877463356;8456;9;1;1;1
250877463356;250877463542;186;9;1;1;1
250877463542;250877464491;949;9;1;1;1
250877464491;250877467652;3161;9;1;1;1
250877467652;250877470972;3320;9;1;1;1
250877470972;250877471017;45;9;1;1;1
250877471017;250877473829;2812;9;1;1;1
250877473829;250877474649;820;9;1;1;1
250877474649;250877474827;178;9;1;1;1
250877474827;250877476402;1575;9;1;1;1
250877476402;250877476657;255;9;1;1;1
250877476657;250877476978;321;9;1;1;1
250877476978;250877480589;3611;9;1;1;1
250877480589;250877480902;313;9;1;1;1
250877480902;250877481504;602;9;1;1;1
250877481504;250877484817;3313;9;1;1;1
250877484817;250877493542;8725;9;1;1;1
250877493542;250877493697;155;9;1;1;1
250877493697;250877496190;2493;9;1;1;1
250877496190;250877497094;904;9;1;1;1
250877497094;250877497171;77;9;1;1;1
250877497171;250877505374;8203;9;1;1;1
250877505374;250877508019;2645;9;1;1;1
250877508019;250877508307;288;9;1;1;1
250877508307;250877513759;5452;9;1;1;1
250877513759;250877518363;4604;9;1;1;1
250877518363;250877520609;2246;9;1;1;1
250877520609;250877520999;390;9;1;1;1
250877520999;250877530918;9919;9;1;1;1
250877530918;250877531091;173;9;1;1;1
250877531091;250877532758;1667;9;1;1;1
250877532758;250877535545;2787;9;1;1;1
250877535545;250877541209;5664;9;1;1;1
250877541209;250877541372;163;9;1;1;1
250877541372;250877542516;1144;9;1;1;1
250877542516;250877542981;465;9;1;1;1
250877542981;250877543234;253;9;1;1;1
250877543234;250877543501;267;9;1;1;1
250877543501;250877543731;230;9;1;1;1
250877543731;250877551715;7984;9;1;1;1
250877551715;250877553492;1777;9;1;1;1
250877553492;250877553996;504;9;1;1;1
250877553996;250877554836;840;9;1;1;1
250877554836;250877555023;187;9;1;1;1
250877555023;250877555262;239;9;1;1;1
250877555262;250877555483;221;9;1;1;1
250877555483;250877565308;9825;9;1;1;1
250877565308;250877565514;206;9;1;1;1
250877565514;250877566722;1208;9;1;1;1
250877566722;250877566888;166;9;1;1;1
250877566888;250877567374;486;9;1;1;1
250877567374;250877567530;156;9;1;1;1
250877567530;250877584527;16997;9;1;1;1
250877584527;250877588592;4065;9;1;1;1
250877588592;250877603338;14746;9;1;1;1
250877603338;250877603523;185;9;1;1;1
250877603523;250877612945;9422;9;1;1;1
250877612945;250877612979;34;9;1;1;1
250877612979;250877613481;502;9;1;1;1
250877613481;250877616353;2872;9;1;1;1
250877616353;250877616872;519;9;1;1;1
250877616872;250877621701;4829;9;1;1;1
250877621701;250877621857;156;9;1;1;1
250877621857;250877625952;4095;9;1;1;1
250877625952;250877626136;184;9;1;1;1
250877626136;250877648057;21921;9;1;1;1
250877648057;250877648232;175;9;1;1;1
250877648232;250877657791;9559;9;1;1;1
250877657791;250877658659;868;9;1;1;1
250877658659;250877660491;1832;9;1;1;1
250877660491;250877660671;180;9;1;1;1
250877660671;250877661085;414;9;1;1;1
250877661085;250877661311;226;9;1;1;1
250877661311;250877670805;9494;9;1;1;1
250877670805;250877670957;152;9;1;1;1
250877670957;250877672042;1085;9;1;1;1
250877672042;250877672206;164;9;1;1;1
250877672206;250877708501;36295;9;1;1;1
250877708501;250877726242;17741;9;1;1;1
250877726242;250877726462;220;9;1;1;1
250877726462;250877754118;27656;9;1;1;1
250877754118;250877761202;7084;9;1;1;1
250877761202;250877761509;307;9;1;1;1
250877761509;250877770421;8912;9;1;1;1
250877770421;250877770797;376;9;1;1;1
250877770797;250877772763;1966;9;1;1;1
250877772763;250877773525;762;9;1;1;1
250877773525;250877775566;2041;9;1;1;1
250877775566;250877775782;216;9;1;1;1
250877775782;250877806059;30277;9;1;1;1
250877806059;250877806107;48;9;1;1;1
250877806107;250877806617;510;9;1;1;1
250877806617;250877816971;10354;9;1;1;1
250877816971;250877817233;262;9;1;1;1
250877817233;250877818852;1619;9;1;1;1
250877818852;250877819462;610;9;1;1;1
250877819462;250877819660;198;9;1;1;1
250877819660;250877819899;239;9;1;1;1
250877819899;250877820125;226;9;1;1;1
250877820125;250877832465;12340;9;1;1;1
250877832465;250877832713;248;9;1;1;1
250877832713;250877850093;17380;9;1;1;1
250877850093;250877854286;4193;9;1;1;1
250877854286;250877854501;215;9;1;1;1
250877854501;250877860490;5989;9;1;1;1
250877860490;250877863314;2824;9;1;1;1
250877863314;250877864438;1124;9;1;1;1
250877864438;250877864895;457;9;1;1;1
250877864895;250877867238;2343;9;1;1;1
250877867238;250877867529;291;9;1;1;1
250877867529;250877867645;116;9;1;1;1
250877867645;250877867899;254;9;1;1;1
250877867899;250877877478;9579;9;1;1;1
250877877478;250877877634;156;9;1;1;1
250877877634;250877879180;1546;9;1;1;1
250877879180;250877879389;209;9;1;1;1
250877879389;250877887177;7788;9;1;1;1
250877887177;250877897130;9953;9;1;1;1
250877897130;250877901102;3972;9;1;1;1
250877901102;250877901285;183;9;1;1;1
250877901285;250877907198;5913;9;1;1;1
250877907198;250877910011;2813;9;1;1;1
250877910011;250877917165;7154;9;1;1;1
250877917165;250877919955;2790;9;1;1;1
250877919955;250877921605;1650;9;1;1;1
250877921605;250877921765;160;9;1;1;1
250877921765;250877923317;1552;9;1;1;1
250877923317;250877923584;267;9;1;1;1
250877923584;250877933736;10152;9;1;1;1
250877933736;250877935134;1398;9;1;1;1
250877935134;250877935314;180;9;1;1;1
250877935314;250877938212;2898;9;1;1;1
250877938212;250877944191;5979;9;1;1;1
250877944191;250877944377;186;9;1;1;1
250877944377;250877945012;635;9;1;1;1
250877945012;250877945207;195;9;1;1;1
250877945207;250877946820;1613;9;1;1;1
250877946820;250877947049;229;9;1;1;1
250877947049;250877949645;2596;9;1;1;1
250877949645;250877949831;186;9;1;1;1
250877949831;250877957574;7743;9;1;1;1
250877957574;250877957788;214;9;1;1;1
250877957788;250877960812;3024;9;1;1;1
250877960812;250877967654;6842;9;1;1;1
250877967654;250877967866;212;9;1;1;1
250877967866;250877969295;1429;9;1;1;1
250877969295;250877969497;202;9;1;1;1
250877969497;250877976482;6985;9;1;1;1
250877976482;250877978860;2378;9;1;1;1
250877978860;250877979652;792;9;1;1;1
250877979652;250877979909;257;9;1;1;1
250877979909;250877980055;146;9;1;1;1
250877980055;250877980099;44;9;1;1;1
250877980099;250877983865;3766;9;1;1;1
250877983865;250877984281;416;9;1;1;1
250877984281;250877984718;437;9;1;1;1
250877984718;250877990385;5667;9;1;1;1
250877990385;250877990575;190;9;1;1;1
250877990575;250877991450;875;9;1;1;1
250877991450;250877991662;212;9;1;1;1
250877991662;250877991892;230;9;1;1;1
250877991892;250877991985;93;9;1;1;1
250877991985;250877992117;132;9;1;1;1
250877992117;250877992160;43;9;1;1;1
250877992160;250877994263;2103;9;1;1;1
250877994263;250877994444;181;9;1;1;1
250877994444;250877995944;1500;9;1;1;1
250877995944;250877996113;169;9;1;1;1
250877996113;250877996724;611;9;1;1;1
250877996724;250877996951;227;9;1;1;1
250877996951;250878025508;28557;9;1;1;1
250878025508;250878025739;231;9;1;1;1
250878025739;250878026087;348;9;1;1;1
250878026087;250878026258;171;9;1;1;1
250878026258;250878030981;4723;9;1;1;1
250878030981;250878031152;171;9;1;1;1
250878031152;250878035775;4623;9;1;1;1
250878035775;250878036830;1055;9;1;1;1
250878036830;250878037693;863;9;1;1;1
250878037693;250878037774;81;9;1;1;1
250878037774;250878037845;71;9;1;1;1
250878037845;250878037991;146;9;1;1;1
250878037991;250878039335;1344;9;1;1;1
250878039335;250878039367;32;9;1;1;1
250878039367;250878039518;151;9;1;1;1
250878039518;250878039643;125;9;1;1;1
250878039643;250878040864;1221;9;1;1;1
250878040864;250878041033;169;9;1;1;1
250878041033;250878042125;1092;9;1;1;1
250878042125;250878042285;160;9;1;1;1
250878042285;250878049828;7543;9;1;1;1
250878049828;250878050013;185;9;1;1;1
250878050013;250878065371;15358;9;1;1;1
250878065371;250878078647;13276;9;1;1;1
250878078647;250878084445;5798;9;1;1;1
250878084445;250878084615;170;9;1;1;1
250878084615;250878094191;9576;9;1;1;1
250878094191;250878173599;79408;9;1;1;1
250878173599;250878173654;55;9;1;1;1
250878173654;250878194428;20774;9;1;1;1
250878194428;250878195913;1485;9;1;1;1
250878195913;250878216509;20596;9;1;1;1
250878216509;250878233139;16630;9;1;1;1
250878233139;250878233452;313;9;1;1;1
250878233452;250878238093;4641;9;1;1;1
250878238093;250878238120;27;9;1;1;1
250878238120;250878242706;4586;9;1;1;1
250878242706;250878242799;93;9;1;1;1
250878242799;250878244931;2132;9;1;1;1
250878244931;250878300998;56067;9;1;1;1
250878300998;250878310833;9835;9;1;1;1
250878310833;250878335458;24625;9;1;1;1
250878335458;250878430319;94861;9;1;1;1
250878430319;250878460317;29998;9;1;1;1
250878460317;250878465655;5338;9;1;1;1
250878465655;250878471341;5686;9;1;1;1
250878471341;250878477096;5755;9;1;1;1
250878477096;250878482846;5750;9;1;1;1
250878482846;250878484847;2001;9;1;1;1
250878484847;250878514075;29228;9;1;1;1
250878514075;250878532388;18313;9;1;1;1
250878532388;250878553008;20620;9;1;1;1
250878553008;250878566576;13568;9;1;1;1
250878566576;250878573352;6776;9;1;1;1
250878573352;250878573375;23;9;1;1;1
250878573375;250878575346;1971;9;1;1;1
250878575346;250878582768;7422;9;1;1;1
250878582768;250878584392;1624;9;1;1;1
250878584392;250878585905;1513;9;1;1;1
250878585905;250878631973;46068;9;1;1;1
250878631973;250878637278;5305;9;1;1;1
250878637278;250878649710;12432;9;1;1;1
250878649710;250878655256;5546;9;1;1;1
250878655256;250878655975;719;9;1;1;1
250878655975;250878717615;61640;9;1;1;1
250878717615;250878718806;1191;9;1;1;1
250878718806;250878725205;6399;9;1;1;1
250878725205;250878727014;1809;9;1;1;1
250878727014;250878727113;99;9;1;1;1
250878727113;250878728047;934;9;1;1;1
250878728047;250878730301;2254;9;1;1;1
250878730301;250878742505;12204;9;1;1;1
250878742505;250878743397;892;9;1;1;1
250878743397;250878750511;7114;9;1;1;1
250878750511;250878750819;308;9;1;1;1
250878750819;250878775920;25101;9;1;1;1
250878775920;250878781485;5565;9;1;1;1
250878781485;250878782978;1493;9;1;1;1
250878782978;250878789348;6370;9;1;1;1
250878789348;250878789536;188;9;1;1;1
250878789536;250878789559;23;9;1;1;1
250878789559;250878789585;26;9;1;1;1
250878789585;250878790446;861;9;1;1;1
250878790446;250878797212;6766;9;1;1;1
250878797212;250878797268;56;9;1;1;1
250878797268;250878797331;63;9;1;1;1
250878797331;250878798422;1091;9;1;1;1
250878798422;250878819350;20928;9;1;1;1
250878819350;250878838065;18715;9;1;1;1
250878838065;250878843401;5336;9;1;1;1
250878843401;250878844232;831;9;1;1;1
250878844232;250878845122;890;9;1;1;1
250878845122;250878856128;11006;9;1;1;1
250878856128;250878863957;7829;9;1;1;1
250878863957;250878873615;9658;9;1;1;1
250878873615;250878873808;193;9;1;1;1
250878873808;250878894088;20280;9;1;1;1
250878894088;250878900584;6496;9;1;1;1
250878900584;250878906354;5770;9;1;1;1
250878906354;250878926812;20458;9;1;1;1
250878926812;250878935205;8393;9;1;1;1
250878935205;250878951597;16392;9;1;1;1
250878951597;250878952613;1016;9;1;1;1
250878952613;250878966700;14087;9;1;1;1
250878966700;250878990686;23986;9;1;1;1
250878990686;250879013427;22741;9;1;1;1
250879013427;250879031496;18069;9;1;1;1
250879031496;250879032389;893;9;1;1;1
250879032389;250879042892;10503;9;1;1;1
250879042892;250879043791;899;9;1;1;1
250879043791;250879049358;5567;9;1;1;1
250879049358;250879053504;4146;9;1;1;1
250879053504;250879054063;559;9;1;1;1
250879054063;250879060335;6272;9;1;1;1
250879060335;250879065433;5098;9;1;1;1
250879065433;250879070667;5234;9;1;1;1
250879070667;250879080937;10270;9;1;1;1
250879080937;250879093849;12912;9;1;1;1
250879093849;250879098148;4299;9;1;1;1
250879098148;250879111989;13841;9;1;1;1
250879111989;250879114783;2794;9;1;1;1
250879114783;250879124033;9250;9;1;1;1
250879124033;250879128246;4213;9;1;1;1
250879128246;250879129047;801;9;1;1;1
250879129047;250879133297;4250;9;1;1;1
250879133297;250879135194;1897;9;1;1;1
250879135194;250879138852;3658;9;1;1;1
250879138852;250879139416;564;9;1;1;1
250879139416;250879139525;109;9;1;1;1
250879139525;250879148633;9108;9;1;1;1
250879148633;250879150119;1486;9;1;1;1
250879150119;250879154976;4857;9;1;1;1
250879154976;250879155244;268;9;1;1;1
250879155244;250879155706;462;9;1;1;1
250879155706;250879160770;5064;9;1;1;1
250879160770;250879172904;12134;9;1;1;1
250879172904;250879177939;5035;9;1;1;1
250879177939;250879178287;348;9;1;1;1
250879178287;250879180971;2684;9;1;1;1
250879180971;250879189156;8185;9;1;1;1
250879189156;250879194213;5057;9;1;1;1
250879194213;250879194955;742;9;1;1;1
250879194955;250879199493;4538;9;1;1;1
250879199493;250879201969;2476;9;1;1;1
250879201969;250879206611;4642;9;1;1;1
250879206611;250879212546;5935;9;1;1;1
250879212546;250879212986;440;9;1;1;1
250879212986;250879217348;4362;9;1;1;1
250879217348;250879217430;82;9;1;1;1
250879217430;250879242877;25447;9;1;1;1
250879242877;250879245986;3109;9;1;1;1
250879245986;250879252405;6419;9;1;1;1
250879252405;250879255871;3466;9;1;1;1
250879255871;250879261774;5903;9;1;1;1
250879261774;250879263831;2057;9;1;1;1
250879263831;250879266529;2698;9;1;1;1
250879266529;250879268019;1490;9;1;1;1
250879268019;250879270971;2952;9;1;1;1
250879270971;250879272851;1880;9;1;1;1
250879272851;250879274948;2097;9;1;1;1
250879274948;250879277693;2745;9;1;1;1
250879277693;250879277829;136;9;1;1;1
250879277829;250879278341;512;9;1;1;1
250879278341;250879278904;563;9;1;1;1
250879278904;250879280361;1457;9;1;1;1
250879280361;250879282901;2540;9;1;1;1
250879282901;250879284578;1677;9;1;1;1
250879284578;250879285382;804;9;1;1;1
250879285382;250879311328;25946;9;1;1;1
250879311328;250879322463;11135;9;1;1;1
250879322463;250879326340;3877;9;1;1;1
250879326340;250879328329;1989;9;1;1;1
250879328329;250879338471;10142;9;1;1;1
250879338471;250879342634;4163;9;1;1;1
250879342634;250879347964;5330;9;1;1;1
250879347964;250879353146;5182;9;1;1;1
250879353146;250879357632;4486;9;1;1;1
250879357632;250879358216;584;9;1;1;1
250879358216;250879361375;3159;9;1;1;1
250879361375;250879361988;613;9;1;1;1
250879361988;250879363810;1822;9;1;1;1
250879363810;250879376572;12762;9;1;1;1
250879376572;250879384254;7682;9;1;1;1
250879384254;250879394223;9969;9;1;1;1
250879394223;250879395556;1333;9;1;1;1
250879395556;250879398857;3301;9;1;1;1
250879398857;250879399422;565;9;1;1;1
250879399422;250879401113;1691;9;1;1;1
250879401113;250879404028;2915;9;1;1;1
250879404028;250879408267;4239;9;1;1;1
250879408267;250879419882;11615;9;1;1;1
250879419882;250879429228;9346;9;1;1;1
250879429228;250879432346;3118;9;1;1;1
250879432346;250879435766;3420;9;1;1;1
250879435766;250879438924;3158;9;1;1;1
250879438924;250879439424;500;9;1;1;1
250879439424;250879441723;2299;9;1;1;1
250879441723;250879442609;886;9;1;1;1
250879442609;250879470744;28135;9;1;1;1
250879470744;250879471304;560;9;1;1;1
250879471304;250879474131;2827;9;1;1;1
250879474131;250879476875;2744;9;1;1;1
250879476875;250879478298;1423;9;1;1;1
250879478298;250879490311;12013;9;1;1;1
250879490311;250879502698;12387;9;1;1;1
250879502698;250879507531;4833;9;1;1;1
250879507531;250879512016;4485;9;1;1;1
250879512016;250879512044;28;9;1;1;1
250879512044;250879512646;602;9;1;1;1
250879512646;250879513911;1265;9;1;1;1
250879513911;250879514373;462;9;1;1;1
250879514373;250879515141;768;9;1;1;1
250879515141;250879515634;493;9;1;1;1
250879515634;250879517128;1494;9;1;1;1
250879517128;250879528482;11354;9;1;1;1
250879528482;250879535649;7167;9;1;1;1
250879535649;250879536655;1006;9;1;1;1
250879536655;250879553072;16417;9;1;1;1
250879553072;250879556395;3323;9;1;1;1
250879556395;250879558556;2161;9;1;1;1
250879558556;250879560114;1558;9;1;1;1
250879560114;250879565457;5343;9;1;1;1
250879565457;250879565510;53;9;1;1;1
250879565510;250879565792;282;9;1;1;1
250879565792;250879566378;586;9;1;1;1
250879566378;250879569165;2787;9;1;1;1
250879569165;250879571167;2002;9;1;1;1
250879571167;250879575815;4648;9;1;1;1
250879575815;250879577143;1328;9;1;1;1
250879577143;250879578519;1376;9;1;1;1
250879578519;250879579360;841;9;1;1;1
250879579360;250879579451;91;9;1;1;1
250879579451;250879580782;1331;9;1;1;1
250879580782;250879585747;4965;9;1;1;1
250879585747;250879586136;389;9;1;1;1
250879586136;250879586229;93;9;1;1;1
250879586229;250879588563;2334;9;1;1;1
250879588563;250879591105;2542;9;1;1;1
250879591105;250879591107;2;9;1;1;1
250879591107;250879591268;161;9;1;1;1
250879591268;250879592028;760;9;1;1;1
250879592028;250879593608;1580;9;1;1;1
250879593608;250879595693;2085;9;1;1;1
250879595693;250879599872;4179;9;1;1;1
250879599872;250879602476;2604;9;1;1;1
250879602476;250879605851;3375;9;1;1;1
250879605851;250879615634;9783;9;1;1;1
250879615634;250879616376;742;9;1;1;1
250879616376;250879618397;2021;9;1;1;1
250879618397;250879621348;2951;9;1;1;1
250879621348;250879624237;2889;9;1;1;1
250879624237;250879628081;3844;9;1;1;1
250879628081;250879631267;3186;9;1;1;1
250879631267;250879632216;949;9;1;1;1
250879632216;250879632631;415;9;1;1;1
250879632631;250879640828;8197;9;1;1;1
250879640828;250879648058;7230;9;1;1;1
250879648058;250879648646;588;9;1;1;1
250879648646;250879652204;3558;9;1;1;1
250879652204;250879653582;1378;9;1;1;1
250879653582;250879654335;753;9;1;1;1
250879654335;250879656902;2567;9;1;1;1
250879656902;250879659446;2544;9;1;1;1
250879659446;250879682468;23022;9;1;1;1
250879682468;250879682540;72;9;1;1;1
250879682540;250879683561;1021;9;1;1;1
250879683561;250879683614;53;9;1;1;1
250879683614;250879683615;1;9;1;1;1
250879683615;250879683667;52;9;1;1;1
250879683667;250879683708;41;9;1;1;1
250879683708;250879689767;6059;9;1;1;1
250879689767;250879692014;2247;9;1;1;1
250879692014;250879692581;567;9;1;1;1
250879692581;250879694481;1900;9;1;1;1
250879694481;250879703762;9281;9;1;1;1
250879703762;250879704801;1039;9;1;1;1
250879704801;250879705495;694;9;1;1;1
250879705495;250879706257;762;9;1;1;1
250879706257;250879707895;1638;9;1;1;1
250879707895;250879707969;74;9;1;1;1
250879707969;250879708670;701;9;1;1;1
250879708670;250879711620;2950;9;1;1;1
250879711620;250879714067;2447;9;1;1;1
250879714067;250879716048;1981;9;1;1;1
250879716048;250879719893;3845;9;1;1;1
250879719893;250879721591;1698;9;1;1;1
250879721591;250879722047;456;9;1;1;1
250879722047;250879722873;826;9;1;1;1
250879722873;250879724679;1806;9;1;1;1
250879724679;250879725348;669;9;1;1;1
250879725348;250879728098;2750;9;1;1;1
250879728098;250879728139;41;9;1;1;1
250879728139;250879730581;2442;9;1;1;1
250879730581;250879731425;844;9;1;1;1
250879731425;250879732852;1427;9;1;1;1
250879732852;250879733868;1016;9;1;1;1
250879733868;250879735366;1498;9;1;1;1
250879735366;250879736451;1085;9;1;1;1
250879736451;250879739940;3489;9;1;1;1
250879739940;250879743996;4056;9;1;1;1
250879743996;250879748645;4649;9;1;1;1
250879748645;250879749297;652;9;1;1;1
250879749297;250879750738;1441;9;1;1;1
250879750738;250879751572;834;9;1;1;1
250879751572;250879753488;1916;9;1;1;1
250879753488;250879754682;1194;9;1;1;1
250879754682;250879755758;1076;9;1;1;1
250879755758;250879756181;423;9;1;1;1
250879756181;250879759004;2823;9;1;1;1
250879759004;250879760530;1526;9;1;1;1
250879760530;250879761088;558;9;1;1;1
250879761088;250879764763;3675;9;1;1;1
250879764763;250879764960;197;9;1;1;1
250879764960;250879766112;1152;9;1;1;1
250879766112;250879768878;2766;9;1;1;1
250879768878;250879768908;30;9;1;1;1
250879768908;250879769835;927;9;1;1;1
250879769835;250879770034;199;9;1;1;1
250879770034;250879770090;56;9;1;1;1
250879770090;250879776444;6354;9;1;1;1
250879776444;250879776471;27;9;1;1;1
250879776471;250879779255;2784;9;1;1;1
250879779255;250879780165;910;9;1;1;1
250879780165;250879780267;102;9;1;1;1
250879780267;250879781632;1365;9;1;1;1
250879781632;250879783969;2337;9;1;1;1
250879783969;250879784532;563;9;1;1;1
250879784532;250879788963;4431;9;1;1;1
250879788963;250879789277;314;9;1;1;1
250879789277;250879790303;1026;9;1;1;1
250879790303;250879791551;1248;9;1;1;1
250879791551;250879792753;1202;9;1;1;1
250879792753;250879807282;14529;9;1;1;1
250879807282;250879807370;88;9;1;1;1
250879807370;250879813310;5940;9;1;1;1
250879813310;250879814389;1079;9;1;1;1
250879814389;250879818237;3848;9;1;1;1
250879818237;250879818424;187;9;1;1;1
250879818424;250879823796;5372;9;1;1;1
250879823796;250879827844;4048;9;1;1;1
250879827844;250879828669;825;9;1;1;1
250879828669;250879829458;789;9;1;1;1
250879829458;250879838111;8653;9;1;1;1
250879838111;250879838628;517;9;1;1;1
250879838628;250879839081;453;9;1;1;1
250879839081;250879839898;817;9;1;1;1
250879839898;250879840289;391;9;1;1;1
250879840289;250879840416;127;9;1;1;1
250879840416;250879845915;5499;9;1;1;1
250879845915;250879849247;3332;9;1;1;1
250879849247;250879849482;235;9;1;1;1
250879849482;250879850863;1381;9;1;1;1
250879850863;250879850920;57;9;1;1;1
250879850920;250879851024;104;9;1;1;1
250879851024;250879854200;3176;9;1;1;1
250879854200;250879855176;976;9;1;1;1
250879855176;250879855417;241;9;1;1;1
250879855417;250879855542;125;9;1;1;1
250879855542;250879858209;2667;9;1;1;1
250879858209;250879859722;1513;9;1;1;1
250879859722;250879860063;341;9;1;1;1
250879860063;250879860083;20;9;1;1;1
250879860083;250879860828;745;9;1;1;1
250879860828;250879862369;1541;9;1;1;1
250879862369;250879863799;1430;9;1;1;1
250879863799;250879863866;67;9;1;1;1
250879863866;250879867308;3442;9;1;1;1
250879867308;250879870305;2997;9;1;1;1
250879870305;250879871098;793;9;1;1;1
250879871098;250879871488;390;9;1;1;1
250879871488;250879871735;247;9;1;1;1
250879871735;250879872557;822;9;1;1;1
250879872557;250879876149;3592;9;1;1;1
250879876149;250879876327;178;9;1;1;1
250879876327;250879876423;96;9;1;1;1
250879876423;250879876662;239;9;1;1;1
250879876662;250879880794;4132;9;1;1;1
250879880794;250879881151;357;9;1;1;1
250879881151;250879883554;2403;9;1;1;1
250879883554;250879886658;3104;9;1;1;1
250879886658;250879890728;4070;9;1;1;1
250879890728;250879894410;3682;9;1;1;1
250879894410;250879897124;2714;9;1;1;1
250879897124;250879897174;50;9;1;1;1
250879897174;250879901298;4124;9;1;1;1
250879901298;250879901788;490;9;1;1;1
250879901788;250879902015;227;9;1;1;1
250879902015;250879902743;728;9;1;1;1
250879902743;250879905813;3070;9;1;1;1
250879905813;250879906563;750;9;1;1;1
250879906563;250879906805;242;9;1;1;1
250879906805;250879911303;4498;9;1;1;1
250879911303;250879911484;181;9;1;1;1
250879911484;250879912245;761;9;1;1;1
250879912245;250879915543;3298;9;1;1;1
250879915543;250879917034;1491;9;1;1;1
250879917034;250879919609;2575;9;1;1;1
250879919609;250879919652;43;9;1;1;1
250879919652;250879923065;3413;9;1;1;1
250879923065;250879924597;1532;9;1;1;1
250879924597;250879925638;1041;9;1;1;1
250879925638;250879925700;62;9;1;1;1
250879925700;250879925992;292;9;1;1;1
250879925992;250879927798;1806;9;1;1;1
250879927798;250879929277;1479;9;1;1;1
250879929277;250879929713;436;9;1;1;1
250879929713;250879930410;697;9;1;1;1
250879930410;250879930991;581;9;1;1;1
250879930991;250879931027;36;9;1;1;1
250879931027;250879935171;4144;9;1;1;1
250879935171;250879935551;380;9;1;1;1
250879935551;250879935585;34;9;1;1;1
250879935585;250879943442;7857;9;1;1;1
250879943442;250879943856;414;9;1;1;1
250879943856;250879944589;733;9;1;1;1
250879944589;250879946691;2102;9;1;1;1
250879946691;250879946956;265;9;1;1;1
250879946956;250879948488;1532;9;1;1;1
250879948488;250879952988;4500;9;1;1;1
250879952988;250879955611;2623;9;1;1;1
250879955611;250879958411;2800;9;1;1;1
250879958411;250879958502;91;9;1;1;1
250879958502;250879958656;154;9;1;1;1
250879958656;250879961657;3001;9;1;1;1
250879961657;250879962183;526;9;1;1;1
250879962183;250879966308;4125;9;1;1;1
250879966308;250879969483;3175;9;1;1;1
250879969483;250879970635;1152;9;1;1;1
250879970635;250879970812;177;9;1;1;1
250879970812;250879971907;1095;9;1;1;1
250879971907;250879971952;45;9;1;1;1
250879971952;250879974447;2495;9;1;1;1
250879974447;250879974572;125;9;1;1;1
250879974572;250879974728;156;9;1;1;1
250879974728;250879980455;5727;9;1;1;1
250879980455;250879980611;156;9;1;1;1
250879980611;250879981285;674;9;1;1;1
250879981285;250879981604;319;9;1;1;1
250879981604;250879984892;3288;9;1;1;1
250879984892;250879985050;158;9;1;1;1
250879985050;250879985838;788;9;1;1;1
250879985838;250879987280;1442;9;1;1;1
250879987280;250879987495;215;9;1;1;1
250879987495;250879988551;1056;9;1;1;1
250879988551;250879989524;973;9;1;1;1
250879989524;250879991011;1487;9;1;1;1
250879991011;250879991365;354;9;1;1;1
250879991365;250879991521;156;9;1;1;1
250879991521;250879993094;1573;9;1;1;1
250879993094;250879993165;71;9;1;1;1
250879993165;250879993206;41;9;1;1;1
250879993206;250879993320;114;9;1;1;1
250879993320;250879993531;211;9;1;1;1
250879993531;250880001830;8299;9;1;1;1
250880001830;250880002137;307;9;1;1;1
250880002137;250880003150;1013;9;1;1;1
250880003150;250880003352;202;9;1;1;1
250880003352;250880004690;1338;9;1;1;1
250880004690;250880004887;197;9;1;1;1
250880004887;250880009253;4366;9;1;1;1
250880009253;250880014551;5298;9;1;1;1
250880014551;250880014679;128;9;1;1;1
250880014679;250880015337;658;9;1;1;1
250880015337;250880015583;246;9;1;1;1
250880015583;250880018409;2826;9;1;1;1
250880018409;250880018743;334;9;1;1;1
250880018743;250880018801;58;9;1;1;1
250880018801;250880018893;92;9;1;1;1
250880018893;250880021057;2164;9;1;1;1
250880021057;250880021877;820;9;1;1;1
250880021877;250880021980;103;9;1;1;1
250880021980;250880022089;109;9;1;1;1
250880022089;250880022297;208;9;1;1;1
250880022297;250880024935;2638;9;1;1;1
250880024935;250880026988;2053;9;1;1;1
250880026988;250880032659;5671;9;1;1;1
250880032659;250880033014;355;9;1;1;1
250880033014;250880033679;665;9;1;1;1
250880033679;250880034982;1303;9;1;1;1
250880034982;250880035173;191;9;1;1;1
250880035173;250880035890;717;9;1;1;1
250880035890;250880036175;285;9;1;1;1
250880036175;250880036330;155;9;1;1;1
250880036330;250880036443;113;9;1;1;1
250880036443;250880040248;3805;9;1;1;1
250880040248;250880048210;7962;9;1;1;1
250880048210;250880048336;126;9;1;1;1
250880048336;250880049000;664;9;1;1;1
250880049000;250880050673;1673;9;1;1;1
250880050673;250880050754;81;9;1;1;1
250880050754;250880051757;1003;9;1;1;1
250880051757;250880060796;9039;9;1;1;1
250880060796;250880061532;736;9;1;1;1
250880061532;250880061684;152;9;1;1;1
250880061684;250880062718;1034;9;1;1;1
250880062718;250880062873;155;9;1;1;1
250880062873;250880065513;2640;9;1;1;1
250880065513;250880071206;5693;9;1;1;1
250880071206;250880071422;216;9;1;1;1
250880071422;250880072724;1302;9;1;1;1
250880072724;250880073185;461;9;1;1;1
250880073185;250880076596;3411;9;1;1;1
250880076596;250880076728;132;9;1;1;1
250880076728;250880078517;1789;9;1;1;1
250880078517;250880082940;4423;9;1;1;1
250880082940;250880082974;34;9;1;1;1
250880082974;250880084332;1358;9;1;1;1
250880084332;250880091022;6690;9;1;1;1
250880091022;250880091180;158;9;1;1;1
250880091180;250880093981;2801;9;1;1;1
250880093981;250880094683;702;9;1;1;1
250880094683;250880094955;272;9;1;1;1
250880094955;250880096246;1291;9;1;1;1
250880096246;250880103607;7361;9;1;1;1
250880103607;250880103795;188;9;1;1;1
250880103795;250880113092;9297;9;1;1;1
250880113092;250880113114;22;9;1;1;1
250880113114;250880113599;485;9;1;1;1
250880113599;250880117343;3744;9;1;1;1
250880117343;250880117348;5;9;1;1;1
250880117348;250880118768;1420;9;1;1;1
250880118768;250880125501;6733;9;1;1;1
250880125501;250880127453;1952;9;1;1;1
250880127453;250880129588;2135;9;1;1;1
250880129588;250880137374;7786;9;1;1;1
250880137374;250880139275;1901;9;1;1;1
250880139275;250880139474;199;9;1;1;1
250880139474;250880142751;3277;9;1;1;1
250880142751;250880143948;1197;9;1;1;1
250880143948;250880144898;950;9;1;1;1
250880144898;250880145468;570;9;1;1;1
250880145468;250880146512;1044;9;1;1;1
250880146512;250880148415;1903;9;1;1;1
250880148415;250880148438;23;9;1;1;1
250880148438;250880148596;158;9;1;1;1
250880148596;250880151192;2596;9;1;1;1
250880151192;250880154696;3504;9;1;1;1
250880154696;250880154856;160;9;1;1;1
250880154856;250880155933;1077;9;1;1;1
250880155933;250880156489;556;9;1;1;1
250880156489;250880156623;134;9;1;1;1
250880156623;250880163906;7283;9;1;1;1
250880163906;250880167293;3387;9;1;1;1
250880167293;250880171407;4114;9;1;1;1
250880171407;250880172756;1349;9;1;1;1
250880172756;250880173235;479;9;1;1;1
250880173235;250880173256;21;9;1;1;1
250880173256;250880173533;277;9;1;1;1
250880173533;250880173707;174;9;1;1;1
250880173707;250880178601;4894;9;1;1;1
250880178601;250880181805;3204;9;1;1;1
250880181805;250880183312;1507;9;1;1;1
250880183312;250880183530;218;9;1;1;1
250880183530;250880183758;228;9;1;1;1
250880183758;250880185174;1416;9;1;1;1
250880185174;250880185498;324;9;1;1;1
250880185498;250880185525;27;9;1;1;1
250880185525;250880188231;2706;9;1;1;1
250880188231;250880189841;1610;9;1;1;1
250880189841;250880189953;112;9;1;1;1
250880189953;250880190112;159;9;1;1;1
250880190112;250880192061;1949;9;1;1;1
250880192061;250880192077;16;9;1;1;1
250880192077;250880192357;280;9;1;1;1
250880192357;250880194363;2006;9;1;1;1
250880194363;250880198853;4490;9;1;1;1
250880198853;250880201361;2508;9;1;1;1
250880201361;250880202326;965;9;1;1;1
250880202326;250880204393;2067;9;1;1;1
250880204393;250880207878;3485;9;1;1;1
250880207878;250880208056;178;9;1;1;1
250880208056;250880211322;3266;9;1;1;1
250880211322;250880214156;2834;9;1;1;1
250880214156;250880214704;548;9;1;1;1
250880214704;250880216137;1433;9;1;1;1
250880216137;250880219432;3295;9;1;1;1
250880219432;250880221646;2214;9;1;1;1
250880221646;250880222666;1020;9;1;1;1
250880222666;250880225348;2682;9;1;1;1
250880225348;250880226202;854;9;1;1;1
250880226202;250880230960;4758;9;1;1;1
250880230960;250880234799;3839;9;1;1;1
250880234799;250880236971;2172;9;1;1;1
250880236971;250880242434;5463;9;1;1;1
250880242434;250880247780;5346;9;1;1;1
250880247780;250880248291;511;9;1;1;1
250880248291;250880248335;44;9;1;1;1
250880248335;250880249693;1358;9;1;1;1
250880249693;250880249868;175;9;1;1;1
250880249868;250880252309;2441;9;1;1;1
250880252309;250880253662;1353;9;1;1;1
250880253662;250880259758;6096;9;1;1;1
250880259758;250880259781;23;9;1;1;1
250880259781;250880263294;3513;9;1;1;1
250880263294;250880271587;8293;9;1;1;1
250880271587;250880272835;1248;9;1;1;1
250880272835;250880276533;3698;9;1;1;1
250880276533;250880281906;5373;9;1;1;1
250880281906;250880283431;1525;9;1;1;1
250880283431;250880284028;597;9;1;1;1
250880284028;250880287389;3361;9;1;1;1
250880287389;250880289327;1938;9;1;1;1
250880289327;250880289565;238;9;1;1;1
250880289565;250880297121;7556;9;1;1;1
250880297121;250880299262;2141;9;1;1;1
250880299262;250880299304;42;9;1;1;1
250880299304;250880300523;1219;9;1;1;1
250880300523;250880304734;4211;9;1;1;1
250880304734;250880305910;1176;9;1;1;1
250880305910;250880312008;6098;9;1;1;1
250880312008;250880312192;184;9;1;1;1
250880312192;250880313005;813;9;1;1;1
250880313005;250880313308;303;9;1;1;1
250880313308;250880313564;256;9;1;1;1
250880313564;250880315139;1575;9;1;1;1
250880315139;250880317472;2333;9;1;1;1
250880317472;250880318182;710;9;1;1;1
250880318182;250880322896;4714;9;1;1;1
250880322896;250880322958;62;9;1;1;1
250880322958;250880324156;1198;9;1;1;1
250880324156;250880324330;174;9;1;1;1
250880324330;250880326888;2558;9;1;1;1
250880326888;250880330027;3139;9;1;1;1
250880330027;250880330810;783;9;1;1;1
250880330810;250880332019;1209;9;1;1;1
250880332019;250880332376;357;9;1;1;1
250880332376;250880334052;1676;9;1;1;1
250880334052;250880334276;224;9;1;1;1
250880334276;250880334451;175;9;1;1;1
250880334451;250880334912;461;9;1;1;1
250880334912;250880335746;834;9;1;1;1
250880335746;250880335914;168;9;1;1;1
250880335914;250880339193;3279;9;1;1;1
250880339193;250880339312;119;9;1;1;1
250880339312;250880339351;39;9;1;1;1
250880339351;250880342880;3529;9;1;1;1
250880342880;250880343076;196;9;1;1;1
250880343076;250880346180;3104;9;1;1;1
250880346180;250880346467;287;9;1;1;1
250880346467;250880346768;301;9;1;1;1
250880346768;250880347040;272;9;1;1;1
250880347040;250880347525;485;9;1;1;1
250880347525;250880347741;216;9;1;1;1
250880347741;250880348308;567;9;1;1;1
250880348308;250880348331;23;9;1;1;1
250880348331;250880348759;428;9;1;1;1
250880348759;250880351343;2584;9;1;1;1
250880351343;250880351881;538;9;1;1;1
250880351881;250880352656;775;9;1;1;1
250880352656;250880353794;1138;9;1;1;1
250880353794;250880355017;1223;9;1;1;1
250880355017;250880356614;1597;9;1;1;1
250880356614;250880356855;241;9;1;1;1
250880356855;250880357339;484;9;1;1;1
250880357339;250880357608;269;9;1;1;1
250880357608;250880357769;161;9;1;1;1
250880357769;250880358145;376;9;1;1;1
250880358145;250880358298;153;9;1;1;1
250880358298;250880360422;2124;9;1;1;1
250880360422;250880367400;6978;9;1;1;1
250880367400;250880367745;345;9;1;1;1
250880367745;250880367777;32;9;1;1;1
250880367777;250880367868;91;9;1;1;1
250880367868;250880368366;498;9;1;1;1
250880368366;250880371303;2937;9;1;1;1
250880371303;250880377289;5986;9;1;1;1
250880377289;250880377468;179;9;1;1;1
250880377468;250880380664;3196;9;1;1;1
250880380664;250880385284;4620;9;1;1;1
250880385284;250880386313;1029;9;1;1;1
250880386313;250880387478;1165;9;1;1;1
250880387478;250880387751;273;9;1;1;1
250880387751;250880387814;63;9;1;1;1
250880387814;250880388932;1118;9;1;1;1
250880388932;250880389090;158;9;1;1;1
250880389090;250880391629;2539;9;1;1;1
250880391629;250880391825;196;9;1;1;1
250880391825;250880399335;7510;9;1;1;1
250880399335;250880399816;481;9;1;1;1
250880399816;250880402042;2226;9;1;1;1
250880402042;250880402297;255;9;1;1;1
250880402297;250880402634;337;9;1;1;1
250880402634;250880404144;1510;9;1;1;1
250880404144;250880404400;256;9;1;1;1
250880404400;250880408139;3739;9;1;1;1
250880408139;250880408231;92;9;1;1;1
250880408231;250880410797;2566;9;1;1;1
250880410797;250880412452;1655;9;1;1;1
250880412452;250880414111;1659;9;1;1;1
250880414111;250880416793;2682;9;1;1;1
250880416793;250880420876;4083;9;1;1;1
250880420876;250880423519;2643;9;1;1;1
250880423519;250880425948;2429;9;1;1;1
250880425948;250880426778;830;9;1;1;1
250880426778;250880426882;104;9;1;1;1
250880426882;250880427050;168;9;1;1;1
250880427050;250880428138;1088;9;1;1;1
250880428138;250880428357;219;9;1;1;1
250880428357;250880431848;3491;9;1;1;1
250880431848;250880431887;39;9;1;1;1
250880431887;250880434065;2178;9;1;1;1
250880434065;250880434709;644;9;1;1;1
250880434709;250880434770;61;9;1;1;1
250880434770;250880434827;57;9;1;1;1
250880434827;250880434942;115;9;1;1;1
250880434942;250880435124;182;9;1;1;1
250880435124;250880436804;1680;9;1;1;1
250880436804;250880441677;4873;9;1;1;1
250880441677;250880444654;2977;9;1;1;1
250880444654;250880445702;1048;9;1;1;1
250880445702;250880445788;86;9;1;1;1
250880445788;250880447586;1798;9;1;1;1
250880447586;250880448291;705;9;1;1;1
250880448291;250880449028;737;9;1;1;1
250880449028;250880449044;16;9;1;1;1
250880449044;250880449254;210;9;1;1;1
250880449254;250880449604;350;9;1;1;1
250880449604;250880449900;296;9;1;1;1
250880449900;250880450222;322;9;1;1;1
250880450222;250880450382;160;9;1;1;1
250880450382;250880451294;912;9;1;1;1
250880451294;250880451334;40;9;1;1;1
250880451334;250880451385;51;9;1;1;1
250880451385;250880454381;2996;9;1;1;1
250880454381;250880454491;110;9;1;1;1
250880454491;250880457679;3188;9;1;1;1
250880457679;250880458820;1141;9;1;1;1
250880458820;250880459158;338;9;1;1;1
250880459158;250880460797;1639;9;1;1;1
250880460797;250880460972;175;9;1;1;1
250880460972;250880462635;1663;9;1;1;1
250880462635;250880465645;3010;9;1;1;1
250880465645;250880469144;3499;9;1;1;1
250880469144;250880469433;289;9;1;1;1
250880469433;250880469724;291;9;1;1;1
250880469724;250880471145;1421;9;1;1;1
250880471145;250880471231;86;9;1;1;1
250880471231;250880471399;168;9;1;1;1
250880471399;250880471555;156;9;1;1;1
250880471555;250880471784;229;9;1;1;1
250880471784;250880473129;1345;9;1;1;1
250880473129;250880473292;163;9;1;1;1
250880473292;250880475576;2284;9;1;1;1
250880475576;250880475784;208;9;1;1;1
250880475784;250880477417;1633;9;1;1;1
250880477417;250880477611;194;9;1;1;1
250880477611;250880479523;1912;9;1;1;1
250880479523;250880480391;868;9;1;1;1
250880480391;250880481884;1493;9;1;1;1
250880481884;250880482130;246;9;1;1;1
250880482130;250880482928;798;9;1;1;1
250880482928;250880483161;233;9;1;1;1
250880483161;250880483889;728;9;1;1;1
250880483889;250880486626;2737;9;1;1;1
250880486626;250880489685;3059;9;1;1;1
250880489685;250880495441;5756;9;1;1;1
250880495441;250880495643;202;9;1;1;1
250880495643;250880500032;4389;9;1;1;1
250880500032;250880503208;3176;9;1;1;1
250880503208;250880504656;1448;9;1;1;1
250880504656;250880505562;906;9;1;1;1
250880505562;250880505958;396;9;1;1;1
250880505958;250880505995;37;9;1;1;1
250880505995;250880506283;288;9;1;1;1
250880506283;250880506790;507;9;1;1;1
250880506790;250880508382;1592;9;1;1;1
250880508382;250880509618;1236;9;1;1;1
250880509618;250880509789;171;9;1;1;1
250880509789;250880511755;1966;9;1;1;1
250880511755;250880511912;157;9;1;1;1
250880511912;250880512036;124;9;1;1;1
250880512036;250880513301;1265;9;1;1;1
250880513301;250880514414;1113;9;1;1;1
250880514414;250880516525;2111;9;1;1;1
250880516525;250880517542;1017;9;1;1;1
250880517542;250880517698;156;9;1;1;1
250880517698;250880518189;491;9;1;1;1
250880518189;250880518441;252;9;1;1;1
250880518441;250880518616;175;9;1;1;1
250880518616;250880519613;997;9;1;1;1
250880519613;250880519733;120;9;1;1;1
250880519733;250880520034;301;9;1;1;1
250880520034;250880520488;454;9;1;1;1
250880520488;250880520740;252;9;1;1;1
250880520740;250880520779;39;9;1;1;1
250880520779;250880521724;945;9;1;1;1
250880521724;250880522137;413;9;1;1;1
250880522137;250880522784;647;9;1;1;1
250880522784;250880523131;347;9;1;1;1
250880523131;250880524823;1692;9;1;1;1
250880524823;250880525039;216;9;1;1;1
250880525039;250880525710;671;9;1;1;1
250880525710;250880526536;826;9;1;1;1
250880526536;250880528014;1478;9;1;1;1
250880528014;250880528717;703;9;1;1;1
250880528717;250880528739;22;9;1;1;1
250880528739;250880528898;159;9;1;1;1
250880528898;250880529520;622;9;1;1;1
250880529520;250880529727;207;9;1;1;1
250880529727;250880529974;247;9;1;1;1
250880529974;250880530156;182;9;1;1;1
250880530156;250880530680;524;9;1;1;1
250880530680;250880530853;173;9;1;1;1
250880530853;250880530894;41;9;1;1;1
250880530894;250880531092;198;9;1;1;1
250880531092;250880533453;2361;9;1;1;1
250880533453;250880538560;5107;9;1;1;1
250880538560;250880540989;2429;9;1;1;1
250880540989;250880541659;670;9;1;1;1
250880541659;250880543695;2036;9;1;1;1
250880543695;250880544028;333;9;1;1;1
250880544028;250880544606;578;9;1;1;1
250880544606;250880545337;731;9;1;1;1
250880545337;250880545613;276;9;1;1;1
250880545613;250880553454;7841;9;1;1;1
250880553454;250880555630;2176;9;1;1;1
250880555630;250880555842;212;9;1;1;1
250880555842;250880557341;1499;9;1;1;1
250880557341;250880557728;387;9;1;1;1
250880557728;250880557821;93;9;1;1;1
250880557821;250880557856;35;9;1;1;1
250880557856;250880558080;224;9;1;1;1
250880558080;250880565848;7768;9;1;1;1
250880565848;250880566669;821;9;1;1;1
250880566669;250880567786;1117;9;1;1;1
250880567786;250880569046;1260;9;1;1;1
250880569046;250880570770;1724;9;1;1;1
250880570770;250880570971;201;9;1;1;1
250880570971;250880571047;76;9;1;1;1
250880571047;250880571804;757;9;1;1;1
250880571804;250880572447;643;9;1;1;1
250880572447;250880577504;5057;9;1;1;1
250880577504;250880580513;3009;9;1;1;1
250880580513;250880581160;647;9;1;1;1
250880581160;250880581525;365;9;1;1;1
250880581525;250880581557;32;9;1;1;1
250880581557;250880582021;464;9;1;1;1
250880582021;250880582109;88;9;1;1;1
250880582109;250880583497;1388;9;1;1;1
250880583497;250880588146;4649;9;1;1;1
250880588146;250880590846;2700;9;1;1;1
250880590846;250880591016;170;9;1;1;1
250880591016;250880593723;2707;9;1;1;1
250880593723;250880594946;1223;9;1;1;1
250880594946;250880597073;2127;9;1;1;1
250880597073;250880599167;2094;9;1;1;1
250880599167;250880601724;2557;9;1;1;1
250880601724;250880606422;4698;9;1;1;1
250880606422;250880606792;370;9;1;1;1
250880606792;250880609164;2372;9;1;1;1
250880609164;250880610374;1210;9;1;1;1
250880610374;250880613784;3410;9;1;1;1
250880613784;250880616792;3008;9;1;1;1
250880616792;250880623333;6541;9;1;1;1
250880623333;250880625344;2011;9;1;1;1
250880625344;250880626385;1041;9;1;1;1
250880626385;250880629093;2708;9;1;1;1
250880629093;250880648059;18966;9;1;1;1
250880648059;250880652290;4231;9;1;1;1
250880652290;250880652827;537;9;1;1;1
250880652827;250880660058;7231;9;1;1;1
250880660058;250880663265;3207;9;1;1;1
250880663265;250880664040;775;9;1;1;1
250880664040;250880665743;1703;9;1;1;1
250880665743;250880669836;4093;9;1;1;1
250880669836;250880673046;3210;9;1;1;1
250880673046;250880683790;10744;9;1;1;1
250880683790;250880693062;9272;9;1;1;1
250880693062;250880693550;488;9;1;1;1
250880693550;250880694859;1309;9;1;1;1
250880694859;250880705974;11115;9;1;1;1
250880705974;250880711124;5150;9;1;1;1
250880711124;250880712241;1117;9;1;1;1
250880712241;250880715237;2996;9;1;1;1
250880715237;250880728916;13679;9;1;1;1
250880728916;250880731030;2114;9;1;1;1
250880731030;250880732113;1083;9;1;1;1
250880732113;250880733265;1152;9;1;1;1
250880733265;250880749511;16246;9;1;1;1
250880749511;250880781595;32084;9;1;1;1
250880781595;250880784122;2527;9;1;1;1
250880784122;250880787565;3443;9;1;1;1
250880787565;250880788035;470;9;1;1;1
250880788035;250880788671;636;9;1;1;1
250880788671;250880791360;2689;9;1;1;1
250880791360;250880794569;3209;9;1;1;1
250880794569;250880796365;1796;9;1;1;1
250880796365;250880799059;2694;9;1;1;1
250880799059;250880799501;442;9;1;1;1
250880799501;250880799925;424;9;1;1;1
250880799925;250880803978;4053;9;1;1;1
250880803978;250880804306;328;9;1;1;1
250880804306;250880804829;523;9;1;1;1
250880804829;250880815716;10887;9;1;1;1
250880815716;250880815898;182;9;1;1;1
250880815898;250880816839;941;9;1;1;1
250880816839;250880825179;8340;9;1;1;1
250880825179;250880829797;4618;9;1;1;1
250880829797;250880837209;7412;9;1;1;1
250880837209;250880838774;1565;9;1;1;1
250880838774;250880848254;9480;9;1;1;1
250880848254;250880851955;3701;9;1;1;1
250880851955;250880852346;391;9;1;1;1
250880852346;250880859672;7326;9;1;1;1
250880859672;250880862350;2678;9;1;1;1
250880862350;250880862515;165;9;1;1;1
250880862515;250880864701;2186;9;1;1;1
250880864701;250880865366;665;9;1;1;1
250880865366;250880865539;173;9;1;1;1
250880865539;250880870619;5080;9;1;1;1
250880870619;250880871134;515;9;1;1;1
250880871134;250880871770;636;9;1;1;1
250880871770;250880877664;5894;9;1;1;1
250880877664;250880877850;186;9;1;1;1
250880877850;250880884564;6714;9;1;1;1
250880884564;250880884624;60;9;1;1;1
250880884624;250880891658;7034;9;1;1;1
250880891658;250880896206;4548;9;1;1;1
250880896206;250880897154;948;9;1;1;1
250880897154;250880901657;4503;9;1;1;1
250880901657;250880908081;6424;9;1;1;1
250880908081;250880912912;4831;9;1;1;1
250880912912;250880915694;2782;9;1;1;1
250880915694;250880922554;6860;9;1;1;1
250880922554;250880928437;5883;9;1;1;1
250880928437;250880928693;256;9;1;1;1
250880928693;250880932589;3896;9;1;1;1
250880932589;250880939599;7010;9;1;1;1
250880939599;250880941856;2257;9;1;1;1
250880941856;250880944554;2698;9;1;1;1
250880944554;250880944767;213;9;1;1;1
250880944767;250880947687;2920;9;1;1;1
250880947687;250880954593;6906;9;1;1;1
250880954593;250880955012;419;9;1;1;1
250880955012;250880957811;2799;9;1;1;1
250880957811;250880960773;2962;9;1;1;1
250880960773;250880966146;5373;9;1;1;1
250880966146;250880966740;594;9;1;1;1
250880966740;250880967265;525;9;1;1;1
250880967265;250880970085;2820;9;1;1;1
250880970085;250880970347;262;9;1;1;1
250880970347;250880971069;722;9;1;1;1
250880971069;250880981548;10479;9;1;1;1
250880981548;250880988612;7064;9;1;1;1
250880988612;250880990364;1752;9;1;1;1
250880990364;250880996074;5710;9;1;1;1
250880996074;250881010087;14013;9;1;1;1
250881010087;250881011134;1047;9;1;1;1
250881011134;250881021791;10657;9;1;1;1
250881021791;250881035884;14093;9;1;1;1
250881035884;250881042738;6854;9;1;1;1
250881042738;250881050002;7264;9;1;1;1
250881050002;250881052945;2943;9;1;1;1
250881052945;250881053019;74;9;1;1;1
250881053019;250881053354;335;9;1;1;1
250881053354;250881060229;6875;9;1;1;1
250881060229;250881060473;244;9;1;1;1
250881060473;250881066128;5655;9;1;1;1
250881066128;250881067014;886;9;1;1;1
250881067014;250881067463;449;9;1;1;1
250881067463;250881074193;6730;9;1;1;1
250881074193;250881079721;5528;9;1;1;1
250881079721;250881081023;1302;9;1;1;1
250881081023;250881090656;9633;9;1;1;1
250881090656;250881095689;5033;9;1;1;1
250881095689;250881096593;904;9;1;1;1
250881096593;250881105898;9305;9;1;1;1
250881105898;250881108557;2659;9;1;1;1
250881108557;250881118064;9507;9;1;1;1
250881118064;250881125767;7703;9;1;1;1
250881125767;250881125803;36;9;1;1;1
250881125803;250881127603;1800;9;1;1;1
250881127603;250881129768;2165;9;1;1;1
250881129768;250881133156;3388;9;1;1;1
250881133156;250881134246;1090;9;1;1;1
250881134246;250881136289;2043;9;1;1;1
250881136289;250881136294;5;9;1;1;1
250881136294;250881139716;3422;9;1;1;1
250881139716;250881140423;707;9;1;1;1
250881140423;250881143158;2735;9;1;1;1
250881143158;250881148544;5386;9;1;1;1
250881148544;250881151110;2566;9;1;1;1
250881151110;250881167792;16682;9;1;1;1
250881167792;250881169030;1238;9;1;1;1
250881169030;250881174283;5253;9;1;1;1
250881174283;250881177847;3564;9;1;1;1
250881177847;250881184150;6303;9;1;1;1
250881184150;250881185623;1473;9;1;1;1
250881185623;250881199353;13730;9;1;1;1
250881199353;250881201430;2077;9;1;1;1
250881201430;250881201882;452;9;1;1;1
250881201882;250881206937;5055;9;1;1;1
250881206937;250881208237;1300;9;1;1;1
250881208237;250881212779;4542;9;1;1;1
250881212779;250881221165;8386;9;1;1;1
250881221165;250881227656;6491;9;1;1;1
250881227656;250881228347;691;9;1;1;1
250881228347;250881239924;11577;9;1;1;1
250881239924;250881249192;9268;9;1;1;1
250881249192;250881256001;6809;9;1;1;1
250881256001;250881265113;9112;9;1;1;1
250881265113;250881266031;918;9;1;1;1
250881266031;250881267741;1710;9;1;1;1
250881267741;250881269635;1894;9;1;1;1
250881269635;250881272193;2558;9;1;1;1
250881272193;250881283239;11046;9;1;1;1
250881283239;250881283737;498;9;1;1;1
250881283737;250881287993;4256;9;1;1;1
250881287993;250881308709;20716;9;1;1;1
250881308709;250881308781;72;9;1;1;1
250881308781;250881319283;10502;9;1;1;1
250881319283;250881320036;753;9;1;1;1
250881320036;250881320596;560;9;1;1;1
250881320596;250881323180;2584;9;1;1;1
250881323180;250881323191;11;9;1;1;1
250881323191;250881336238;13047;9;1;1;1
250881336238;250881337070;832;9;1;1;1
250881337070;250881346674;9604;9;1;1;1
250881346674;250881351207;4533;9;1;1;1
250881351207;250881351384;177;9;1;1;1
250881351384;250881359312;7928;9;1;1;1
250881359312;250881363434;4122;9;1;1;1
250881363434;250881367905;4471;9;1;1;1
250881367905;250881369364;1459;9;1;1;1
250881369364;250881396483;27119;9;1;1;1
250881396483;250881396606;123;9;1;1;1
250881396606;250881399308;2702;9;1;1;1
250881399308;250881402307;2999;9;1;1;1
250881402307;250881404439;2132;9;1;1;1
250881404439;250881404838;399;9;1;1;1
250881404838;250881406974;2136;9;1;1;1
250881406974;250881408662;1688;9;1;1;1
250881408662;250881411214;2552;9;1;1;1
250881411214;250881412932;1718;9;1;1;1
250881412932;250881414899;1967;9;1;1;1
250881414899;250881416203;1304;9;1;1;1
250881416203;250881416227;24;9;1;1;1
250881416227;250881419582;3355;9;1;1;1
250881419582;250881419695;113;9;1;1;1
250881419695;250881419709;14;9;1;1;1
250881419709;250881422616;2907;9;1;1;1
250881422616;250881428454;5838;9;1;1;1
250881428454;250881429524;1070;9;1;1;1
250881429524;250881430985;1461;9;1;1;1
250881430985;250881436449;5464;9;1;1;1
250881436449;250881441819;5370;9;1;1;1
250881441819;250881442702;883;9;1;1;1
250881442702;250881451837;9135;9;1;1;1
250881451837;250881455689;3852;9;1;1;1
250881455689;250881465205;9516;9;1;1;1
250881465205;250881465307;102;9;1;1;1
250881465307;250881468276;2969;9;1;1;1
250881468276;250881476913;8637;9;1;1;1
250881476913;250881478081;1168;9;1;1;1
250881478081;250881481544;3463;9;1;1;1
250881481544;250881481584;40;9;1;1;1
250881481584;250881484031;2447;9;1;1;1
250881484031;250881484452;421;9;1;1;1
250881484452;250881485242;790;9;1;1;1
250881485242;250881487658;2416;9;1;1;1
250881487658;250881487902;244;9;1;1;1
250881487902;250881489749;1847;9;1;1;1
250881489749;250881491695;1946;9;1;1;1
250881491695;250881493228;1533;9;1;1;1
250881493228;250881495035;1807;9;1;1;1
250881495035;250881500169;5134;9;1;1;1
250881500169;250881501245;1076;9;1;1;1
250881501245;250881502616;1371;9;1;1;1
250881502616;250881506003;3387;9;1;1;1
250881506003;250881514327;8324;9;1;1;1
250881514327;250881516204;1877;9;1;1;1
250881516204;250881518302;2098;9;1;1;1
250881518302;250881524969;6667;9;1;1;1
250881524969;250881525717;748;9;1;1;1
250881525717;250881528529;2812;9;1;1;1
250881528529;250881532050;3521;9;1;1;1
250881532050;250881535805;3755;9;1;1;1
250881535805;250881540769;4964;9;1;1;1
250881540769;250881542503;1734;9;1;1;1
250881542503;250881546462;3959;9;1;1;1
250881546462;250881546499;37;9;1;1;1
250881546499;250881547498;999;9;1;1;1
250881547498;250881550388;2890;9;1;1;1
250881550388;250881552120;1732;9;1;1;1
250881552120;250881553754;1634;9;1;1;1
250881553754;250881556341;2587;9;1;1;1
250881556341;250881557312;971;9;1;1;1
250881557312;250881558062;750;9;1;1;1
250881558062;250881558490;428;9;1;1;1
250881558490;250881563453;4963;9;1;1;1
250881563453;250881570079;6626;9;1;1;1
250881570079;250881575414;5335;9;1;1;1
250881575414;250881579667;4253;9;1;1;1
250881579667;250881583342;3675;9;1;1;1
250881583342;250881583417;75;9;1;1;1
250881583417;250881586200;2783;9;1;1;1
250881586200;250881587237;1037;9;1;1;1
250881587237;250881593238;6001;9;1;1;1
250881593238;250881597036;3798;9;1;1;1
250881597036;250881603994;6958;9;1;1;1
250881603994;250881604073;79;9;1;1;1
250881604073;250881604948;875;9;1;1;1
250881604948;250881610241;5293;9;1;1;1
250881610241;250881612106;1865;9;1;1;1
250881612106;250881612922;816;9;1;1;1
250881612922;250881613198;276;9;1;1;1
250881613198;250881626790;13592;9;1;1;1
250881626790;250881632551;5761;9;1;1;1
250881632551;250881633672;1121;9;1;1;1
250881633672;250881637768;4096;9;1;1;1
250881637768;250881639052;1284;9;1;1;1
250881639052;250881639939;887;9;1;1;1
250881639939;250881647955;8016;9;1;1;1
250881647955;250881648012;57;9;1;1;1
250881648012;250881650612;2600;9;1;1;1
250881650612;250881651384;772;9;1;1;1
250881651384;250881657110;5726;9;1;1;1
250881657110;250881657221;111;9;1;1;1
250881657221;250881658347;1126;9;1;1;1
250881658347;250881664610;6263;9;1;1;1
250881664610;250881668510;3900;9;1;1;1
250881668510;250881668904;394;9;1;1;1
250881668904;250881669478;574;9;1;1;1
250881669478;250881669518;40;9;1;1;1
250881669518;250881672294;2776;9;1;1;1
250881672294;250881683887;11593;9;1;1;1
250881683887;250881683899;12;9;1;1;1
250881683899;250881703303;19404;9;1;1;1
250881703303;250881706806;3503;9;1;1;1
250881706806;250881710829;4023;9;1;1;1
250881710829;250881712058;1229;9;1;1;1
250881712058;250881714857;2799;9;1;1;1
250881714857;250881717420;2563;9;1;1;1
250881717420;250881720546;3126;9;1;1;1
250881720546;250881722064;1518;9;1;1;1
250881722064;250881724435;2371;9;1;1;1
250881724435;250881725916;1481;9;1;1;1
250881725916;250881727572;1656;9;1;1;1
250881727572;250881728690;1118;9;1;1;1
250881728690;250881734952;6262;9;1;1;1
250881734952;250881736769;1817;9;1;1;1
250881736769;250881740165;3396;9;1;1;1
250881740165;250881743009;2844;9;1;1;1
250881743009;250881743169;160;9;1;1;1
250881743169;250881748044;4875;9;1;1;1
250881748044;250881750596;2552;9;1;1;1
250881750596;250881754933;4337;9;1;1;1
250881754933;250881761644;6711;9;1;1;1
250881761644;250881771588;9944;9;1;1;1
250881771588;250881780515;8927;9;1;1;1
250881780515;250881781186;671;9;1;1;1
250881781186;250881789573;8387;9;1;1;1
250881789573;250881795258;5685;9;1;1;1
250881795258;250881799241;3983;9;1;1;1
250881799241;250881799557;316;9;1;1;1
250881799557;250881800319;762;9;1;1;1
250881800319;250881801536;1217;9;1;1;1
250881801536;250881802654;1118;9;1;1;1
250881802654;250881804650;1996;9;1;1;1
250881804650;250881812987;8337;9;1;1;1
250881812987;250881813547;560;9;1;1;1
250881813547;250881827584;14037;9;1;1;1
250881827584;250881830507;2923;9;1;1;1
250881830507;250881835109;4602;9;1;1;1
250881835109;250881839949;4840;9;1;1;1
250881839949;250881841312;1363;9;1;1;1
250881841312;250881847342;6030;9;1;1;1
250881847342;250881858674;11332;9;1;1;1
250881858674;250881860169;1495;9;1;1;1
250881860169;250881860241;72;9;1;1;1
250881860241;250881860308;67;9;1;1;1
250881860308;250881866183;5875;9;1;1;1
250881866183;250881866370;187;9;1;1;1
250881866370;250881872232;5862;9;1;1;1
250881872232;250881875994;3762;9;1;1;1
250881875994;250881877430;1436;9;1;1;1
250881877430;250881898497;21067;9;1;1;1
250881898497;250881906610;8113;9;1;1;1
250881906610;250881912954;6344;9;1;1;1
250881912954;250881919023;6069;9;1;1;1
250881919023;250881919369;346;9;1;1;1
250881919369;250881926992;7623;9;1;1;1
250881926992;250881936180;9188;9;1;1;1
250881936180;250881940739;4559;9;1;1;1
250881940739;250881942597;1858;9;1;1;1
250881942597;250881944345;1748;9;1;1;1
250881944345;250881946114;1769;9;1;1;1
250881946114;250881947817;1703;9;1;1;1
250881947817;250881950711;2894;9;1;1;1
250881950711;250881952516;1805;9;1;1;1
250881952516;250881957112;4596;9;1;1;1
250881957112;250881957323;211;9;1;1;1
250881957323;250881957598;275;9;1;1;1
250881957598;250881963642;6044;9;1;1;1
250881963642;250881964157;515;9;1;1;1
250881964157;250881967036;2879;9;1;1;1
250881967036;250881969039;2003;9;1;1;1
250881969039;250881970082;1043;9;1;1;1
250881970082;250881970358;276;9;1;1;1
250881970358;250881971251;893;9;1;1;1
250881971251;250881974969;3718;9;1;1;1
250881974969;250881976118;1149;9;1;1;1
250881976118;250881979167;3049;9;1;1;1
250881979167;250881980959;1792;9;1;1;1
250881980959;250881981817;858;9;1;1;1
250881981817;250881983811;1994;9;1;1;1
250881983811;250881983911;100;9;1;1;1
250881983911;250881988445;4534;9;1;1;1
250881988445;250881991981;3536;9;1;1;1
250881991981;250881992080;99;9;1;1;1
250881992080;250881992169;89;9;1;1;1
250881992169;250881992701;532;9;1;1;1
250881992701;250881993155;454;9;1;1;1
250881993155;250881994415;1260;9;1;1;1
250881994415;250881995189;774;9;1;1;1
250881995189;250882002738;7549;9;1;1;1
250882002738;250882006790;4052;9;1;1;1
250882006790;250882007352;562;9;1;1;1
250882007352;250882010222;2870;9;1;1;1
250882010222;250882010897;675;9;1;1;1
250882010897;250882011349;452;9;1;1;1
250882011349;250882011944;595;9;1;1;1
250882011944;250882014134;2190;9;1;1;1
250882014134;250882017497;3363;9;1;1;1
250882017497;250882021243;3746;9;1;1;1
250882021243;250882023975;2732;9;1;1;1
250882023975;250882025724;1749;9;1;1;1
250882025724;250882026849;1125;9;1;1;1
250882026849;250882027270;421;9;1;1;1
250882027270;250882034292;7022;9;1;1;1
250882034292;250882035535;1243;9;1;1;1
250882035535;250882035998;463;9;1;1;1
250882035998;250882036060;62;9;1;1;1
250882036060;250882040836;4776;9;1;1;1
250882040836;250882040995;159;9;1;1;1
250882040995;250882042432;1437;9;1;1;1
250882042432;250882043836;1404;9;1;1;1
250882043836;250882043869;33;9;1;1;1
250882043869;250882044320;451;9;1;1;1
250882044320;250882046670;2350;9;1;1;1
250882046670;250882046963;293;9;1;1;1
250882046963;250882048044;1081;9;1;1;1
250882048044;250882048489;445;9;1;1;1
250882048489;250882050794;2305;9;1;1;1
250882050794;250882051371;577;9;1;1;1
250882051371;250882052447;1076;9;1;1;1
250882052447;250882055580;3133;9;1;1;1
250882055580;250882056438;858;9;1;1;1
250882056438;250882057307;869;9;1;1;1
250882057307;250882057875;568;9;1;1;1
250882057875;250882058778;903;9;1;1;1
250882058778;250882058915;137;9;1;1;1
250882058915;250882059014;99;9;1;1;1
250882059014;250882059321;307;9;1;1;1
250882059321;250882059758;437;9;1;1;1
250882059758;250882063721;3963;9;1;1;1
250882063721;250882066803;3082;9;1;1;1
250882066803;250882067149;346;9;1;1;1
250882067149;250882068429;1280;9;1;1;1
250882068429;250882073045;4616;9;1;1;1
250882073045;250882076214;3169;9;1;1;1
250882076214;250882079300;3086;9;1;1;1
250882079300;250882083359;4059;9;1;1;1
250882083359;250882084345;986;9;1;1;1
250882084345;250882084443;98;9;1;1;1
250882084443;250882085012;569;9;1;1;1
250882085012;250882092368;7356;9;1;1;1
250882092368;250882094008;1640;9;1;1;1
250882094008;250882096647;2639;9;1;1;1
250882096647;250882097448;801;9;1;1;1
250882097448;250882099071;1623;9;1;1;1
250882099071;250882099146;75;9;1;1;1
250882099146;250882102556;3410;9;1;1;1
250882102556;250882105989;3433;9;1;1;1
250882105989;250882107371;1382;9;1;1;1
250882107371;250882107488;117;9;1;1;1
250882107488;250882113421;5933;9;1;1;1
250882113421;250882113458;37;9;1;1;1
250882113458;250882116691;3233;9;1;1;1
250882116691;250882117495;804;9;1;1;1
250882117495;250882117561;66;9;1;1;1
250882117561;250882118029;468;9;1;1;1
250882118029;250882119532;1503;9;1;1;1
250882119532;250882124804;5272;9;1;1;1
250882124804;250882127827;3023;9;1;1;1
250882127827;250882128916;1089;9;1;1;1
250882128916;250882129513;597;9;1;1;1
250882129513;250882130202;689;9;1;1;1
250882130202;250882133017;2815;9;1;1;1
250882133017;250882141723;8706;9;1;1;1
250882141723;250882142355;632;9;1;1;1
250882142355;250882142745;390;9;1;1;1
250882142745;250882146969;4224;9;1;1;1
250882146969;250882154271;7302;9;1;1;1
250882154271;250882157038;2767;9;1;1;1
250882157038;250882158765;1727;9;1;1;1
250882158765;250882161752;2987;9;1;1;1
250882161752;250882161793;41;9;1;1;1
250882161793;250882162433;640;9;1;1;1
250882162433;250882167119;4686;9;1;1;1
250882167119;250882170259;3140;9;1;1;1
250882170259;250882170921;662;9;1;1;1
250882170921;250882170963;42;9;1;1;1
250882170963;250882171105;142;9;1;1;1
250882171105;250882171387;282;9;1;1;1
250882171387;250882175669;4282;9;1;1;1
250882175669;250882183465;7796;9;1;1;1
250882183465;250882184334;869;9;1;1;1
250882184334;250882184566;232;9;1;1;1
250882184566;250882184616;50;9;1;1;1
250882184616;250882186935;2319;9;1;1;1
250882186935;250882187577;642;9;1;1;1
250882187577;250882197512;9935;9;1;1;1
250882197512;250882200612;3100;9;1;1;1
250882200612;250882205239;4627;9;1;1;1
250882205239;250882209101;3862;9;1;1;1
250882209101;250882214385;5284;9;1;1;1
250882214385;250882219648;5263;9;1;1;1
250882219648;250882223972;4324;9;1;1;1
250882223972;250882224051;79;9;1;1;1
250882224051;250882224621;570;9;1;1;1
250882224621;250882227438;2817;9;1;1;1
250882227438;250882232870;5432;9;1;1;1
250882232870;250882233493;623;9;1;1;1
250882233493;250882235203;1710;9;1;1;1
250882235203;250882235358;155;9;1;1;1
250882235358;250882236401;1043;9;1;1;1
250882236401;250882238453;2052;9;1;1;1
250882238453;250882244729;6276;9;1;1;1
250882244729;250882247687;2958;9;1;1;1
250882247687;250882249950;2263;9;1;1;1
250882249950;250882255751;5801;9;1;1;1
250882255751;250882257138;1387;9;1;1;1
250882257138;250882261436;4298;9;1;1;1
250882261436;250882274708;13272;9;1;1;1
250882274708;250882275260;552;9;1;1;1
250882275260;250882278997;3737;9;1;1;1
250882278997;250882286322;7325;9;1;1;1
250882286322;250882289878;3556;9;1;1;1
250882289878;250882291326;1448;9;1;1;1
250882291326;250882297452;6126;9;1;1;1
250882297452;250882298455;1003;9;1;1;1
250882298455;250882300207;1752;9;1;1;1
250882300207;250882305421;5214;9;1;1;1
250882305421;250882310100;4679;9;1;1;1
250882310100;250882313915;3815;9;1;1;1
250882313915;250882314128;213;9;1;1;1
250882314128;250882316716;2588;9;1;1;1
250882316716;250882319940;3224;9;1;1;1
250882319940;250882320561;621;9;1;1;1
250882320561;250882325660;5099;9;1;1;1
250882325660;250882325730;70;9;1;1;1
250882325730;250882331091;5361;9;1;1;1
250882331091;250882334528;3437;9;1;1;1
250882334528;250882339545;5017;9;1;1;1
250882339545;250882341258;1713;9;1;1;1
250882341258;250882341324;66;9;1;1;1
250882341324;250882341355;31;9;1;1;1
250882341355;250882347235;5880;9;1;1;1
250882347235;250882349550;2315;9;1;1;1
250882349550;250882352586;3036;9;1;1;1
250882352586;250882353313;727;9;1;1;1
250882353313;250882355389;2076;9;1;1;1
250882355389;250882362796;7407;9;1;1;1
250882362796;250882377018;14222;9;1;1;1
250882377018;250882378556;1538;9;1;1;1
250882378556;250882386191;7635;9;1;1;1
250882386191;250882387255;1064;9;1;1;1
250882387255;250882387456;201;9;1;1;1
250882387456;250882388126;670;9;1;1;1
250882388126;250882389212;1086;9;1;1;1
250882389212;250882394088;4876;9;1;1;1
250882394088;250882397523;3435;9;1;1;1
250882397523;250882398465;942;9;1;1;1
250882398465;250882399442;977;9;1;1;1
250882399442;250882405354;5912;9;1;1;1
250882405354;250882408928;3574;9;1;1;1
250882408928;250882410036;1108;9;1;1;1
250882410036;250882411353;1317;9;1;1;1
250882411353;250882414208;2855;9;1;1;1
250882414208;250882414738;530;9;1;1;1
250882414738;250882415258;520;9;1;1;1
250882415258;250882417568;2310;9;1;1;1
250882417568;250882419441;1873;9;1;1;1
250882419441;250882420594;1153;9;1;1;1
250882420594;250882423874;3280;9;1;1;1
250882423874;250882431648;7774;9;1;1;1
250882431648;250882433871;2223;9;1;1;1
250882433871;250882436582;2711;9;1;1;1
250882436582;250882436751;169;9;1;1;1
250882436751;250882444099;7348;9;1;1;1
250882444099;250882446800;2701;9;1;1;1
250882446800;250882447955;1155;9;1;1;1
250882447955;250882450024;2069;9;1;1;1
250882450024;250882450957;933;9;1;1;1
250882450957;250882453055;2098;9;1;1;1
250882453055;250882454688;1633;9;1;1;1
250882454688;250882460491;5803;9;1;1;1
250882460491;250882461397;906;9;1;1;1
250882461397;250882464247;2850;9;1;1;1
250882464247;250882464329;82;9;1;1;1
250882464329;250882465879;1550;9;1;1;1
250882465879;250882465944;65;9;1;1;1
250882465944;250882466306;362;9;1;1;1
250882466306;250882467868;1562;9;1;1;1
250882467868;250882475380;7512;9;1;1;1
250882475380;250882479726;4346;9;1;1;1
250882479726;250882479735;9;9;1;1;1
250882479735;250882479833;98;9;1;1;1
250882479833;250882487181;7348;9;1;1;1
250882487181;250882487805;624;9;1;1;1
250882487805;250882495401;7596;9;1;1;1
250882495401;250882499715;4314;9;1;1;1
250882499715;250882500492;777;9;1;1;1
250882500492;250882504773;4281;9;1;1;1
250882504773;250882511492;6719;9;1;1;1
250882511492;250882513838;2346;9;1;1;1
250882513838;250882514042;204;9;1;1;1
250882514042;250882515759;1717;9;1;1;1
250882515759;250882516247;488;9;1;1;1
250882516247;250882523640;7393;9;1;1;1
250882523640;250882524819;1179;9;1;1;1
250882524819;250882524975;156;9;1;1;1
250882524975;250882525098;123;9;1;1;1
250882525098;250882525158;60;9;1;1;1
250882525158;250882526222;1064;9;1;1;1
250882526222;250882535003;8781;9;1;1;1
250882535003;250882538297;3294;9;1;1;1
250882538297;250882538557;260;9;1;1;1
250882538557;250882541694;3137;9;1;1;1
250882541694;250882544001;2307;9;1;1;1
250882544001;250882548098;4097;9;1;1;1
250882548098;250882553109;5011;9;1;1;1
250882553109;250882554768;1659;9;1;1;1
250882554768;250882556777;2009;9;1;1;1
250882556777;250882557131;354;9;1;1;1
250882557131;250882562595;5464;9;1;1;1
250882562595;250882563197;602;9;1;1;1
250882563197;250882565082;1885;9;1;1;1
250882565082;250882568951;3869;9;1;1;1
250882568951;250882575402;6451;9;1;1;1
250882575402;250882576696;1294;9;1;1;1
250882576696;250882578668;1972;9;1;1;1
250882578668;250882580643;1975;9;1;1;1
250882580643;250882588326;7683;9;1;1;1
250882588326;250882588827;501;9;1;1;1
250882588827;250882590105;1278;9;1;1;1
250882590105;250882592143;2038;9;1;1;1
250882592143;250882593828;1685;9;1;1;1
250882593828;250882596239;2411;9;1;1;1
250882596239;250882599878;3639;9;1;1;1
250882599878;250882603651;3773;9;1;1;1
250882603651;250882615903;12252;9;1;1;1
250882615903;250882616711;808;9;1;1;1
250882616711;250882617819;1108;9;1;1;1
250882617819;250882623695;5876;9;1;1;1
250882623695;250882624519;824;9;1;1;1
250882624519;250882627977;3458;9;1;1;1
250882627977;250882633890;5913;9;1;1;1
250882633890;250882635181;1291;9;1;1;1
250882635181;250882637015;1834;9;1;1;1
250882637015;250882637134;119;9;1;1;1
250882637134;250882641203;4069;9;1;1;1
250882641203;250882641225;22;9;1;1;1
250882641225;250882642884;1659;9;1;1;1
250882642884;250882644044;1160;9;1;1;1
250882644044;250882646440;2396;9;1;1;1
250882646440;250882648100;1660;9;1;1;1
250882648100;250882648995;895;9;1;1;1
250882648995;250882649486;491;9;1;1;1
250882649486;250882650867;1381;9;1;1;1
250882650867;250882654639;3772;9;1;1;1
250882654639;250882655771;1132;9;1;1;1
250882655771;250882659707;3936;9;1;1;1
250882659707;250882660298;591;9;1;1;1
250882660298;250882661505;1207;9;1;1;1
250882661505;250882663078;1573;9;1;1;1
250882663078;250882667619;4541;9;1;1;1
250882667619;250882667939;320;9;1;1;1
250882667939;250882668141;202;9;1;1;1
250882668141;250882669013;872;9;1;1;1
250882669013;250882673821;4808;9;1;1;1
250882673821;250882678438;4617;9;1;1;1
250882678438;250882684417;5979;9;1;1;1
250882684417;250882691743;7326;9;1;1;1
250882691743;250882696167;4424;9;1;1;1
250882696167;250882699732;3565;9;1;1;1
250882699732;250882704242;4510;9;1;1;1
250882704242;250882705808;1566;9;1;1;1
250882705808;250882706096;288;9;1;1;1
250882706096;250882707808;1712;9;1;1;1
250882707808;250882715333;7525;9;1;1;1
250882715333;250882716652;1319;9;1;1;1
250882716652;250882716922;270;9;1;1;1
250882716922;250882723724;6802;9;1;1;1
250882723724;250882723817;93;9;1;1;1
250882723817;250882724152;335;9;1;1;1
250882724152;250882724336;184;9;1;1;1
250882724336;250882725088;752;9;1;1;1
250882725088;250882729422;4334;9;1;1;1
250882729422;250882733740;4318;9;1;1;1
250882733740;250882734841;1101;9;1;1;1
250882734841;250882736633;1792;9;1;1;1
250882736633;250882737412;779;9;1;1;1
250882737412;250882741040;3628;9;1;1;1
250882741040;250882741208;168;9;1;1;1
250882741208;250882743768;2560;9;1;1;1
250882743768;250882745714;1946;9;1;1;1
250882745714;250882748229;2515;9;1;1;1
250882748229;250882748385;156;9;1;1;1
250882748385;250882749307;922;9;1;1;1
250882749307;250882751748;2441;9;1;1;1
250882751748;250882752442;694;9;1;1;1
250882752442;250882758312;5870;9;1;1;1
250882758312;250882761752;3440;9;1;1;1
250882761752;250882762303;551;9;1;1;1
250882762303;250882766213;3910;9;1;1;1
250882766213;250882766500;287;9;1;1;1
250882766500;250882772701;6201;9;1;1;1
250882772701;250882773769;1068;9;1;1;1
250882773769;250882783644;9875;9;1;1;1
250882783644;250882786849;3205;9;1;1;1
250882786849;250882794669;7820;9;1;1;1
250882794669;250882797285;2616;9;1;1;1
250882797285;250882798877;1592;9;1;1;1
250882798877;250882799957;1080;9;1;1;1
250882799957;250882800012;55;9;1;1;1
250882800012;250882800744;732;9;1;1;1
250882800744;250882807647;6903;9;1;1;1
250882807647;250882808727;1080;9;1;1;1
250882808727;250882815466;6739;9;1;1;1
250882815466;250882817078;1612;9;1;1;1
250882817078;250882818691;1613;9;1;1;1
250882818691;250882818746;55;9;1;1;1
250882818746;250882821295;2549;9;1;1;1
250882821295;250882821803;508;9;1;1;1
250882821803;250882822307;504;9;1;1;1
250882822307;250882824409;2102;9;1;1;1
250882824409;250882825112;703;9;1;1;1
250882825112;250882827077;1965;9;1;1;1
250882827077;250882828136;1059;9;1;1;1
250882828136;250882828139;3;9;1;1;1
250882828139;250882835249;7110;9;1;1;1
250882835249;250882836156;907;9;1;1;1
250882836156;250882836694;538;9;1;1;1
250882836694;250882838045;1351;9;1;1;1
250882838045;250882841053;3008;9;1;1;1
250882841053;250882843400;2347;9;1;1;1
250882843400;250882846109;2709;9;1;1;1
250882846109;250882847732;1623;9;1;1;1
250882847732;250882848935;1203;9;1;1;1
250882848935;250882849689;754;9;1;1;1
250882849689;250882849941;252;9;1;1;1
250882849941;250882854733;4792;9;1;1;1
250882854733;250882856944;2211;9;1;1;1
250882856944;250882868139;11195;9;1;1;1
250882868139;250882873512;5373;9;1;1;1
250882873512;250882876356;2844;9;1;1;1
250882876356;250882880960;4604;9;1;1;1
250882880960;250882882968;2008;9;1;1;1
250882882968;250882884372;1404;9;1;1;1
250882884372;250882889075;4703;9;1;1;1
250882889075;250882889235;160;9;1;1;1
250882889235;250882890877;1642;9;1;1;1
250882890877;250882892805;1928;9;1;1;1
250882892805;250882893536;731;9;1;1;1
250882893536;250882893995;459;9;1;1;1
250882893995;250882897159;3164;9;1;1;1
250882897159;250882899379;2220;9;1;1;1
250882899379;250882901092;1713;9;1;1;1
250882901092;250882901426;334;9;1;1;1
250882901426;250882903875;2449;9;1;1;1
250882903875;250882904779;904;9;1;1;1
250882904779;250882905280;501;9;1;1;1
250882905280;250882905589;309;9;1;1;1
250882905589;250882909265;3676;9;1;1;1
250882909265;250882910187;922;9;1;1;1
250882910187;250882910977;790;9;1;1;1
250882910977;250882912216;1239;9;1;1;1
250882912216;250882912492;276;9;1;1;1
250882912492;250882912570;78;9;1;1;1
250882912570;250882913697;1127;9;1;1;1
250882913697;250882915359;1662;9;1;1;1
250882915359;250882917163;1804;9;1;1;1
250882917163;250882921832;4669;9;1;1;1
250882921832;250882921878;46;9;1;1;1
250882921878;250882922603;725;9;1;1;1
250882922603;250882922917;314;9;1;1;1
250882922917;250882925540;2623;9;1;1;1
250882925540;250882927229;1689;9;1;1;1
250882927229;250882932633;5404;9;1;1;1
250882932633;250882935801;3168;9;1;1;1
250882935801;250882935881;80;9;1;1;1
250882935881;250882938294;2413;9;1;1;1
250882938294;250882939229;935;9;1;1;1
250882939229;250882942735;3506;9;1;1;1
250882942735;250882944672;1937;9;1;1;1
250882944672;250882944837;165;9;1;1;1
250882944837;250882949952;5115;9;1;1;1
250882949952;250882951943;1991;9;1;1;1
250882951943;250882956067;4124;9;1;1;1
250882956067;250882957994;1927;9;1;1;1
250882957994;250882960597;2603;9;1;1;1
250882960597;250882961169;572;9;1;1;1
250882961169;250882970994;9825;9;1;1;1
250882970994;250882973106;2112;9;1;1;1
250882973106;250882973399;293;9;1;1;1
250882973399;250882974555;1156;9;1;1;1
250882974555;250882974832;277;9;1;1;1
250882974832;250882979261;4429;9;1;1;1
250882979261;250882984392;5131;9;1;1;1
250882984392;250882985676;1284;9;1;1;1
250882985676;250882985797;121;9;1;1;1
250882985797;250882987162;1365;9;1;1;1
250882987162;250882987430;268;9;1;1;1
250882987430;250882988106;676;9;1;1;1
250882988106;250882991308;3202;9;1;1;1
250882991308;250882995424;4116;9;1;1;1
250882995424;250882996256;832;9;1;1;1
250882996256;250882998097;1841;9;1;1;1
250882998097;250882999865;1768;9;1;1;1
250882999865;250883000183;318;9;1;1;1
250883000183;250883003822;3639;9;1;1;1
250883003822;250883005634;1812;9;1;1;1
250883005634;250883006318;684;9;1;1;1
250883006318;250883010984;4666;9;1;1;1
250883010984;250883016659;5675;9;1;1;1
250883016659;250883018352;1693;9;1;1;1
250883018352;250883020444;2092;9;1;1;1
250883020444;250883021957;1513;9;1;1;1
250883021957;250883022862;905;9;1;1;1
250883022862;250883030436;7574;9;1;1;1
250883030436;250883030716;280;9;1;1;1
250883030716;250883031161;445;9;1;1;1
250883031161;250883032263;1102;9;1;1;1
250883032263;250883035516;3253;9;1;1;1
250883035516;250883039166;3650;9;1;1;1
250883039166;250883041368;2202;9;1;1;1
250883041368;250883042778;1410;9;1;1;1
250883042778;250883043805;1027;9;1;1;1
250883043805;250883043899;94;9;1;1;1
250883043899;250883045014;1115;9;1;1;1
250883045014;250883046802;1788;9;1;1;1
250883046802;250883047496;694;9;1;1;1
250883047496;250883047677;181;9;1;1;1
250883047677;250883055629;7952;9;1;1;1
250883055629;250883056187;558;9;1;1;1
250883056187;250883056217;30;9;1;1;1
250883056217;250883060728;4511;9;1;1;1
250883060728;250883064812;4084;9;1;1;1
250883064812;250883065034;222;9;1;1;1
250883065034;250883068077;3043;9;1;1;1
250883068077;250883069286;1209;9;1;1;1
250883069286;250883073304;4018;9;1;1;1
250883073304;250883075227;1923;9;1;1;1
250883075227;250883078139;2912;9;1;1;1
250883078139;250883080836;2697;9;1;1;1
250883080836;250883084231;3395;9;1;1;1
250883084231;250883086553;2322;9;1;1;1
250883086553;250883087439;886;9;1;1;1
250883087439;250883088465;1026;9;1;1;1
250883088465;250883093974;5509;9;1;1;1
250883093974;250883095059;1085;9;1;1;1
250883095059;250883096501;1442;9;1;1;1
250883096501;250883097818;1317;9;1;1;1
250883097818;250883098037;219;9;1;1;1
250883098037;250883099493;1456;9;1;1;1
250883099493;250883104064;4571;9;1;1;1
250883104064;250883104923;859;9;1;1;1
250883104923;250883108755;3832;9;1;1;1
250883108755;250883110929;2174;9;1;1;1
250883110929;250883113260;2331;9;1;1;1
250883113260;250883114440;1180;9;1;1;1
250883114440;250883114483;43;9;1;1;1
250883114483;250883118513;4030;9;1;1;1
250883118513;250883119123;610;9;1;1;1
250883119123;250883123765;4642;9;1;1;1
250883123765;250883124526;761;9;1;1;1
250883124526;250883126221;1695;9;1;1;1
250883126221;250883126708;487;9;1;1;1
250883126708;250883126820;112;9;1;1;1
250883126820;250883126869;49;9;1;1;1
250883126869;250883127624;755;9;1;1;1
250883127624;250883129967;2343;9;1;1;1
250883129967;250883132842;2875;9;1;1;1
250883132842;250883134000;1158;9;1;1;1
250883134000;250883138381;4381;9;1;1;1
250883138381;250883139353;972;9;1;1;1
250883139353;250883139421;68;9;1;1;1
250883139421;250883142933;3512;9;1;1;1
250883142933;250883143628;695;9;1;1;1
250883143628;250883150454;6826;9;1;1;1
250883150454;250883150977;523;9;1;1;1
250883150977;250883151681;704;9;1;1;1
250883151681;250883153556;1875;9;1;1;1
250883153556;250883155172;1616;9;1;1;1
250883155172;250883156052;880;9;1;1;1
250883156052;250883156814;762;9;1;1;1
250883156814;250883157041;227;9;1;1;1
250883157041;250883163569;6528;9;1;1;1
250883163569;250883163849;280;9;1;1;1
250883163849;250883166223;2374;9;1;1;1
250883166223;250883166782;559;9;1;1;1
250883166782;250883166862;80;9;1;1;1
250883166862;250883167020;158;9;1;1;1
250883167020;250883167570;550;9;1;1;1
250883167570;250883169045;1475;9;1;1;1
250883169045;250883169217;172;9;1;1;1
250883169217;250883172121;2904;9;1;1;1
250883172121;250883172220;99;9;1;1;1
250883172220;250883175374;3154;9;1;1;1
250883175374;250883176521;1147;9;1;1;1
250883176521;250883176577;56;9;1;1;1
250883176577;250883177184;607;9;1;1;1
250883177184;250883177740;556;9;1;1;1
250883177740;250883180018;2278;9;1;1;1
250883180018;250883180713;695;9;1;1;1
250883180713;250883183578;2865;9;1;1;1
250883183578;250883184420;842;9;1;1;1
250883184420;250883188061;3641;9;1;1;1
250883188061;250883191013;2952;9;1;1;1
250883191013;250883192620;1607;9;1;1;1
250883192620;250883193210;590;9;1;1;1
250883193210;250883193627;417;9;1;1;1
250883193627;250883195855;2228;9;1;1;1
250883195855;250883196608;753;9;1;1;1
250883196608;250883198903;2295;9;1;1;1
250883198903;250883199060;157;9;1;1;1
250883199060;250883199934;874;9;1;1;1
250883199934;250883201151;1217;9;1;1;1
250883201151;250883201436;285;9;1;1;1
250883201436;250883202670;1234;9;1;1;1
250883202670;250883203530;860;9;1;1;1
250883203530;250883205059;1529;9;1;1;1
250883205059;250883205198;139;9;1;1;1
250883205198;250883206405;1207;9;1;1;1
250883206405;250883207020;615;9;1;1;1
250883207020;250883207930;910;9;1;1;1
250883207930;250883208715;785;9;1;1;1
250883208715;250883208864;149;9;1;1;1
250883208864;250883209524;660;9;1;1;1
250883209524;250883211802;2278;9;1;1;1
250883211802;250883217581;5779;9;1;1;1
250883217581;250883218964;1383;9;1;1;1
250883218964;250883219487;523;9;1;1;1
250883219487;250883228087;8600;9;1;1;1
250883228087;250883228580;493;9;1;1;1
250883228580;250883228744;164;9;1;1;1
250883228744;250883231590;2846;9;1;1;1
250883231590;250883236662;5072;9;1;1;1
250883236662;250883236718;56;9;1;1;1
250883236718;250883238509;1791;9;1;1;1
250883238509;250883238998;489;9;1;1;1
250883238998;250883239119;121;9;1;1;1
250883239119;250883240980;1861;9;1;1;1
250883240980;250883242900;1920;9;1;1;1
250883242900;250883245003;2103;9;1;1;1
250883245003;250883246874;1871;9;1;1;1
250883246874;250883247289;415;9;1;1;1
250883247289;250883250127;2838;9;1;1;1
250883250127;250883250593;466;9;1;1;1
250883250593;250883253121;2528;9;1;1;1
250883253121;250883255188;2067;9;1;1;1
250883255188;250883256275;1087;9;1;1;1
250883256275;250883258998;2723;9;1;1;1
250883258998;250883259963;965;9;1;1;1
250883259963;250883261935;1972;9;1;1;1
250883261935;250883264710;2775;9;1;1;1
250883264710;250883266071;1361;9;1;1;1
250883266071;250883266413;342;9;1;1;1
250883266413;250883267723;1310;9;1;1;1
250883267723;250883268315;592;9;1;1;1
250883268315;250883271290;2975;9;1;1;1
250883271290;250883271674;384;9;1;1;1
250883271674;250883271958;284;9;1;1;1
250883271958;250883277682;5724;9;1;1;1
250883277682;250883279554;1872;9;1;1;1
250883279554;250883282638;3084;9;1;1;1
250883282638;250883282679;41;9;1;1;1
250883282679;250883290256;7577;9;1;1;1
250883290256;250883292795;2539;9;1;1;1
250883292795;250883293360;565;9;1;1;1
250883293360;250883297811;4451;9;1;1;1
250883297811;250883303838;6027;9;1;1;1
250883303838;250883303871;33;9;1;1;1
250883303871;250883304073;202;9;1;1;1
250883304073;250883305866;1793;9;1;1;1
250883305866;250883309030;3164;9;1;1;1
250883309030;250883310668;1638;9;1;1;1
250883310668;250883310887;219;9;1;1;1
250883310887;250883311296;409;9;1;1;1
250883311296;250883311790;494;9;1;1;1
250883311790;250883315430;3640;9;1;1;1
250883315430;250883316676;1246;9;1;1;1
250883316676;250883318835;2159;9;1;1;1
250883318835;250883318963;128;9;1;1;1
250883318963;250883319296;333;9;1;1;1
250883319296;250883320680;1384;9;1;1;1
250883320680;250883322656;1976;9;1;1;1
250883322656;250883331527;8871;9;1;1;1
250883331527;250883332868;1341;9;1;1;1
250883332868;250883340357;7489;9;1;1;1
250883340357;250883340733;376;9;1;1;1
250883340733;250883343538;2805;9;1;1;1
250883343538;250883344608;1070;9;1;1;1
250883344608;250883348048;3440;9;1;1;1
250883348048;250883354059;6011;9;1;1;1
250883354059;250883354565;506;9;1;1;1
250883354565;250883355517;952;9;1;1;1
250883355517;250883356027;510;9;1;1;1
250883356027;250883356274;247;9;1;1;1
250883356274;250883358574;2300;9;1;1;1
250883358574;250883364130;5556;9;1;1;1
250883364130;250883368881;4751;9;1;1;1
250883368881;250883373101;4220;9;1;1;1
250883373101;250883373817;716;9;1;1;1
250883373817;250883374388;571;9;1;1;1
250883374388;250883374912;524;9;1;1;1
250883374912;250883375202;290;9;1;1;1
250883375202;250883378202;3000;9;1;1;1
250883378202;250883380323;2121;9;1;1;1
250883380323;250883384724;4401;9;1;1;1
250883384724;250883385290;566;9;1;1;1
250883385290;250883386327;1037;9;1;1;1
250883386327;250883386528;201;9;1;1;1
250883386528;250883388405;1877;9;1;1;1
250883388405;250883390124;1719;9;1;1;1
250883390124;250883390161;37;9;1;1;1
250883390161;250883390221;60;9;1;1;1
250883390221;250883396266;6045;9;1;1;1
250883396266;250883400738;4472;9;1;1;1
250883400738;250883401091;353;9;1;1;1
250883401091;250883405700;4609;9;1;1;1
250883405700;250883408172;2472;9;1;1;1
250883408172;250883409457;1285;9;1;1;1
250883409457;250883410814;1357;9;1;1;1
250883410814;250883412918;2104;9;1;1;1
250883412918;250883416786;3868;9;1;1;1
250883416786;250883417696;910;9;1;1;1
250883417696;250883425352;7656;9;1;1;1
250883425352;250883426374;1022;9;1;1;1
250883426374;250883431007;4633;9;1;1;1
250883431007;250883439013;8006;9;1;1;1
250883439013;250883439491;478;9;1;1;1
250883439491;250883442648;3157;9;1;1;1
250883442648;250883445103;2455;9;1;1;1
250883445103;250883446931;1828;9;1;1;1
250883446931;250883447311;380;9;1;1;1
250883447311;250883447882;571;9;1;1;1
250883447882;250883450222;2340;9;1;1;1
250883450222;250883454394;4172;9;1;1;1
250883454394;250883455113;719;9;1;1;1
250883455113;250883456792;1679;9;1;1;1
250883456792;250883458175;1383;9;1;1;1
250883458175;250883459899;1724;9;1;1;1
250883459899;250883460722;823;9;1;1;1
250883460722;250883465313;4591;9;1;1;1
250883465313;250883466759;1446;9;1;1;1
250883466759;250883468201;1442;9;1;1;1
250883468201;250883470412;2211;9;1;1;1
250883470412;250883472441;2029;9;1;1;1
250883472441;250883474048;1607;9;1;1;1
250883474048;250883477239;3191;9;1;1;1
250883477239;250883478274;1035;9;1;1;1
250883478274;250883478356;82;9;1;1;1
250883478356;250883480329;1973;9;1;1;1
250883480329;250883481256;927;9;1;1;1
250883481256;250883483547;2291;9;1;1;1
250883483547;250883483741;194;9;1;1;1
250883483741;250883485284;1543;9;1;1;1
250883485284;250883490398;5114;9;1;1;1
250883490398;250883491405;1007;9;1;1;1
250883491405;250883494571;3166;9;1;1;1
250883494571;250883502896;8325;9;1;1;1
250883502896;250883503092;196;9;1;1;1
250883503092;250883510961;7869;9;1;1;1
250883510961;250883516055;5094;9;1;1;1
250883516055;250883516772;717;9;1;1;1
250883516772;250883521559;4787;9;1;1;1
250883521559;250883526078;4519;9;1;1;1
250883526078;250883527609;1531;9;1;1;1
250883527609;250883527782;173;9;1;1;1
250883527782;250883534448;6666;9;1;1;1
250883534448;250883542726;8278;9;1;1;1
250883542726;250883544221;1495;9;1;1;1
250883544221;250883544828;607;9;1;1;1
250883544828;250883549876;5048;9;1;1;1
250883549876;250883551536;1660;9;1;1;1
250883551536;250883559287;7751;9;1;1;1
250883559287;250883562670;3383;9;1;1;1
250883562670;250883571190;8520;9;1;1;1
250883571190;250883572299;1109;9;1;1;1
250883572299;250883577345;5046;9;1;1;1
250883577345;250883583856;6511;9;1;1;1
250883583856;250883593847;9991;9;1;1;1
250883593847;250883596162;2315;9;1;1;1
250883596162;250883596677;515;9;1;1;1
250883596677;250883601228;4551;9;1;1;1
250883601228;250883603304;2076;9;1;1;1
250883603304;250883606460;3156;9;1;1;1
250883606460;250883607442;982;9;1;1;1
250883607442;250883608198;756;9;1;1;1
250883608198;250883612458;4260;9;1;1;1
250883612458;250883612848;390;9;1;1;1
250883612848;250883617557;4709;9;1;1;1
250883617557;250883620763;3206;9;1;1;1
250883620763;250883622500;1737;9;1;1;1
250883622500;250883623567;1067;9;1;1;1
250883623567;250883625540;1973;9;1;1;1
250883625540;250883627353;1813;9;1;1;1
250883627353;250883627999;646;9;1;1;1
250883627999;250883628645;646;9;1;1;1
250883628645;250883631092;2447;9;1;1;1
250883631092;250883637071;5979;9;1;1;1
250883637071;250883639718;2647;9;1;1;1
250883639718;250883639870;152;9;1;1;1
250883639870;250883646082;6212;9;1;1;1
250883646082;250883648846;2764;9;1;1;1
250883648846;250883648890;44;9;1;1;1
250883648890;250883649009;119;9;1;1;1
250883649009;250883649391;382;9;1;1;1
250883649391;250883651374;1983;9;1;1;1
250883651374;250883653560;2186;9;1;1;1
250883653560;250883654214;654;9;1;1;1
250883654214;250883661784;7570;9;1;1;1
250883661784;250883664550;2766;9;1;1;1
250883664550;250883666276;1726;9;1;1;1
250883666276;250883666646;370;9;1;1;1
250883666646;250883666701;55;9;1;1;1
250883666701;250883666707;6;9;1;1;1
250883666707;250883668286;1579;9;1;1;1
250883668286;250883668423;137;9;1;1;1
250883668423;250883668494;71;9;1;1;1
250883668494;250883669168;674;9;1;1;1
250883669168;250883669248;80;9;1;1;1
250883669248;250883669366;118;9;1;1;1
250883669366;250883671358;1992;9;1;1;1
250883671358;250883671380;22;9;1;1;1
250883671380;250883672739;1359;9;1;1;1
250883672739;250883674731;1992;9;1;1;1
250883674731;250883676469;1738;9;1;1;1
250883676469;250883677152;683;9;1;1;1
250883677152;250883678509;1357;9;1;1;1
250883678509;250883679053;544;9;1;1;1
250883679053;250883681331;2278;9;1;1;1
250883681331;250883681676;345;9;1;1;1
250883681676;250883682825;1149;9;1;1;1
250883682825;250883683525;700;9;1;1;1
250883683525;250883683561;36;9;1;1;1
250883683561;250883683593;32;9;1;1;1
250883683593;250883684231;638;9;1;1;1
250883684231;250883684429;198;9;1;1;1
250883684429;250883687242;2813;9;1;1;1
250883687242;250883687468;226;9;1;1;1
250883687468;250883688083;615;9;1;1;1
250883688083;250883689234;1151;9;1;1;1
250883689234;250883689587;353;9;1;1;1
250883689587;250883693056;3469;9;1;1;1
250883693056;250883698367;5311;9;1;1;1
250883698367;250883699450;1083;9;1;1;1
250883699450;250883702200;2750;9;1;1;1
250883702200;250883708797;6597;9;1;1;1
250883708797;250883710596;1799;9;1;1;1
250883710596;250883711869;1273;9;1;1;1
250883711869;250883712965;1096;9;1;1;1
250883712965;250883713722;757;9;1;1;1
250883713722;250883714828;1106;9;1;1;1
250883714828;250883715013;185;9;1;1;1
250883715013;250883718800;3787;9;1;1;1
250883718800;250883719633;833;9;1;1;1
250883719633;250883720064;431;9;1;1;1
250883720064;250883720251;187;9;1;1;1
250883720251;250883722371;2120;9;1;1;1
250883722371;250883723051;680;9;1;1;1
250883723051;250883725196;2145;9;1;1;1
250883725196;250883725626;430;9;1;1;1
250883725626;250883729945;4319;9;1;1;1
250883729945;250883730004;59;9;1;1;1
250883730004;250883733391;3387;9;1;1;1
250883733391;250883735009;1618;9;1;1;1
250883735009;250883735095;86;9;1;1;1
250883735095;250883735951;856;9;1;1;1
250883735951;250883736019;68;9;1;1;1
250883736019;250883738399;2380;9;1;1;1
250883738399;250883741606;3207;9;1;1;1
250883741606;250883741644;38;9;1;1;1
250883741644;250883742025;381;9;1;1;1
250883742025;250883745119;3094;9;1;1;1
250883745119;250883745946;827;9;1;1;1
250883745946;250883746487;541;9;1;1;1
250883746487;250883746997;510;9;1;1;1
250883746997;250883747186;189;9;1;1;1
250883747186;250883747209;23;9;1;1;1
250883747209;250883748371;1162;9;1;1;1
250883748371;250883748402;31;9;1;1;1
250883748402;250883748896;494;9;1;1;1
250883748896;250883749739;843;9;1;1;1
250883749739;250883750034;295;9;1;1;1
250883750034;250883752121;2087;9;1;1;1
250883752121;250883752947;826;9;1;1;1
250883752947;250883754076;1129;9;1;1;1
250883754076;250883754174;98;9;1;1;1
250883754174;250883755520;1346;9;1;1;1
250883755520;250883755573;53;9;1;1;1
250883755573;250883756425;852;9;1;1;1
250883756425;250883757517;1092;9;1;1;1
250883757517;250883761144;3627;9;1;1;1
250883761144;250883761179;35;9;1;1;1
250883761179;250883761493;314;9;1;1;1
250883761493;250883761872;379;9;1;1;1
250883761872;250883764324;2452;9;1;1;1
250883764324;250883764616;292;9;1;1;1
250883764616;250883766359;1743;9;1;1;1
250883766359;250883766846;487;9;1;1;1
250883766846;250883766973;127;9;1;1;1
250883766973;250883768018;1045;9;1;1;1
250883768018;250883768275;257;9;1;1;1
250883768275;250883768861;586;9;1;1;1
250883768861;250883769060;199;9;1;1;1
250883769060;250883771228;2168;9;1;1;1
250883771228;250883775114;3886;9;1;1;1
250883775114;250883778133;3019;9;1;1;1
250883778133;250883778202;69;9;1;1;1
250883778202;250883779489;1287;9;1;1;1
250883779489;250883779545;56;9;1;1;1
250883779545;250883779745;200;9;1;1;1
250883779745;250883780850;1105;9;1;1;1
250883780850;250883782514;1664;9;1;1;1
250883782514;250883785295;2781;9;1;1;1
250883785295;250883788531;3236;9;1;1;1
250883788531;250883789265;734;9;1;1;1
250883789265;250883789319;54;9;1;1;1
250883789319;250883796093;6774;9;1;1;1
250883796093;250883796374;281;9;1;1;1
250883796374;250883796694;320;9;1;1;1
250883796694;250883799185;2491;9;1;1;1
250883799185;250883800461;1276;9;1;1;1
250883800461;250883807233;6772;9;1;1;1
250883807233;250883809751;2518;9;1;1;1
250883809751;250883810459;708;9;1;1;1
250883810459;250883810612;153;9;1;1;1
250883810612;250883810803;191;9;1;1;1
250883810803;250883811385;582;9;1;1;1
250883811385;250883821603;10218;9;1;1;1
250883821603;250883822808;1205;9;1;1;1
250883822808;250883823450;642;9;1;1;1
250883823450;250883825562;2112;9;1;1;1
250883825562;250883825707;145;9;1;1;1
250883825707;250883826442;735;9;1;1;1
250883826442;250883835029;8587;9;1;1;1
250883835029;250883835767;738;9;1;1;1
250883835767;250883836741;974;9;1;1;1
250883836741;250883838675;1934;9;1;1;1
250883838675;250883841082;2407;9;1;1;1
250883841082;250883845897;4815;9;1;1;1
250883845897;250883849028;3131;9;1;1;1
250883849028;250883855882;6854;9;1;1;1
250883855882;250883856497;615;9;1;1;1
250883856497;250883868093;11596;9;1;1;1
250883868093;250883870208;2115;9;1;1;1
250883870208;250883883017;12809;9;1;1;1
250883883017;250883888648;5631;9;1;1;1
250883888648;250883899103;10455;9;1;1;1
250883899103;250883904087;4984;9;1;1;1
250883904087;250883934804;30717;9;1;1;1
250883934804;250883937304;2500;9;1;1;1
250883937304;250883938633;1329;9;1;1;1
250883938633;250883947163;8530;9;1;1;1
250883947163;250883947870;707;9;1;1;1
250883947870;250883952381;4511;9;1;1;1
250883952381;250883953598;1217;9;1;1;1
250883953598;250883961542;7944;9;1;1;1
250883961542;250883962946;1404;9;1;1;1
250883962946;250883963383;437;9;1;1;1
250883963383;250883980134;16751;9;1;1;1
250883980134;250883996139;16005;9;1;1;1
250883996139;250883997327;1188;9;1;1;1
250883997327;250884006798;9471;9;1;1;1
250884006798;250884007828;1030;9;1;1;1
250884007828;250884007922;94;9;1;1;1
250884007922;250884013905;5983;9;1;1;1
250884013905;250884014467;562;9;1;1;1
250884014467;250884015094;627;9;1;1;1
250884015094;250884017441;2347;9;1;1;1
250884017441;250884023463;6022;9;1;1;1
250884023463;250884026580;3117;9;1;1;1
250884026580;250884032115;5535;9;1;1;1
250884032115;250884038382;6267;9;1;1;1
250884038382;250884040406;2024;9;1;1;1
250884040406;250884044039;3633;9;1;1;1
250884044039;250884046617;2578;9;1;1;1
250884046617;250884055559;8942;9;1;1;1
250884055559;250884056940;1381;9;1;1;1
250884056940;250884058143;1203;9;1;1;1
250884058143;250884063888;5745;9;1;1;1
250884063888;250884067497;3609;9;1;1;1
250884067497;250884074614;7117;9;1;1;1
250884074614;250884077264;2650;9;1;1;1
250884077264;250884083914;6650;9;1;1;1
250884083914;250884085611;1697;9;1;1;1
250884085611;250884087075;1464;9;1;1;1
250884087075;250884098370;11295;9;1;1;1
250884098370;250884101002;2632;9;1;1;1
250884101002;250884106082;5080;9;1;1;1
250884106082;250884106563;481;9;1;1;1
250884106563;250884110318;3755;9;1;1;1
250884110318;250884111270;952;9;1;1;1
250884111270;250884115443;4173;9;1;1;1
250884115443;250884117789;2346;9;1;1;1
250884117789;250884119356;1567;9;1;1;1
250884119356;250884120657;1301;9;1;1;1
250884120657;250884123147;2490;9;1;1;1
250884123147;250884138982;15835;9;1;1;1
250884138982;250884148184;9202;9;1;1;1
250884148184;250884161704;13520;9;1;1;1
250884161704;250884162158;454;9;1;1;1
250884162158;250884172755;10597;9;1;1;1
250884172755;250884173010;255;9;1;1;1
250884173010;250884184866;11856;9;1;1;1
250884184866;250884184909;43;9;1;1;1
250884184909;250884185019;110;9;1;1;1
250884185019;250884198975;13956;9;1;1;1
250884198975;250884199071;96;9;1;1;1
250884199071;250884538084;339013;9;1;1;1
250884538084;250885185774;647690;9;1;1;1
250885185774;250885200830;15056;9;1;1;1
250885200830;250885276233;75403;9;1;1;1
250885276233;250885287595;11362;9;1;1;1
250885287595;250889250392;3962797;9;1;1;1
250889250392;250889379718;129326;9;1;1;1
250889379718;250889548047;168329;9;1;1;1
250889548047;250889587484;39437;9;1;1;1
250889587484;250889632949;45465;9;1;1;1
250889632949;250889650542;17593;9;1;1;1
250889650542;250889774816;124274;9;1;1;1
250889774816;250889799541;24725;9;1;1;1
250889799541;250889804901;5360;9;1;1;1
250889804901;250889834562;29661;9;1;1;1
250889834562;250889856985;22423;9;1;1;1
250889856985;250889865431;8446;9;1;1;1
250889865431;250889869631;4200;9;1;1;1
250889869631;250889872297;2666;9;1;1;1
250889872297;250889876249;3952;9;1;1;1
250889876249;250889876287;38;9;1;1;1
250889876287;250889902201;25914;9;1;1;1
250889902201;250889919834;17633;9;1;1;1
250889919834;250889922227;2393;9;1;1;1
250889922227;250889935513;13286;9;1;1;1
250889935513;250889935596;83;9;1;1;1
250889935596;250889953657;18061;9;1;1;1
250889953657;250889983622;29965;9;1;1;1
250889983622;250890017754;34132;9;1;1;1
250890017754;250890018350;596;9;1;1;1
250890018350;250890025673;7323;9;1;1;1
250890025673;250890030647;4974;9;1;1;1
250890030647;250890036283;5636;9;1;1;1
250890036283;250890039799;3516;9;1;1;1
250890039799;250890080742;40943;9;1;1;1
250890080742;250890080959;217;9;1;1;1
250890080959;250890139269;58310;9;1;1;1
250890139269;250890145020;5751;9;1;1;1
250890145020;250890145071;51;9;1;1;1
250890145071;250890146501;1430;9;1;1;1
250890146501;250890151050;4549;9;1;1;1
250890151050;250890166350;15300;9;1;1;1
250890166350;250890173569;7219;9;1;1;1
250890173569;250890176454;2885;9;1;1;1
250890176454;250890177549;1095;9;1;1;1
250890177549;250890178663;1114;9;1;1;1
250890178663;250890181187;2524;9;1;1;1
250890181187;250890194568;13381;9;1;1;1
250890194568;250890195610;1042;9;1;1;1
250890195610;250890210440;14830;9;1;1;1
250890210440;250890211519;1079;9;1;1;1
250890211519;250890223602;12083;9;1;1;1
250890223602;250890235065;11463;9;1;1;1
250890235065;250890271001;35936;9;1;1;1
250890271001;250890272365;1364;9;1;1;1
250890272365;250890273060;695;9;1;1;1
250890273060;250890284499;11439;9;1;1;1
250890284499;250890284565;66;9;1;1;1
250890284565;250890308509;23944;9;1;1;1
250890308509;250890319936;11427;9;1;1;1
250890319936;250890321486;1550;9;1;1;1
250890321486;250890324209;2723;9;1;1;1
250890324209;250890326909;2700;9;1;1;1
250890326909;250890327542;633;9;1;1;1
250890327542;250890329467;1925;9;1;1;1
250890329467;250890329509;42;9;1;1;1
250890329509;250890332000;2491;9;1;1;1
250890332000;250890332021;21;9;1;1;1
250890332021;250890333521;1500;9;1;1;1
250890333521;250890334317;796;9;1;1;1
250890334317;250890338657;4340;9;1;1;1
250890338657;250890338824;167;9;1;1;1
250890338824;250890338876;52;9;1;1;1
250890338876;250890341253;2377;9;1;1;1
250890341253;250890346461;5208;9;1;1;1
250890346461;250890348101;1640;9;1;1;1
250890348101;250890359170;11069;9;1;1;1
250890359170;250890361351;2181;9;1;1;1
250890361351;250890362824;1473;9;1;1;1
250890362824;250890367005;4181;9;1;1;1
250890367005;250890367693;688;9;1;1;1
250890367693;250890381345;13652;9;1;1;1
250890381345;250890383195;1850;9;1;1;1
250890383195;250890394031;10836;9;1;1;1
250890394031;250890401335;7304;9;1;1;1
250890401335;250890401735;400;9;1;1;1
250890401735;250890402589;854;9;1;1;1
250890402589;250890402907;318;9;1;1;1
250890402907;250890406505;3598;9;1;1;1
250890406505;250890419028;12523;9;1;1;1
250890419028;250890419167;139;9;1;1;1
250890419167;250890435671;16504;9;1;1;1
250890435671;250890438738;3067;9;1;1;1
250890438738;250890448583;9845;9;1;1;1
250890448583;250890461108;12525;9;1;1;1
250890461108;250890470357;9249;9;1;1;1
250890470357;250890474863;4506;9;1;1;1
250890474863;250890475232;369;9;1;1;1
250890475232;250890479030;3798;9;1;1;1
250890479030;250890480103;1073;9;1;1;1
250890480103;250890483484;3381;9;1;1;1
250890483484;250890483623;139;9;1;1;1
250890483623;250890486893;3270;9;1;1;1
250890486893;250890488348;1455;9;1;1;1
250890488348;250890488624;276;9;1;1;1
250890488624;250890492683;4059;9;1;1;1
250890492683;250890493976;1293;9;1;1;1
250890493976;250890497189;3213;9;1;1;1
250890497189;250890498138;949;9;1;1;1
250890498138;250890500086;1948;9;1;1;1
250890500086;250890500122;36;9;1;1;1
250890500122;250890505116;4994;9;1;1;1
250890505116;250890505229;113;9;1;1;1
250890505229;250890505854;625;9;1;1;1
250890505854;250890505944;90;9;1;1;1
250890505944;250890507769;1825;9;1;1;1
250890507769;250890508830;1061;9;1;1;1
250890508830;250890516795;7965;9;1;1;1
250890516795;250890520249;3454;9;1;1;1
250890520249;250890520488;239;9;1;1;1
250890520488;250890520790;302;9;1;1;1
250890520790;250890522688;1898;9;1;1;1
250890522688;250890522880;192;9;1;1;1
250890522880;250890523432;552;9;1;1;1
250890523432;250890524113;681;9;1;1;1
250890524113;250890525333;1220;9;1;1;1
250890525333;250890529948;4615;9;1;1;1
250890529948;250890533992;4044;9;1;1;1
250890533992;250890539266;5274;9;1;1;1
250890539266;250890539318;52;9;1;1;1
250890539318;250890549814;10496;9;1;1;1
250890549814;250890550961;1147;9;1;1;1
250890550961;250890553846;2885;9;1;1;1
250890553846;250890556040;2194;9;1;1;1
250890556040;250890559484;3444;9;1;1;1
250890559484;250890559973;489;9;1;1;1
250890559973;250890565486;5513;9;1;1;1
250890565486;250890567262;1776;9;1;1;1
250890567262;250890569408;2146;9;1;1;1
250890569408;250890575809;6401;9;1;1;1
250890575809;250890581682;5873;9;1;1;1
250890581682;250890582839;1157;9;1;1;1
250890582839;250890584352;1513;9;1;1;1
250890584352;250890585521;1169;9;1;1;1
250890585521;250890589912;4391;9;1;1;1
250890589912;250890592393;2481;9;1;1;1
250890592393;250890596776;4383;9;1;1;1
250890596776;250890602574;5798;9;1;1;1
250890602574;250890602598;24;9;1;1;1
250890602598;250890602875;277;9;1;1;1
250890602875;250890603915;1040;9;1;1;1
250890603915;250890610739;6824;9;1;1;1
250890610739;250890612613;1874;9;1;1;1
250890612613;250890616270;3657;9;1;1;1
250890616270;250890619013;2743;9;1;1;1
250890619013;250890621336;2323;9;1;1;1
250890621336;250890621727;391;9;1;1;1
250890621727;250890622225;498;9;1;1;1
250890622225;250890623993;1768;9;1;1;1
250890623993;250890624159;166;9;1;1;1
250890624159;250890626139;1980;9;1;1;1
250890626139;250890627149;1010;9;1;1;1
250890627149;250890639825;12676;9;1;1;1
250890639825;250890640259;434;9;1;1;1
250890640259;250890644108;3849;9;1;1;1
250890644108;250890644581;473;9;1;1;1
250890644581;250890648992;4411;9;1;1;1
250890648992;250890649540;548;9;1;1;1
250890649540;250890649743;203;9;1;1;1
250890649743;250890650519;776;9;1;1;1
250890650519;250890652812;2293;9;1;1;1
250890652812;250890652862;50;9;1;1;1
250890652862;250890654457;1595;9;1;1;1
250890654457;250890654506;49;9;1;1;1
250890654506;250890658577;4071;9;1;1;1
250890658577;250890661866;3289;9;1;1;1
250890661866;250890663192;1326;9;1;1;1
250890663192;250890663347;155;9;1;1;1
250890663347;250890675659;12312;9;1;1;1
250890675659;250890677052;1393;9;1;1;1
250890677052;250890686256;9204;9;1;1;1
250890686256;250890686787;531;9;1;1;1
250890686787;250890688307;1520;9;1;1;1
250890688307;250890690229;1922;9;1;1;1
250890690229;250890694036;3807;9;1;1;1
250890694036;250890694262;226;9;1;1;1
250890694262;250890695198;936;9;1;1;1
250890695198;250890697461;2263;9;1;1;1
250890697461;250890698207;746;9;1;1;1
250890698207;250890698447;240;9;1;1;1
250890698447;250890700324;1877;9;1;1;1
250890700324;250890703219;2895;9;1;1;1
250890703219;250890704900;1681;9;1;1;1
250890704900;250890706897;1997;9;1;1;1
250890706897;250890707389;492;9;1;1;1
250890707389;250890709588;2199;9;1;1;1
250890709588;250890712080;2492;9;1;1;1
250890712080;250890713426;1346;9;1;1;1
250890713426;250890713903;477;9;1;1;1
250890713903;250890714202;299;9;1;1;1
250890714202;250890715813;1611;9;1;1;1
250890715813;250890716219;406;9;1;1;1
250890716219;250890718243;2024;9;1;1;1
250890718243;250890720643;2400;9;1;1;1
250890720643;250890721035;392;9;1;1;1
250890721035;250890724928;3893;9;1;1;1
250890724928;250890727424;2496;9;1;1;1
250890727424;250890733562;6138;9;1;1;1
250890733562;250890734918;1356;9;1;1;1
250890734918;250890735297;379;9;1;1;1
250890735297;250890737088;1791;9;1;1;1
250890737088;250890739809;2721;9;1;1;1
250890739809;250890743924;4115;9;1;1;1
250890743924;250890744155;231;9;1;1;1
250890744155;250890747321;3166;9;1;1;1
250890747321;250890765974;18653;9;1;1;1
250890765974;250890769673;3699;9;1;1;1
250890769673;250890775266;5593;9;1;1;1
250890775266;250890779830;4564;9;1;1;1
250890779830;250890785555;5725;9;1;1;1
250890785555;250890786371;816;9;1;1;1
250890786371;250890786400;29;9;1;1;1
250890786400;250890786907;507;9;1;1;1
250890786907;250890788900;1993;9;1;1;1
250890788900;250890792194;3294;9;1;1;1
250890792194;250890806752;14558;9;1;1;1
250890806752;250890806817;65;9;1;1;1
250890806817;250890808332;1515;9;1;1;1
250890808332;250890809290;958;9;1;1;1
250890809290;250890809665;375;9;1;1;1
250890809665;250890810669;1004;9;1;1;1
250890810669;250890811970;1301;9;1;1;1
250890811970;250890811991;21;9;1;1;1
250890811991;250890812100;109;9;1;1;1
250890812100;250890812356;256;9;1;1;1
250890812356;250890815154;2798;9;1;1;1
250890815154;250890818624;3470;9;1;1;1
250890818624;250890821669;3045;9;1;1;1
250890821669;250890821729;60;9;1;1;1
250890821729;250890821777;48;9;1;1;1
250890821777;250890822258;481;9;1;1;1
250890822258;250890823859;1601;9;1;1;1
250890823859;250890825526;1667;9;1;1;1
250890825526;250890826986;1460;9;1;1;1
250890826986;250890827693;707;9;1;1;1
250890827693;250890833940;6247;9;1;1;1
250890833940;250890835537;1597;9;1;1;1
250890835537;250890835755;218;9;1;1;1
250890835755;250890842740;6985;9;1;1;1
250890842740;250890847388;4648;9;1;1;1
250890847388;250890848346;958;9;1;1;1
250890848346;250890853470;5124;9;1;1;1
250890853470;250890854292;822;9;1;1;1
250890854292;250890854349;57;9;1;1;1
250890854349;250890860247;5898;9;1;1;1
250890860247;250890860849;602;9;1;1;1
250890860849;250890861337;488;9;1;1;1
250890861337;250890863739;2402;9;1;1;1
250890863739;250890864000;261;9;1;1;1
250890864000;250890870254;6254;9;1;1;1
250890870254;250890873020;2766;9;1;1;1
250890873020;250890877012;3992;9;1;1;1
250890877012;250890877833;821;9;1;1;1
250890877833;250890882279;4446;9;1;1;1
250890882279;250890882535;256;9;1;1;1
250890882535;250890883140;605;9;1;1;1
250890883140;250890883403;263;9;1;1;1
250890883403;250890885596;2193;9;1;1;1
250890885596;250890885897;301;9;1;1;1
250890885897;250890887907;2010;9;1;1;1
250890887907;250890890378;2471;9;1;1;1
250890890378;250890891251;873;9;1;1;1
250890891251;250890891812;561;9;1;1;1
250890891812;250890897860;6048;9;1;1;1
250890897860;250890902050;4190;9;1;1;1
250890902050;250890903985;1935;9;1;1;1
250890903985;250890905697;1712;9;1;1;1
250890905697;250890908201;2504;9;1;1;1
250890908201;250890910308;2107;9;1;1;1
250890910308;250890912752;2444;9;1;1;1
250890912752;250890914760;2008;9;1;1;1
250890914760;250890920588;5828;9;1;1;1
250890920588;250890920683;95;9;1;1;1
250890920683;250890923495;2812;9;1;1;1
250890923495;250890924561;1066;9;1;1;1
250890924561;250890926231;1670;9;1;1;1
250890926231;250890927457;1226;9;1;1;1
250890927457;250890928062;605;9;1;1;1
250890928062;250890931325;3263;9;1;1;1
250890931325;250890932591;1266;9;1;1;1
250890932591;250890933235;644;9;1;1;1
250890933235;250890933458;223;9;1;1;1
250890933458;250890938801;5343;9;1;1;1
250890938801;250890940502;1701;9;1;1;1
250890940502;250890945940;5438;9;1;1;1
250890945940;250890947168;1228;9;1;1;1
250890947168;250890949167;1999;9;1;1;1
250890949167;250890953736;4569;9;1;1;1
250890953736;250890955346;1610;9;1;1;1
250890955346;250890955971;625;9;1;1;1
250890955971;250890957560;1589;9;1;1;1
250890957560;250890960581;3021;9;1;1;1
250890960581;250890961319;738;9;1;1;1
250890961319;250890962692;1373;9;1;1;1
250890962692;250890965325;2633;9;1;1;1
250890965325;250890970048;4723;9;1;1;1
250890970048;250890970466;418;9;1;1;1
250890970466;250890972242;1776;9;1;1;1
250890972242;250890979403;7161;9;1;1;1
250890979403;250890980321;918;9;1;1;1
250890980321;250890980342;21;9;1;1;1
250890980342;250890981233;891;9;1;1;1
250890981233;250890981935;702;9;1;1;1
250890981935;250890983360;1425;9;1;1;1
250890983360;250890984701;1341;9;1;1;1
250890984701;250890985940;1239;9;1;1;1
250890985940;250890986085;145;9;1;1;1
250890986085;250890987078;993;9;1;1;1
250890987078;250890990685;3607;9;1;1;1
250890990685;250890992315;1630;9;1;1;1
250890992315;250890992521;206;9;1;1;1
250890992521;250890994597;2076;9;1;1;1
250890994597;250890998234;3637;9;1;1;1
250890998234;250890998300;66;9;1;1;1
250890998300;250890998462;162;9;1;1;1
250890998462;250891000978;2516;9;1;1;1
250891000978;250891001507;529;9;1;1;1
250891001507;250891003269;1762;9;1;1;1
250891003269;250891004332;1063;9;1;1;1
250891004332;250891006022;1690;9;1;1;1
250891006022;250891007598;1576;9;1;1;1
250891007598;250891009435;1837;9;1;1;1
250891009435;250891010171;736;9;1;1;1
250891010171;250891011445;1274;9;1;1;1
250891011445;250891015035;3590;9;1;1;1
250891015035;250891016176;1141;9;1;1;1
250891016176;250891016811;635;9;1;1;1
250891016811;250891019664;2853;9;1;1;1
250891019664;250891019856;192;9;1;1;1
250891019856;250891019878;22;9;1;1;1
250891019878;250891019935;57;9;1;1;1
250891019935;250891019989;54;9;1;1;1
250891019989;250891020858;869;9;1;1;1
250891020858;250891021154;296;9;1;1;1
250891021154;250891023229;2075;9;1;1;1
250891023229;250891025850;2621;9;1;1;1
250891025850;250891027352;1502;9;1;1;1
250891027352;250891028247;895;9;1;1;1
250891028247;250891031728;3481;9;1;1;1
250891031728;250891032692;964;9;1;1;1
250891032692;250891033570;878;9;1;1;1
250891033570;250891035250;1680;9;1;1;1
250891035250;250891039775;4525;9;1;1;1
250891039775;250891049876;10101;9;1;1;1
250891049876;250891050105;229;9;1;1;1
250891050105;250891052291;2186;9;1;1;1
250891052291;250891055152;2861;9;1;1;1
250891055152;250891055460;308;9;1;1;1
250891055460;250891055673;213;9;1;1;1
250891055673;250891058177;2504;9;1;1;1
250891058177;250891058743;566;9;1;1;1
250891058743;250891059957;1214;9;1;1;1
250891059957;250891063327;3370;9;1;1;1
250891063327;250891063509;182;9;1;1;1
250891063509;250891066970;3461;9;1;1;1
250891066970;250891067499;529;9;1;1;1
250891067499;250891067833;334;9;1;1;1
250891067833;250891068493;660;9;1;1;1
250891068493;250891070615;2122;9;1;1;1
250891070615;250891070724;109;9;1;1;1
250891070724;250891071200;476;9;1;1;1
250891071200;250891072586;1386;9;1;1;1
250891072586;250891073653;1067;9;1;1;1
250891073653;250891073681;28;9;1;1;1
250891073681;250891073709;28;9;1;1;1
250891073709;250891075321;1612;9;1;1;1
250891075321;250891077002;1681;9;1;1;1
250891077002;250891077829;827;9;1;1;1
250891077829;250891077872;43;9;1;1;1
250891077872;250891078367;495;9;1;1;1
250891078367;250891081341;2974;9;1;1;1
250891081341;250891082439;1098;9;1;1;1
250891082439;250891085693;3254;9;1;1;1
250891085693;250891085707;14;9;1;1;1
250891085707;250891087505;1798;9;1;1;1
250891087505;250891089603;2098;9;1;1;1
250891089603;250891092705;3102;9;1;1;1
250891092705;250891093638;933;9;1;1;1
250891093638;250891094118;480;9;1;1;1
250891094118;250891094613;495;9;1;1;1
250891094613;250891097874;3261;9;1;1;1
250891097874;250891100250;2376;9;1;1;1
250891100250;250891100850;600;9;1;1;1
250891100850;250891100892;42;9;1;1;1
250891100892;250891102857;1965;9;1;1;1
250891102857;250891103455;598;9;1;1;1
250891103455;250891103671;216;9;1;1;1
250891103671;250891103860;189;9;1;1;1
250891103860;250891106533;2673;9;1;1;1
250891106533;250891108649;2116;9;1;1;1
250891108649;250891110645;1996;9;1;1;1
250891110645;250891112322;1677;9;1;1;1
250891112322;250891112594;272;9;1;1;1
250891112594;250891112702;108;9;1;1;1
250891112702;250891112938;236;9;1;1;1
250891112938;250891113185;247;9;1;1;1
250891113185;250891114051;866;9;1;1;1
250891114051;250891114500;449;9;1;1;1
250891114500;250891114759;259;9;1;1;1
250891114759;250891117349;2590;9;1;1;1
250891117349;250891118733;1384;9;1;1;1
250891118733;250891122627;3894;9;1;1;1
250891122627;250891122805;178;9;1;1;1
250891122805;250891125245;2440;9;1;1;1
250891125245;250891125837;592;9;1;1;1
250891125837;250891125839;2;9;1;1;1
250891125839;250891126722;883;9;1;1;1
250891126722;250891127837;1115;9;1;1;1
250891127837;250891128512;675;9;1;1;1
250891128512;250891133478;4966;9;1;1;1
250891133478;250891133512;34;9;1;1;1
250891133512;250891136381;2869;9;1;1;1
250891136381;250891137737;1356;9;1;1;1
250891137737;250891138938;1201;9;1;1;1
250891138938;250891139073;135;9;1;1;1
250891139073;250891140443;1370;9;1;1;1
250891140443;250891140495;52;9;1;1;1
250891140495;250891140966;471;9;1;1;1
250891140966;250891141063;97;9;1;1;1
250891141063;250891142609;1546;9;1;1;1
250891142609;250891145702;3093;9;1;1;1
250891145702;250891145939;237;9;1;1;1
250891145939;250891146468;529;9;1;1;1
250891146468;250891146671;203;9;1;1;1
250891146671;250891150661;3990;9;1;1;1
250891150661;250891151360;699;9;1;1;1
250891151360;250891152076;716;9;1;1;1
250891152076;250891152809;733;9;1;1;1
250891152809;250891152886;77;9;1;1;1
250891152886;250891159303;6417;9;1;1;1
250891159303;250891160948;1645;9;1;1;1
250891160948;250891161423;475;9;1;1;1
250891161423;250891161473;50;9;1;1;1
250891161473;250891161932;459;9;1;1;1
250891161932;250891162268;336;9;1;1;1
250891162268;250891163080;812;9;1;1;1
250891163080;250891164245;1165;9;1;1;1
250891164245;250891164886;641;9;1;1;1
250891164886;250891166300;1414;9;1;1;1
250891166300;250891166525;225;9;1;1;1
250891166525;250891167339;814;9;1;1;1
250891167339;250891171469;4130;9;1;1;1
250891171469;250891173887;2418;9;1;1;1
250891173887;250891174847;960;9;1;1;1
250891174847;250891175445;598;9;1;1;1
250891175445;250891176305;860;9;1;1;1
250891176305;250891176678;373;9;1;1;1
250891176678;250891177855;1177;9;1;1;1
250891177855;250891178213;358;9;1;1;1
250891178213;250891180938;2725;9;1;1;1
250891180938;250891181359;421;9;1;1;1
250891181359;250891182518;1159;9;1;1;1
250891182518;250891182759;241;9;1;1;1
250891182759;250891184677;1918;9;1;1;1
250891184677;250891185120;443;9;1;1;1
250891185120;250891185442;322;9;1;1;1
250891185442;250891186288;846;9;1;1;1
250891186288;250891186310;22;9;1;1;1
250891186310;250891186363;53;9;1;1;1
250891186363;250891190974;4611;9;1;1;1
250891190974;250891191071;97;9;1;1;1
250891191071;250891192389;1318;9;1;1;1
250891192389;250891192474;85;9;1;1;1
250891192474;250891192508;34;9;1;1;1
250891192508;250891192606;98;9;1;1;1
250891192606;250891194613;2007;9;1;1;1
250891194613;250891196484;1871;9;1;1;1
250891196484;250891198336;1852;9;1;1;1
250891198336;250891200315;1979;9;1;1;1
250891200315;250891202266;1951;9;1;1;1
250891202266;250891203444;1178;9;1;1;1
250891203444;250891203466;22;9;1;1;1
250891203466;250891203494;28;9;1;1;1
250891203494;250891208699;5205;9;1;1;1
250891208699;250891208790;91;9;1;1;1
250891208790;250891208862;72;9;1;1;1
250891208862;250891210668;1806;9;1;1;1
250891210668;250891212225;1557;9;1;1;1
250891212225;250891212784;559;9;1;1;1
250891212784;250891212843;59;9;1;1;1
250891212843;250891213580;737;9;1;1;1
250891213580;250891215747;2167;9;1;1;1
250891215747;250891218651;2904;9;1;1;1
250891218651;250891218805;154;9;1;1;1
250891218805;250891219110;305;9;1;1;1
250891219110;250891219324;214;9;1;1;1
250891219324;250891220922;1598;9;1;1;1
250891220922;250891221453;531;9;1;1;1
250891221453;250891222021;568;9;1;1;1
250891222021;250891222999;978;9;1;1;1
250891222999;250891223623;624;9;1;1;1
250891223623;250891223699;76;9;1;1;1
250891223699;250891223758;59;9;1;1;1
250891223758;250891224553;795;9;1;1;1
250891224553;250891227244;2691;9;1;1;1
250891227244;250891229916;2672;9;1;1;1
250891229916;250891231199;1283;9;1;1;1
250891231199;250891232577;1378;9;1;1;1
250891232577;250891233531;954;9;1;1;1
250891233531;250891233999;468;9;1;1;1
250891233999;250891234084;85;9;1;1;1
250891234084;250891239067;4983;9;1;1;1
250891239067;250891241227;2160;9;1;1;1
250891241227;250891241265;38;9;1;1;1
250891241265;250891242108;843;9;1;1;1
250891242108;250891242659;551;9;1;1;1
250891242659;250891246237;3578;9;1;1;1
250891246237;250891249098;2861;9;1;1;1
250891249098;250891250969;1871;9;1;1;1
250891250969;250891251399;430;9;1;1;1
250891251399;250891251955;556;9;1;1;1
250891251955;250891252836;881;9;1;1;1
250891252836;250891253339;503;9;1;1;1
250891253339;250891253501;162;9;1;1;1
250891253501;250891253575;74;9;1;1;1
250891253575;250891254088;513;9;1;1;1
250891254088;250891254329;241;9;1;1;1
250891254329;250891254800;471;9;1;1;1
250891254800;250891255442;642;9;1;1;1
250891255442;250891255482;40;9;1;1;1
250891255482;250891255874;392;9;1;1;1
250891255874;250891256408;534;9;1;1;1
250891256408;250891257228;820;9;1;1;1
250891257228;250891257467;239;9;1;1;1
250891257467;250891259476;2009;9;1;1;1
250891259476;250891260132;656;9;1;1;1
250891260132;250891260748;616;9;1;1;1
250891260748;250891261511;763;9;1;1;1
250891261511;250891263170;1659;9;1;1;1
250891263170;250891264107;937;9;1;1;1
250891264107;250891264141;34;9;1;1;1
250891264141;250891264179;38;9;1;1;1
250891264179;250891264226;47;9;1;1;1
250891264226;250891264409;183;9;1;1;1
250891264409;250891266921;2512;9;1;1;1
250891266921;250891267565;644;9;1;1;1
250891267565;250891267737;172;9;1;1;1
250891267737;250891268128;391;9;1;1;1
250891268128;250891268174;46;9;1;1;1
250891268174;250891269572;1398;9;1;1;1
250891269572;250891269753;181;9;1;1;1
250891269753;250891272193;2440;9;1;1;1
250891272193;250891276263;4070;9;1;1;1
250891276263;250891277805;1542;9;1;1;1
250891277805;250891281933;4128;9;1;1;1
250891281933;250891282246;313;9;1;1;1
250891282246;250891284240;1994;9;1;1;1
250891284240;250891288930;4690;9;1;1;1
250891288930;250891291975;3045;9;1;1;1
250891291975;250891292162;187;9;1;1;1
250891292162;250891295625;3463;9;1;1;1
250891295625;250891298705;3080;9;1;1;1
250891298705;250891299123;418;9;1;1;1
250891299123;250891299329;206;9;1;1;1
250891299329;250891300062;733;9;1;1;1
250891300062;250891300699;637;9;1;1;1
250891300699;250891302422;1723;9;1;1;1
250891302422;250891305313;2891;9;1;1;1
250891305313;250891306150;837;9;1;1;1
250891306150;250891308816;2666;9;1;1;1
250891308816;250891312491;3675;9;1;1;1
250891312491;250891313246;755;9;1;1;1
250891313246;250891314449;1203;9;1;1;1
250891314449;250891314451;2;9;1;1;1
250891314451;250891315644;1193;9;1;1;1
250891315644;250891317572;1928;9;1;1;1
250891317572;250891318348;776;9;1;1;1
250891318348;250891319076;728;9;1;1;1
250891319076;250891319194;118;9;1;1;1
250891319194;250891324504;5310;9;1;1;1
250891324504;250891325232;728;9;1;1;1
250891325232;250891327196;1964;9;1;1;1
250891327196;250891328631;1435;9;1;1;1
250891328631;250891329177;546;9;1;1;1
250891329177;250891331635;2458;9;1;1;1
250891331635;250891333755;2120;9;1;1;1
250891333755;250891333860;105;9;1;1;1
250891333860;250891335339;1479;9;1;1;1
250891335339;250891336567;1228;9;1;1;1
250891336567;250891337906;1339;9;1;1;1
250891337906;250891338236;330;9;1;1;1
250891338236;250891339410;1174;9;1;1;1
250891339410;250891339694;284;9;1;1;1
250891339694;250891339916;222;9;1;1;1
250891339916;250891339946;30;9;1;1;1
250891339946;250891340532;586;9;1;1;1
250891340532;250891340728;196;9;1;1;1
250891340728;250891341046;318;9;1;1;1
250891341046;250891342450;1404;9;1;1;1
250891342450;250891344511;2061;9;1;1;1
250891344511;250891344809;298;9;1;1;1
250891344809;250891349102;4293;9;1;1;1
250891349102;250891350882;1780;9;1;1;1
250891350882;250891352359;1477;9;1;1;1
250891352359;250891352392;33;9;1;1;1
250891352392;250891354762;2370;9;1;1;1
250891354762;250891354995;233;9;1;1;1
250891354995;250891356085;1090;9;1;1;1
250891356085;250891356235;150;9;1;1;1
250891356235;250891356552;317;9;1;1;1
250891356552;250891356574;22;9;1;1;1
250891356574;250891356598;24;9;1;1;1
250891356598;250891357626;1028;9;1;1;1
250891357626;250891357695;69;9;1;1;1
250891357695;250891358146;451;9;1;1;1
250891358146;250891358322;176;9;1;1;1
250891358322;250891358416;94;9;1;1;1
250891358416;250891360444;2028;9;1;1;1
250891360444;250891361364;920;9;1;1;1
250891361364;250891361480;116;9;1;1;1
250891361480;250891362812;1332;9;1;1;1
250891362812;250891364421;1609;9;1;1;1
250891364421;250891366361;1940;9;1;1;1
250891366361;250891366604;243;9;1;1;1
250891366604;250891366731;127;9;1;1;1
250891366731;250891366779;48;9;1;1;1
250891366779;250891367007;228;9;1;1;1
250891367007;250891368911;1904;9;1;1;1
250891368911;250891369111;200;9;1;1;1
250891369111;250891369263;152;9;1;1;1
250891369263;250891369312;49;9;1;1;1
250891369312;250891370826;1514;9;1;1;1
250891370826;250891370979;153;9;1;1;1
250891370979;250891371291;312;9;1;1;1
250891371291;250891371355;64;9;1;1;1
250891371355;250891374763;3408;9;1;1;1
250891374763;250891375059;296;9;1;1;1
250891375059;250891375430;371;9;1;1;1
250891375430;250891376698;1268;9;1;1;1
250891376698;250891378786;2088;9;1;1;1
250891378786;250891380842;2056;9;1;1;1
250891380842;250891381330;488;9;1;1;1
250891381330;250891381500;170;9;1;1;1
250891381500;250891381695;195;9;1;1;1
250891381695;250891382320;625;9;1;1;1
250891382320;250891382551;231;9;1;1;1
250891382551;250891383221;670;9;1;1;1
250891383221;250891386019;2798;9;1;1;1
250891386019;250891386362;343;9;1;1;1
250891386362;250891386516;154;9;1;1;1
250891386516;250891390351;3835;9;1;1;1
250891390351;250891393247;2896;9;1;1;1
250891393247;250891396419;3172;9;1;1;1
250891396419;250891396569;150;9;1;1;1
250891396569;250891396672;103;9;1;1;1
250891396672;250891397570;898;9;1;1;1
250891397570;250891398178;608;9;1;1;1
250891398178;250891398459;281;9;1;1;1
250891398459;250891398587;128;9;1;1;1
250891398587;250891398749;162;9;1;1;1
250891398749;250891399196;447;9;1;1;1
250891399196;250891399393;197;9;1;1;1
250891399393;250891401189;1796;9;1;1;1
250891401189;250891403073;1884;9;1;1;1
250891403073;250891403608;535;9;1;1;1
250891403608;250891403849;241;9;1;1;1
250891403849;250891403893;44;9;1;1;1
250891403893;250891403909;16;9;1;1;1
250891403909;250891406797;2888;9;1;1;1
250891406797;250891407307;510;9;1;1;1
250891407307;250891407362;55;9;1;1;1
250891407362;250891408452;1090;9;1;1;1
250891408452;250891409042;590;9;1;1;1
250891409042;250891409493;451;9;1;1;1
250891409493;250891410113;620;9;1;1;1
250891410113;250891410215;102;9;1;1;1
250891410215;250891410306;91;9;1;1;1
250891410306;250891410596;290;9;1;1;1
250891410596;250891411402;806;9;1;1;1
250891411402;250891412596;1194;9;1;1;1
250891412596;250891414132;1536;9;1;1;1
250891414132;250891414301;169;9;1;1;1
250891414301;250891414417;116;9;1;1;1
250891414417;250891418240;3823;9;1;1;1
250891418240;250891421359;3119;9;1;1;1
250891421359;250891423957;2598;9;1;1;1
250891423957;250891424026;69;9;1;1;1
250891424026;250891424429;403;9;1;1;1
250891424429;250891424798;369;9;1;1;1
250891424798;250891425180;382;9;1;1;1
250891425180;250891425584;404;9;1;1;1
250891425584;250891425648;64;9;1;1;1
250891425648;250891425691;43;9;1;1;1
250891425691;250891431126;5435;9;1;1;1
250891431126;250891431571;445;9;1;1;1
250891431571;250891432641;1070;9;1;1;1
250891432641;250891432735;94;9;1;1;1
250891432735;250891436783;4048;9;1;1;1
250891436783;250891438079;1296;9;1;1;1
250891438079;250891438821;742;9;1;1;1
250891438821;250891439038;217;9;1;1;1
250891439038;250891440736;1698;9;1;1;1
250891440736;250891442575;1839;9;1;1;1
250891442575;250891443320;745;9;1;1;1
250891443320;250891443994;674;9;1;1;1
250891443994;250891444061;67;9;1;1;1
250891444061;250891444409;348;9;1;1;1
250891444409;250891444517;108;9;1;1;1
250891444517;250891444564;47;9;1;1;1
250891444564;250891444745;181;9;1;1;1
250891444745;250891444836;91;9;1;1;1
250891444836;250891444865;29;9;1;1;1
250891444865;250891445136;271;9;1;1;1
250891445136;250891445251;115;9;1;1;1
250891445251;250891445827;576;9;1;1;1
250891445827;250891446690;863;9;1;1;1
250891446690;250891446849;159;9;1;1;1
250891446849;250891447537;688;9;1;1;1
250891447537;250891451701;4164;9;1;1;1
250891451701;250891453983;2282;9;1;1;1
250891453983;250891454048;65;9;1;1;1
250891454048;250891454140;92;9;1;1;1
250891454140;250891455204;1064;9;1;1;1
250891455204;250891455605;401;9;1;1;1
250891455605;250891457241;1636;9;1;1;1
250891457241;250891457710;469;9;1;1;1
250891457710;250891458083;373;9;1;1;1
250891458083;250891458139;56;9;1;1;1
250891458139;250891459117;978;9;1;1;1
250891459117;250891459180;63;9;1;1;1
250891459180;250891459212;32;9;1;1;1
250891459212;250891459299;87;9;1;1;1
250891459299;250891459929;630;9;1;1;1
250891459929;250891462147;2218;9;1;1;1
250891462147;250891463772;1625;9;1;1;1
250891463772;250891464175;403;9;1;1;1
250891464175;250891464422;247;9;1;1;1
250891464422;250891465979;1557;9;1;1;1
250891465979;250891467279;1300;9;1;1;1
250891467279;250891467294;15;9;1;1;1
250891467294;250891468791;1497;9;1;1;1
250891468791;250891469786;995;9;1;1;1
250891469786;250891470322;536;9;1;1;1
250891470322;250891470358;36;9;1;1;1
250891470358;250891471425;1067;9;1;1;1
250891471425;250891472245;820;9;1;1;1
250891472245;250891473483;1238;9;1;1;1
250891473483;250891473519;36;9;1;1;1
250891473519;250891473803;284;9;1;1;1
250891473803;250891475399;1596;9;1;1;1
250891475399;250891475494;95;9;1;1;1
250891475494;250891476058;564;9;1;1;1
250891476058;250891476439;381;9;1;1;1
250891476439;250891477054;615;9;1;1;1
250891477054;250891477777;723;9;1;1;1
250891477777;250891481070;3293;9;1;1;1
250891481070;250891481508;438;9;1;1;1
250891481508;250891482379;871;9;1;1;1
250891482379;250891482531;152;9;1;1;1
250891482531;250891482824;293;9;1;1;1
250891482824;250891482929;105;9;1;1;1
250891482929;250891483794;865;9;1;1;1
250891483794;250891484159;365;9;1;1;1
250891484159;250891484201;42;9;1;1;1
250891484201;250891484239;38;9;1;1;1
250891484239;250891484998;759;9;1;1;1
250891484998;250891485130;132;9;1;1;1
250891485130;250891485887;757;9;1;1;1
250891485887;250891486164;277;9;1;1;1
250891486164;250891486178;14;9;1;1;1
250891486178;250891486239;61;9;1;1;1
250891486239;250891486268;29;9;1;1;1
250891486268;250891486417;149;9;1;1;1
250891486417;250891486993;576;9;1;1;1
250891486993;250891487584;591;9;1;1;1
250891487584;250891488798;1214;9;1;1;1
250891488798;250891488955;157;9;1;1;1
250891488955;250891492450;3495;9;1;1;1
250891492450;250891496436;3986;9;1;1;1
250891496436;250891496955;519;9;1;1;1
250891496955;250891497499;544;9;1;1;1
250891497499;250891498560;1061;9;1;1;1
250891498560;250891500240;1680;9;1;1;1
250891500240;250891501015;775;9;1;1;1
250891501015;250891502441;1426;9;1;1;1
250891502441;250891504095;1654;9;1;1;1
250891504095;250891504156;61;9;1;1;1
250891504156;250891504899;743;9;1;1;1
250891504899;250891504992;93;9;1;1;1
250891504992;250891505179;187;9;1;1;1
250891505179;250891505564;385;9;1;1;1
250891505564;250891506138;574;9;1;1;1
250891506138;250891507472;1334;9;1;1;1
250891507472;250891507998;526;9;1;1;1
250891507998;250891510277;2279;9;1;1;1
250891510277;250891511737;1460;9;1;1;1
250891511737;250891512045;308;9;1;1;1
250891512045;250891512311;266;9;1;1;1
250891512311;250891514673;2362;9;1;1;1
250891514673;250891515279;606;9;1;1;1
250891515279;250891515921;642;9;1;1;1
250891515921;250891518462;2541;9;1;1;1
250891518462;250891518642;180;9;1;1;1
250891518642;250891521083;2441;9;1;1;1
250891521083;250891522989;1906;9;1;1;1
250891522989;250891523007;18;9;1;1;1
250891523007;250891523923;916;9;1;1;1
250891523923;250891524934;1011;9;1;1;1
250891524934;250891524957;23;9;1;1;1
250891524957;250891525803;846;9;1;1;1
250891525803;250891526904;1101;9;1;1;1
250891526904;250891527058;154;9;1;1;1
250891527058;250891528064;1006;9;1;1;1
250891528064;250891528255;191;9;1;1;1
250891528255;250891530677;2422;9;1;1;1
250891530677;250891532259;1582;9;1;1;1
250891532259;250891534344;2085;9;1;1;1
250891534344;250891535461;1117;9;1;1;1
250891535461;250891536052;591;9;1;1;1
250891536052;250891536376;324;9;1;1;1
250891536376;250891536505;129;9;1;1;1
250891536505;250891536707;202;9;1;1;1
250891536707;250891538306;1599;9;1;1;1
250891538306;250891538996;690;9;1;1;1
250891538996;250891539732;736;9;1;1;1
250891539732;250891540476;744;9;1;1;1
250891540476;250891540477;1;9;1;1;1
250891540477;250891540666;189;9;1;1;1
250891540666;250891542195;1529;9;1;1;1
250891542195;250891542300;105;9;1;1;1
250891542300;250891542448;148;9;1;1;1
250891542448;250891543146;698;9;1;1;1
250891543146;250891543704;558;9;1;1;1
250891543704;250891545777;2073;9;1;1;1
250891545777;250891545852;75;9;1;1;1
250891545852;250891546422;570;9;1;1;1
250891546422;250891546642;220;9;1;1;1
250891546642;250891547761;1119;9;1;1;1
250891547761;250891547912;151;9;1;1;1
250891547912;250891550578;2666;9;1;1;1
250891550578;250891550748;170;9;1;1;1
250891550748;250891552152;1404;9;1;1;1
250891552152;250891552439;287;9;1;1;1
250891552439;250891553208;769;9;1;1;1
250891553208;250891553681;473;9;1;1;1
250891553681;250891555562;1881;9;1;1;1
250891555562;250891555777;215;9;1;1;1
250891555777;250891557230;1453;9;1;1;1
250891557230;250891559459;2229;9;1;1;1
250891559459;250891561299;1840;9;1;1;1
250891561299;250891561927;628;9;1;1;1
250891561927;250891563701;1774;9;1;1;1
250891563701;250891563820;119;9;1;1;1
250891563820;250891563844;24;9;1;1;1
250891563844;250891565554;1710;9;1;1;1
250891565554;250891568639;3085;9;1;1;1
250891568639;250891568936;297;9;1;1;1
250891568936;250891569386;450;9;1;1;1
250891569386;250891569499;113;9;1;1;1
250891569499;250891570394;895;9;1;1;1
250891570394;250891571424;1030;9;1;1;1
250891571424;250891572295;871;9;1;1;1
250891572295;250891573544;1249;9;1;1;1
250891573544;250891575092;1548;9;1;1;1
250891575092;250891575216;124;9;1;1;1
250891575216;250891575288;72;9;1;1;1
250891575288;250891576033;745;9;1;1;1
250891576033;250891577223;1190;9;1;1;1
250891577223;250891577881;658;9;1;1;1
250891577881;250891578588;707;9;1;1;1
250891578588;250891579676;1088;9;1;1;1
250891579676;250891580331;655;9;1;1;1
250891580331;250891580722;391;9;1;1;1
250891580722;250891580743;21;9;1;1;1
250891580743;250891580778;35;9;1;1;1
250891580778;250891581190;412;9;1;1;1
250891581190;250891581720;530;9;1;1;1
250891581720;250891582293;573;9;1;1;1
250891582293;250891582567;274;9;1;1;1
250891582567;250891582879;312;9;1;1;1
250891582879;250891583329;450;9;1;1;1
250891583329;250891586938;3609;9;1;1;1
250891586938;250891588191;1253;9;1;1;1
250891588191;250891588252;61;9;1;1;1
250891588252;250891588883;631;9;1;1;1
250891588883;250891589037;154;9;1;1;1
250891589037;250891591324;2287;9;1;1;1
250891591324;250891591848;524;9;1;1;1
250891591848;250891592092;244;9;1;1;1
250891592092;250891592720;628;9;1;1;1
250891592720;250891592957;237;9;1;1;1
250891592957;250891593374;417;9;1;1;1
250891593374;250891596829;3455;9;1;1;1
250891596829;250891598360;1531;9;1;1;1
250891598360;250891598859;499;9;1;1;1
250891598859;250891599041;182;9;1;1;1
250891599041;250891599088;47;9;1;1;1
250891599088;250891600099;1011;9;1;1;1
250891600099;250891601759;1660;9;1;1;1
250891601759;250891603533;1774;9;1;1;1
250891603533;250891603547;14;9;1;1;1
250891603547;250891604093;546;9;1;1;1
250891604093;250891604261;168;9;1;1;1
250891604261;250891604878;617;9;1;1;1
250891604878;250891605584;706;9;1;1;1
250891605584;250891606333;749;9;1;1;1
250891606333;250891606511;178;9;1;1;1
250891606511;250891607817;1306;9;1;1;1
250891607817;250891608329;512;9;1;1;1
250891608329;250891608389;60;9;1;1;1
250891608389;250891608662;273;9;1;1;1
250891608662;250891608780;118;9;1;1;1
250891608780;250891608832;52;9;1;1;1
250891608832;250891610882;2050;9;1;1;1
250891610882;250891611112;230;9;1;1;1
250891611112;250891612244;1132;9;1;1;1
250891612244;250891613186;942;9;1;1;1
250891613186;250891613917;731;9;1;1;1
250891613917;250891620850;6933;9;1;1;1
250891620850;250891621585;735;9;1;1;1
250891621585;250891621715;130;9;1;1;1
250891621715;250891621887;172;9;1;1;1
250891621887;250891621963;76;9;1;1;1
250891621963;250891622036;73;9;1;1;1
250891622036;250891622365;329;9;1;1;1
250891622365;250891622516;151;9;1;1;1
250891622516;250891622793;277;9;1;1;1
250891622793;250891624832;2039;9;1;1;1
250891624832;250891625041;209;9;1;1;1
250891625041;250891625976;935;9;1;1;1
250891625976;250891626254;278;9;1;1;1
250891626254;250891630599;4345;9;1;1;1
250891630599;250891630769;170;9;1;1;1
250891630769;250891633208;2439;9;1;1;1
250891633208;250891633396;188;9;1;1;1
250891633396;250891633480;84;9;1;1;1
250891633480;250891633639;159;9;1;1;1
250891633639;250891633970;331;9;1;1;1
250891633970;250891634094;124;9;1;1;1
250891634094;250891634221;127;9;1;1;1
250891634221;250891634500;279;9;1;1;1
250891634500;250891634545;45;9;1;1;1
250891634545;250891638200;3655;9;1;1;1
250891638200;250891638938;738;9;1;1;1
250891638938;250891640137;1199;9;1;1;1
250891640137;250891640160;23;9;1;1;1
250891640160;250891640507;347;9;1;1;1
250891640507;250891640579;72;9;1;1;1
250891640579;250891641226;647;9;1;1;1
250891641226;250891643172;1946;9;1;1;1
250891643172;250891643240;68;9;1;1;1
250891643240;250891643472;232;9;1;1;1
250891643472;250891643670;198;9;1;1;1
250891643670;250891645660;1990;9;1;1;1
250891645660;250891646061;401;9;1;1;1
250891646061;250891646236;175;9;1;1;1
250891646236;250891646418;182;9;1;1;1
250891646418;250891646505;87;9;1;1;1
250891646505;250891646929;424;9;1;1;1
250891646929;250891647022;93;9;1;1;1
250891647022;250891648194;1172;9;1;1;1
250891648194;250891648322;128;9;1;1;1
250891648322;250891648403;81;9;1;1;1
250891648403;250891649319;916;9;1;1;1
250891649319;250891650065;746;9;1;1;1
250891650065;250891650284;219;9;1;1;1
250891650284;250891651224;940;9;1;1;1
250891651224;250891651415;191;9;1;1;1
250891651415;250891653391;1976;9;1;1;1
250891653391;250891654177;786;9;1;1;1
250891654177;250891655009;832;9;1;1;1
250891655009;250891656205;1196;9;1;1;1
250891656205;250891657567;1362;9;1;1;1
250891657567;250891658738;1171;9;1;1;1
250891658738;250891658939;201;9;1;1;1
250891658939;250891661670;2731;9;1;1;1
250891661670;250891661725;55;9;1;1;1
250891661725;250891662081;356;9;1;1;1
250891662081;250891662165;84;9;1;1;1
250891662165;250891664915;2750;9;1;1;1
250891664915;250891665862;947;9;1;1;1
250891665862;250891666186;324;9;1;1;1
250891666186;250891667505;1319;9;1;1;1
250891667505;250891667666;161;9;1;1;1
250891667666;250891667942;276;9;1;1;1
250891667942;250891671257;3315;9;1;1;1
250891671257;250891673050;1793;9;1;1;1
250891673050;250891673510;460;9;1;1;1
250891673510;250891676522;3012;9;1;1;1
250891676522;250891678455;1933;9;1;1;1
250891678455;250891679707;1252;9;1;1;1
250891679707;250891680217;510;9;1;1;1
250891680217;250891681355;1138;9;1;1;1
250891681355;250891682737;1382;9;1;1;1
250891682737;250891683225;488;9;1;1;1
250891683225;250891683286;61;9;1;1;1
250891683286;250891684021;735;9;1;1;1
250891684021;250891684910;889;9;1;1;1
250891684910;250891686127;1217;9;1;1;1
250891686127;250891686236;109;9;1;1;1
250891686236;250891688197;1961;9;1;1;1
250891688197;250891688791;594;9;1;1;1
250891688791;250891690039;1248;9;1;1;1
250891690039;250891690095;56;9;1;1;1
250891690095;250891690134;39;9;1;1;1
250891690134;250891692808;2674;9;1;1;1
250891692808;250891693586;778;9;1;1;1
250891693586;250891694910;1324;9;1;1;1
250891694910;250891695225;315;9;1;1;1
250891695225;250891695470;245;9;1;1;1
250891695470;250891695796;326;9;1;1;1
250891695796;250891696774;978;9;1;1;1
250891696774;250891697570;796;9;1;1;1
250891697570;250891697833;263;9;1;1;1
250891697833;250891698355;522;9;1;1;1
250891698355;250891701598;3243;9;1;1;1
250891701598;250891702402;804;9;1;1;1
250891702402;250891704629;2227;9;1;1;1
250891704629;250891704704;75;9;1;1;1
250891704704;250891704752;48;9;1;1;1
250891704752;250891704834;82;9;1;1;1
250891704834;250891705009;175;9;1;1;1
250891705009;250891705075;66;9;1;1;1
250891705075;250891705855;780;9;1;1;1
250891705855;250891706208;353;9;1;1;1
250891706208;250891706268;60;9;1;1;1
250891706268;250891706820;552;9;1;1;1
250891706820;250891707128;308;9;1;1;1
250891707128;250891707561;433;9;1;1;1
250891707561;250891708129;568;9;1;1;1
250891708129;250891708222;93;9;1;1;1
250891708222;250891711578;3356;9;1;1;1
250891711578;250891711689;111;9;1;1;1
250891711689;250891711915;226;9;1;1;1
250891711915;250891712655;740;9;1;1;1
250891712655;250891713848;1193;9;1;1;1
250891713848;250891714496;648;9;1;1;1
250891714496;250891716407;1911;9;1;1;1
250891716407;250891716486;79;9;1;1;1
250891716486;250891716599;113;9;1;1;1
250891716599;250891716856;257;9;1;1;1
250891716856;250891716911;55;9;1;1;1
250891716911;250891717181;270;9;1;1;1
250891717181;250891717390;209;9;1;1;1
250891717390;250891717568;178;9;1;1;1
250891717568;250891718227;659;9;1;1;1
250891718227;250891718404;177;9;1;1;1
250891718404;250891718564;160;9;1;1;1
250891718564;250891718619;55;9;1;1;1
250891718619;250891718882;263;9;1;1;1
250891718882;250891719108;226;9;1;1;1
250891719108;250891719759;651;9;1;1;1
250891719759;250891719947;188;9;1;1;1
250891719947;250891720445;498;9;1;1;1
250891720445;250891722022;1577;9;1;1;1
250891722022;250891722984;962;9;1;1;1
250891722984;250891724984;2000;9;1;1;1
250891724984;250891726064;1080;9;1;1;1
250891726064;250891726809;745;9;1;1;1
250891726809;250891727084;275;9;1;1;1
250891727084;250891727989;905;9;1;1;1
250891727989;250891729778;1789;9;1;1;1
250891729778;250891730069;291;9;1;1;1
250891730069;250891730098;29;9;1;1;1
250891730098;250891731808;1710;9;1;1;1
250891731808;250891732095;287;9;1;1;1
250891732095;250891735078;2983;9;1;1;1
250891735078;250891735247;169;9;1;1;1
250891735247;250891735717;470;9;1;1;1
250891735717;250891736898;1181;9;1;1;1
250891736898;250891737371;473;9;1;1;1
250891737371;250891740803;3432;9;1;1;1
250891740803;250891741637;834;9;1;1;1
250891741637;250891743277;1640;9;1;1;1
250891743277;250891745127;1850;9;1;1;1
250891745127;250891745159;32;9;1;1;1
250891745159;250891747440;2281;9;1;1;1
250891747440;250891748277;837;9;1;1;1
250891748277;250891748348;71;9;1;1;1
250891748348;250891748686;338;9;1;1;1
250891748686;250891748783;97;9;1;1;1
250891748783;250891749103;320;9;1;1;1
250891749103;250891749171;68;9;1;1;1
250891749171;250891750316;1145;9;1;1;1
250891750316;250891751033;717;9;1;1;1
250891751033;250891751343;310;9;1;1;1
250891751343;250891752662;1319;9;1;1;1
250891752662;250891754208;1546;9;1;1;1
250891754208;250891754401;193;9;1;1;1
250891754401;250891755441;1040;9;1;1;1
250891755441;250891755905;464;9;1;1;1
250891755905;250891756234;329;9;1;1;1
250891756234;250891756893;659;9;1;1;1
250891756893;250891757264;371;9;1;1;1
250891757264;250891757483;219;9;1;1;1
250891757483;250891757649;166;9;1;1;1
250891757649;250891758398;749;9;1;1;1
250891758398;250891758621;223;9;1;1;1
250891758621;250891760739;2118;9;1;1;1
250891760739;250891760936;197;9;1;1;1
250891760936;250891761021;85;9;1;1;1
250891761021;250891762379;1358;9;1;1;1
250891762379;250891762421;42;9;1;1;1
250891762421;250891763107;686;9;1;1;1
250891763107;250891766106;2999;9;1;1;1
250891766106;250891767150;1044;9;1;1;1
250891767150;250891768204;1054;9;1;1;1
250891768204;250891768576;372;9;1;1;1
250891768576;250891769121;545;9;1;1;1
250891769121;250891769206;85;9;1;1;1
250891769206;250891769417;211;9;1;1;1
250891769417;250891769841;424;9;1;1;1
250891769841;250891770721;880;9;1;1;1
250891770721;250891771377;656;9;1;1;1
250891771377;250891771383;6;9;1;1;1
250891771383;250891771842;459;9;1;1;1
250891771842;250891772812;970;9;1;1;1
250891772812;250891774492;1680;9;1;1;1
250891774492;250891774940;448;9;1;1;1
250891774940;250891775268;328;9;1;1;1
250891775268;250891775292;24;9;1;1;1
250891775292;250891776428;1136;9;1;1;1
250891776428;250891777351;923;9;1;1;1
250891777351;250891777783;432;9;1;1;1
250891777783;250891778696;913;9;1;1;1
250891778696;250891778704;8;9;1;1;1
250891778704;250891778851;147;9;1;1;1
250891778851;250891778982;131;9;1;1;1
250891778982;250891779832;850;9;1;1;1
250891779832;250891780763;931;9;1;1;1
250891780763;250891781729;966;9;1;1;1
250891781729;250891781775;46;9;1;1;1
250891781775;250891781856;81;9;1;1;1
250891781856;250891783125;1269;9;1;1;1
250891783125;250891783677;552;9;1;1;1
250891783677;250891784461;784;9;1;1;1
250891784461;250891784625;164;9;1;1;1
250891784625;250891784651;26;9;1;1;1
250891784651;250891785424;773;9;1;1;1
250891785424;250891785482;58;9;1;1;1
250891785482;250891785636;154;9;1;1;1
250891785636;250891786605;969;9;1;1;1
250891786605;250891788415;1810;9;1;1;1
250891788415;250891788662;247;9;1;1;1
250891788662;250891788814;152;9;1;1;1
250891788814;250891789081;267;9;1;1;1
250891789081;250891790033;952;9;1;1;1
250891790033;250891790290;257;9;1;1;1
250891790290;250891790995;705;9;1;1;1
250891790995;250891792141;1146;9;1;1;1
250891792141;250891793056;915;9;1;1;1
250891793056;250891793668;612;9;1;1;1
250891793668;250891794020;352;9;1;1;1
250891794020;250891794715;695;9;1;1;1
250891794715;250891795702;987;9;1;1;1
250891795702;250891795778;76;9;1;1;1
250891795778;250891795836;58;9;1;1;1
250891795836;250891799682;3846;9;1;1;1
250891799682;250891801738;2056;9;1;1;1
250891801738;250891801862;124;9;1;1;1
250891801862;250891802488;626;9;1;1;1
250891802488;250891803919;1431;9;1;1;1
250891803919;250891805832;1913;9;1;1;1
250891805832;250891806397;565;9;1;1;1
250891806397;250891806880;483;9;1;1;1
250891806880;250891807191;311;9;1;1;1
250891807191;250891807659;468;9;1;1;1
250891807659;250891807709;50;9;1;1;1
250891807709;250891807837;128;9;1;1;1
250891807837;250891808639;802;9;1;1;1
250891808639;250891809775;1136;9;1;1;1
250891809775;250891810088;313;9;1;1;1
250891810088;250891810803;715;9;1;1;1
250891810803;250891810920;117;9;1;1;1
250891810920;250891811037;117;9;1;1;1
250891811037;250891811111;74;9;1;1;1
250891811111;250891811340;229;9;1;1;1
250891811340;250891811396;56;9;1;1;1
250891811396;250891812307;911;9;1;1;1
250891812307;250891814094;1787;9;1;1;1
250891814094;250891814174;80;9;1;1;1
250891814174;250891814226;52;9;1;1;1
250891814226;250891814444;218;9;1;1;1
250891814444;250891815166;722;9;1;1;1
250891815166;250891815388;222;9;1;1;1
250891815388;250891818081;2693;9;1;1;1
250891818081;250891818313;232;9;1;1;1
250891818313;250891818340;27;9;1;1;1
250891818340;250891819158;818;9;1;1;1
250891819158;250891819578;420;9;1;1;1
250891819578;250891819932;354;9;1;1;1
250891819932;250891821942;2010;9;1;1;1
250891821942;250891823840;1898;9;1;1;1
250891823840;250891824593;753;9;1;1;1
250891824593;250891824829;236;9;1;1;1
250891824829;250891825012;183;9;1;1;1
250891825012;250891825241;229;9;1;1;1
250891825241;250891826962;1721;9;1;1;1
250891826962;250891827017;55;9;1;1;1
250891827017;250891828409;1392;9;1;1;1
250891828409;250891828501;92;9;1;1;1
250891828501;250891829076;575;9;1;1;1
250891829076;250891829577;501;9;1;1;1
250891829577;250891829912;335;9;1;1;1
250891829912;250891832321;2409;9;1;1;1
250891832321;250891833201;880;9;1;1;1
250891833201;250891834561;1360;9;1;1;1
250891834561;250891837160;2599;9;1;1;1
250891837160;250891837815;655;9;1;1;1
250891837815;250891838338;523;9;1;1;1
250891838338;250891840121;1783;9;1;1;1
250891840121;250891840560;439;9;1;1;1
250891840560;250891840657;97;9;1;1;1
250891840657;250891841372;715;9;1;1;1
250891841372;250891842505;1133;9;1;1;1
250891842505;250891844105;1600;9;1;1;1
250891844105;250891844962;857;9;1;1;1
250891844962;250891845469;507;9;1;1;1
250891845469;250891846644;1175;9;1;1;1
250891846644;250891847169;525;9;1;1;1
250891847169;250891847838;669;9;1;1;1
250891847838;250891848502;664;9;1;1;1
250891848502;250891848525;23;9;1;1;1
250891848525;250891848558;33;9;1;1;1
250891848558;250891851965;3407;9;1;1;1
250891851965;250891852769;804;9;1;1;1
250891852769;250891853884;1115;9;1;1;1
250891853884;250891853932;48;9;1;1;1
250891853932;250891855182;1250;9;1;1;1
250891855182;250891856840;1658;9;1;1;1
250891856840;250891857921;1081;9;1;1;1
250891857921;250891858518;597;9;1;1;1
250891858518;250891860059;1541;9;1;1;1
250891860059;250891860971;912;9;1;1;1
250891860971;250891861807;836;9;1;1;1
250891861807;250891862190;383;9;1;1;1
250891862190;250891862432;242;9;1;1;1
250891862432;250891865152;2720;9;1;1;1
250891865152;250891866113;961;9;1;1;1
250891866113;250891866803;690;9;1;1;1
250891866803;250891867808;1005;9;1;1;1
250891867808;250891867862;54;9;1;1;1
250891867862;250891867905;43;9;1;1;1
250891867905;250891869031;1126;9;1;1;1
250891869031;250891869393;362;9;1;1;1
250891869393;250891869605;212;9;1;1;1
250891869605;250891869993;388;9;1;1;1
250891869993;250891870081;88;9;1;1;1
250891870081;250891870088;7;9;1;1;1
250891870088;250891872059;1971;9;1;1;1
250891872059;250891872144;85;9;1;1;1
250891872144;250891872528;384;9;1;1;1
250891872528;250891872765;237;9;1;1;1
250891872765;250891872802;37;9;1;1;1
250891872802;250891875117;2315;9;1;1;1
250891875117;250891875901;784;9;1;1;1
250891875901;250891876157;256;9;1;1;1
250891876157;250891876767;610;9;1;1;1
250891876767;250891876959;192;9;1;1;1
250891876959;250891877139;180;9;1;1;1
250891877139;250891877683;544;9;1;1;1
250891877683;250891877996;313;9;1;1;1
250891877996;250891878074;78;9;1;1;1
250891878074;250891878218;144;9;1;1;1
250891878218;250891878839;621;9;1;1;1
250891878839;250891879430;591;9;1;1;1
250891879430;250891879490;60;9;1;1;1
250891879490;250891880240;750;9;1;1;1
250891880240;250891880331;91;9;1;1;1
250891880331;250891880729;398;9;1;1;1
250891880729;250891882928;2199;9;1;1;1
250891882928;250891883230;302;9;1;1;1
250891883230;250891884957;1727;9;1;1;1
250891884957;250891885972;1015;9;1;1;1
250891885972;250891889568;3596;9;1;1;1
250891889568;250891889755;187;9;1;1;1
250891889755;250891890611;856;9;1;1;1
250891890611;250891891228;617;9;1;1;1
250891891228;250891892254;1026;9;1;1;1
250891892254;250891892773;519;9;1;1;1
250891892773;250891893450;677;9;1;1;1
250891893450;250891894529;1079;9;1;1;1
250891894529;250891895423;894;9;1;1;1
250891895423;250891898113;2690;9;1;1;1
250891898113;250891899275;1162;9;1;1;1
250891899275;250891900716;1441;9;1;1;1
250891900716;250891900867;151;9;1;1;1
250891900867;250891900914;47;9;1;1;1
250891900914;250891901080;166;9;1;1;1
250891901080;250891901948;868;9;1;1;1
250891901948;250891902073;125;9;1;1;1
250891902073;250891902324;251;9;1;1;1
250891902324;250891902568;244;9;1;1;1
250891902568;250891902589;21;9;1;1;1
250891902589;250891904535;1946;9;1;1;1
250891904535;250891904545;10;9;1;1;1
250891904545;250891904937;392;9;1;1;1
250891904937;250891905638;701;9;1;1;1
250891905638;250891906128;490;9;1;1;1
250891906128;250891906526;398;9;1;1;1
250891906526;250891908163;1637;9;1;1;1
250891908163;250891908404;241;9;1;1;1
250891908404;250891909432;1028;9;1;1;1
250891909432;250891910541;1109;9;1;1;1
250891910541;250891912560;2019;9;1;1;1
250891912560;250891913155;595;9;1;1;1
250891913155;250891913493;338;9;1;1;1
250891913493;250891916790;3297;9;1;1;1
250891916790;250891917148;358;9;1;1;1
250891917148;250891917508;360;9;1;1;1
250891917508;250891917711;203;9;1;1;1
250891917711;250891918566;855;9;1;1;1
250891918566;250891918643;77;9;1;1;1
250891918643;250891918937;294;9;1;1;1
250891918937;250891919301;364;9;1;1;1
250891919301;250891919786;485;9;1;1;1
250891919786;250891920336;550;9;1;1;1
250891920336;250891920513;177;9;1;1;1
250891920513;250891921183;670;9;1;1;1
250891921183;250891922350;1167;9;1;1;1
250891922350;250891922837;487;9;1;1;1
250891922837;250891922911;74;9;1;1;1
250891922911;250891923100;189;9;1;1;1
250891923100;250891923174;74;9;1;1;1
250891923174;250891923733;559;9;1;1;1
250891923733;250891924308;575;9;1;1;1
250891924308;250891924560;252;9;1;1;1
250891924560;250891925433;873;9;1;1;1
250891925433;250891925681;248;9;1;1;1
250891925681;250891926317;636;9;1;1;1
250891926317;250891926558;241;9;1;1;1
250891926558;250891926822;264;9;1;1;1
250891926822;250891926833;11;9;1;1;1
250891926833;250891927212;379;9;1;1;1
250891927212;250891927553;341;9;1;1;1
250891927553;250891927885;332;9;1;1;1
250891927885;250891927916;31;9;1;1;1
250891927916;250891929066;1150;9;1;1;1
250891929066;250891929572;506;9;1;1;1
250891929572;250891929659;87;9;1;1;1
250891929659;250891930890;1231;9;1;1;1
250891930890;250891934136;3246;9;1;1;1
250891934136;250891934940;804;9;1;1;1
250891934940;250891935351;411;9;1;1;1
250891935351;250891935987;636;9;1;1;1
250891935987;250891938217;2230;9;1;1;1
250891938217;250891938518;301;9;1;1;1
250891938518;250891938561;43;9;1;1;1
250891938561;250891938930;369;9;1;1;1
250891938930;250891939011;81;9;1;1;1
250891939011;250891939035;24;9;1;1;1
250891939035;250891939578;543;9;1;1;1
250891939578;250891940831;1253;9;1;1;1
250891940831;250891941087;256;9;1;1;1
250891941087;250891941984;897;9;1;1;1
250891941984;250891942965;981;9;1;1;1
250891942965;250891945315;2350;9;1;1;1
250891945315;250891945471;156;9;1;1;1
250891945471;250891945921;450;9;1;1;1
250891945921;250891947254;1333;9;1;1;1
250891947254;250891947469;215;9;1;1;1
250891947469;250891947563;94;9;1;1;1
250891947563;250891947660;97;9;1;1;1
250891947660;250891947885;225;9;1;1;1
250891947885;250891947917;32;9;1;1;1
250891947917;250891948020;103;9;1;1;1
250891948020;250891948195;175;9;1;1;1
250891948195;250891949125;930;9;1;1;1
250891949125;250891949291;166;9;1;1;1
250891949291;250891949501;210;9;1;1;1
250891949501;250891950815;1314;9;1;1;1
250891950815;250891951090;275;9;1;1;1
250891951090;250891951127;37;9;1;1;1
250891951127;250891951621;494;9;1;1;1
250891951621;250891951660;39;9;1;1;1
250891951660;250891952472;812;9;1;1;1
250891952472;250891953194;722;9;1;1;1
250891953194;250891953221;27;9;1;1;1
250891953221;250891953470;249;9;1;1;1
250891953470;250891954523;1053;9;1;1;1
250891954523;250891954857;334;9;1;1;1
250891954857;250891955076;219;9;1;1;1
250891955076;250891956203;1127;9;1;1;1
250891956203;250891956738;535;9;1;1;1
250891956738;250891956812;74;9;1;1;1
250891956812;250891957578;766;9;1;1;1
250891957578;250891958284;706;9;1;1;1
250891958284;250891958308;24;9;1;1;1
250891958308;250891958821;513;9;1;1;1
250891958821;250891959445;624;9;1;1;1
250891959445;250891959865;420;9;1;1;1
250891959865;250891960442;577;9;1;1;1
250891960442;250891960671;229;9;1;1;1
250891960671;250891961400;729;9;1;1;1
250891961400;250891962564;1164;9;1;1;1
250891962564;250891962649;85;9;1;1;1
250891962649;250891964654;2005;9;1;1;1
250891964654;250891965892;1238;9;1;1;1
250891965892;250891966478;586;9;1;1;1
250891966478;250891967026;548;9;1;1;1
250891967026;250891968073;1047;9;1;1;1
250891968073;250891968337;264;9;1;1;1
250891968337;250891969543;1206;9;1;1;1
250891969543;250891969712;169;9;1;1;1
250891969712;250891969972;260;9;1;1;1
250891969972;250891970741;769;9;1;1;1
250891970741;250891971650;909;9;1;1;1
250891971650;250891972931;1281;9;1;1;1
250891972931;250891973654;723;9;1;1;1
250891973654;250891974354;700;9;1;1;1
250891974354;250891975116;762;9;1;1;1
250891975116;250891975122;6;9;1;1;1
250891975122;250891975183;61;9;1;1;1
250891975183;250891975450;267;9;1;1;1
250891975450;250891976286;836;9;1;1;1
250891976286;250891976596;310;9;1;1;1
250891976596;250891977189;593;9;1;1;1
250891977189;250891977274;85;9;1;1;1
250891977274;250891977884;610;9;1;1;1
250891977884;250891978184;300;9;1;1;1
250891978184;250891978271;87;9;1;1;1
250891978271;250891978494;223;9;1;1;1
250891978494;250891979608;1114;9;1;1;1
250891979608;250891981281;1673;9;1;1;1
250891981281;250891982698;1417;9;1;1;1
250891982698;250891983174;476;9;1;1;1
250891983174;250891983368;194;9;1;1;1
250891983368;250891983766;398;9;1;1;1
250891983766;250891983813;47;9;1;1;1
250891983813;250891984355;542;9;1;1;1
250891984355;250891986968;2613;9;1;1;1
250891986968;250891987090;122;9;1;1;1
250891987090;250891987566;476;9;1;1;1
250891987566;250891989669;2103;9;1;1;1
250891989669;250891989846;177;9;1;1;1
250891989846;250891992074;2228;9;1;1;1
250891992074;250891992578;504;9;1;1;1
250891992578;250891994140;1562;9;1;1;1
250891994140;250891995320;1180;9;1;1;1
250891995320;250891996689;1369;9;1;1;1
250891996689;250891996934;245;9;1;1;1
250891996934;250891999178;2244;9;1;1;1
250891999178;250892000905;1727;9;1;1;1
250892000905;250892001337;432;9;1;1;1
250892001337;250892001763;426;9;1;1;1
250892001763;250892001880;117;9;1;1;1
250892001880;250892004121;2241;9;1;1;1
250892004121;250892004171;50;9;1;1;1
250892004171;250892004527;356;9;1;1;1
250892004527;250892004826;299;9;1;1;1
250892004826;250892006350;1524;9;1;1;1
250892006350;250892006988;638;9;1;1;1
250892006988;250892007308;320;9;1;1;1
250892007308;250892007404;96;9;1;1;1
250892007404;250892007466;62;9;1;1;1
250892007466;250892007550;84;9;1;1;1
250892007550;250892007725;175;9;1;1;1
250892007725;250892008538;813;9;1;1;1
250892008538;250892009040;502;9;1;1;1
250892009040;250892010606;1566;9;1;1;1
250892010606;250892012392;1786;9;1;1;1
250892012392;250892012515;123;9;1;1;1
250892012515;250892012566;51;9;1;1;1
250892012566;250892012928;362;9;1;1;1
250892012928;250892014074;1146;9;1;1;1
250892014074;250892014363;289;9;1;1;1
250892014363;250892014394;31;9;1;1;1
250892014394;250892014723;329;9;1;1;1
250892014723;250892014904;181;9;1;1;1
250892014904;250892015963;1059;9;1;1;1
250892015963;250892016132;169;9;1;1;1
250892016132;250892016169;37;9;1;1;1
250892016169;250892016300;131;9;1;1;1
250892016300;250892017422;1122;9;1;1;1
250892017422;250892017464;42;9;1;1;1
250892017464;250892017487;23;9;1;1;1
250892017487;250892017624;137;9;1;1;1
250892017624;250892018116;492;9;1;1;1
250892018116;250892019483;1367;9;1;1;1
250892019483;250892020641;1158;9;1;1;1
250892020641;250892020880;239;9;1;1;1
250892020880;250892020976;96;9;1;1;1
250892020976;250892021915;939;9;1;1;1
250892021915;250892021954;39;9;1;1;1
250892021954;250892022906;952;9;1;1;1
250892022906;250892023012;106;9;1;1;1
250892023012;250892023396;384;9;1;1;1
250892023396;250892024264;868;9;1;1;1
250892024264;250892024833;569;9;1;1;1
250892024833;250892025172;339;9;1;1;1
250892025172;250892026198;1026;9;1;1;1
250892026198;250892027613;1415;9;1;1;1
250892027613;250892027903;290;9;1;1;1
250892027903;250892028023;120;9;1;1;1
250892028023;250892028598;575;9;1;1;1
250892028598;250892028710;112;9;1;1;1
250892028710;250892028932;222;9;1;1;1
250892028932;250892029426;494;9;1;1;1
250892029426;250892030474;1048;9;1;1;1
250892030474;250892031640;1166;9;1;1;1
250892031640;250892033843;2203;9;1;1;1
250892033843;250892035766;1923;9;1;1;1
250892035766;250892035883;117;9;1;1;1
250892035883;250892036095;212;9;1;1;1
250892036095;250892036976;881;9;1;1;1
250892036976;250892037572;596;9;1;1;1
250892037572;250892038866;1294;9;1;1;1
250892038866;250892038917;51;9;1;1;1
250892038917;250892038984;67;9;1;1;1
250892038984;250892039180;196;9;1;1;1
250892039180;250892039366;186;9;1;1;1
250892039366;250892039421;55;9;1;1;1
250892039421;250892039474;53;9;1;1;1
250892039474;250892040682;1208;9;1;1;1
250892040682;250892041261;579;9;1;1;1
250892041261;250892041531;270;9;1;1;1
250892041531;250892041787;256;9;1;1;1
250892041787;250892041835;48;9;1;1;1
250892041835;250892043091;1256;9;1;1;1
250892043091;250892043149;58;9;1;1;1
250892043149;250892043518;369;9;1;1;1
250892043518;250892043533;15;9;1;1;1
250892043533;250892044521;988;9;1;1;1
250892044521;250892044866;345;9;1;1;1
250892044866;250892044940;74;9;1;1;1
250892044940;250892046303;1363;9;1;1;1
250892046303;250892046444;141;9;1;1;1
250892046444;250892047531;1087;9;1;1;1
250892047531;250892048658;1127;9;1;1;1
250892048658;250892048790;132;9;1;1;1
250892048790;250892049111;321;9;1;1;1
250892049111;250892049839;728;9;1;1;1
250892049839;250892050389;550;9;1;1;1
250892050389;250892050780;391;9;1;1;1
250892050780;250892050988;208;9;1;1;1
250892050988;250892051491;503;9;1;1;1
250892051491;250892051769;278;9;1;1;1
250892051769;250892051828;59;9;1;1;1
250892051828;250892052182;354;9;1;1;1
250892052182;250892052474;292;9;1;1;1
250892052474;250892052951;477;9;1;1;1
250892052951;250892053744;793;9;1;1;1
250892053744;250892053981;237;9;1;1;1
250892053981;250892054515;534;9;1;1;1
250892054515;250892054608;93;9;1;1;1
250892054608;250892054706;98;9;1;1;1
250892054706;250892054795;89;9;1;1;1
250892054795;250892055843;1048;9;1;1;1
250892055843;250892056027;184;9;1;1;1
250892056027;250892056279;252;9;1;1;1
250892056279;250892056395;116;9;1;1;1
250892056395;250892056803;408;9;1;1;1
250892056803;250892056859;56;9;1;1;1
250892056859;250892057317;458;9;1;1;1
250892057317;250892058032;715;9;1;1;1
250892058032;250892058247;215;9;1;1;1
250892058247;250892058591;344;9;1;1;1
250892058591;250892058707;116;9;1;1;1
250892058707;250892058732;25;9;1;1;1
250892058732;250892058931;199;9;1;1;1
250892058931;250892059154;223;9;1;1;1
250892059154;250892060400;1246;9;1;1;1
250892060400;250892060467;67;9;1;1;1
250892060467;250892061101;634;9;1;1;1
250892061101;250892061218;117;9;1;1;1
250892061218;250892061441;223;9;1;1;1
250892061441;250892061580;139;9;1;1;1
250892061580;250892061895;315;9;1;1;1
250892061895;250892062525;630;9;1;1;1
250892062525;250892062944;419;9;1;1;1
250892062944;250892063625;681;9;1;1;1
250892063625;250892063655;30;9;1;1;1
250892063655;250892064226;571;9;1;1;1
250892064226;250892065487;1261;9;1;1;1
250892065487;250892065541;54;9;1;1;1
250892065541;250892066363;822;9;1;1;1
250892066363;250892066545;182;9;1;1;1
250892066545;250892069295;2750;9;1;1;1
250892069295;250892070054;759;9;1;1;1
250892070054;250892071591;1537;9;1;1;1
250892071591;250892071992;401;9;1;1;1
250892071992;250892072020;28;9;1;1;1
250892072020;250892072048;28;9;1;1;1
250892072048;250892072473;425;9;1;1;1
250892072473;250892072569;96;9;1;1;1
250892072569;250892073178;609;9;1;1;1
250892073178;250892073952;774;9;1;1;1
250892073952;250892074086;134;9;1;1;1
250892074086;250892075082;996;9;1;1;1
250892075082;250892075992;910;9;1;1;1
250892075992;250892076070;78;9;1;1;1
250892076070;250892076152;82;9;1;1;1
250892076152;250892076272;120;9;1;1;1
250892076272;250892076932;660;9;1;1;1
250892076932;250892077988;1056;9;1;1;1
250892077988;250892079498;1510;9;1;1;1
250892079498;250892079841;343;9;1;1;1
250892079841;250892080580;739;9;1;1;1
250892080580;250892080755;175;9;1;1;1
250892080755;250892081049;294;9;1;1;1
250892081049;250892081678;629;9;1;1;1
250892081678;250892082247;569;9;1;1;1
250892082247;250892082303;56;9;1;1;1
250892082303;250892083322;1019;9;1;1;1
250892083322;250892083345;23;9;1;1;1
250892083345;250892083356;11;9;1;1;1
250892083356;250892084610;1254;9;1;1;1
250892084610;250892084701;91;9;1;1;1
250892084701;250892085137;436;9;1;1;1
250892085137;250892085278;141;9;1;1;1
250892085278;250892085388;110;9;1;1;1
250892085388;250892085421;33;9;1;1;1
250892085421;250892086277;856;9;1;1;1
250892086277;250892086736;459;9;1;1;1
250892086736;250892086884;148;9;1;1;1
250892086884;250892087183;299;9;1;1;1
250892087183;250892087238;55;9;1;1;1
250892087238;250892087455;217;9;1;1;1
250892087455;250892087471;16;9;1;1;1
250892087471;250892087951;480;9;1;1;1
250892087951;250892088079;128;9;1;1;1
250892088079;250892088648;569;9;1;1;1
250892088648;250892088727;79;9;1;1;1
250892088727;250892089017;290;9;1;1;1
250892089017;250892089079;62;9;1;1;1
250892089079;250892089315;236;9;1;1;1
250892089315;250892090129;814;9;1;1;1
250892090129;250892091000;871;9;1;1;1
250892091000;250892091542;542;9;1;1;1
250892091542;250892091707;165;9;1;1;1
250892091707;250892091944;237;9;1;1;1
250892091944;250892093371;1427;9;1;1;1
250892093371;250892093434;63;9;1;1;1
250892093434;250892093695;261;9;1;1;1
250892093695;250892093752;57;9;1;1;1
250892093752;250892094565;813;9;1;1;1
250892094565;250892094656;91;9;1;1;1
250892094656;250892095505;849;9;1;1;1
250892095505;250892096175;670;9;1;1;1
250892096175;250892096231;56;9;1;1;1
250892096231;250892096468;237;9;1;1;1
250892096468;250892097419;951;9;1;1;1
250892097419;250892097705;286;9;1;1;1
250892097705;250892099133;1428;9;1;1;1
250892099133;250892100043;910;9;1;1;1
250892100043;250892101141;1098;9;1;1;1
250892101141;250892101199;58;9;1;1;1
250892101199;250892101232;33;9;1;1;1
250892101232;250892101614;382;9;1;1;1
250892101614;250892102041;427;9;1;1;1
250892102041;250892102622;581;9;1;1;1
250892102622;250892103694;1072;9;1;1;1
250892103694;250892104110;416;9;1;1;1
250892104110;250892104133;23;9;1;1;1
250892104133;250892106413;2280;9;1;1;1
250892106413;250892106613;200;9;1;1;1
250892106613;250892106650;37;9;1;1;1
250892106650;250892108684;2034;9;1;1;1
250892108684;250892108822;138;9;1;1;1
250892108822;250892108960;138;9;1;1;1
250892108960;250892109888;928;9;1;1;1
250892109888;250892110779;891;9;1;1;1
250892110779;250892111458;679;9;1;1;1
250892111458;250892112524;1066;9;1;1;1
250892112524;250892112652;128;9;1;1;1
250892112652;250892114148;1496;9;1;1;1
250892114148;250892115047;899;9;1;1;1
250892115047;250892116254;1207;9;1;1;1
250892116254;250892116813;559;9;1;1;1
250892116813;250892117175;362;9;1;1;1
250892117175;250892117618;443;9;1;1;1
250892117618;250892117869;251;9;1;1;1
250892117869;250892118067;198;9;1;1;1
250892118067;250892120162;2095;9;1;1;1
250892120162;250892122138;1976;9;1;1;1
250892122138;250892123085;947;9;1;1;1
250892123085;250892123349;264;9;1;1;1
250892123349;250892123688;339;9;1;1;1
250892123688;250892123713;25;9;1;1;1
250892123713;250892123743;30;9;1;1;1
250892123743;250892124034;291;9;1;1;1
250892124034;250892124136;102;9;1;1;1
250892124136;250892124241;105;9;1;1;1
250892124241;250892124347;106;9;1;1;1
250892124347;250892124821;474;9;1;1;1
250892124821;250892125097;276;9;1;1;1
250892125097;250892125110;13;9;1;1;1
250892125110;250892125140;30;9;1;1;1
250892125140;250892125592;452;9;1;1;1
250892125592;250892125642;50;9;1;1;1
250892125642;250892125781;139;9;1;1;1
250892125781;250892126119;338;9;1;1;1
250892126119;250892126363;244;9;1;1;1
250892126363;250892126810;447;9;1;1;1
250892126810;250892126951;141;9;1;1;1
250892126951;250892127282;331;9;1;1;1
250892127282;250892127712;430;9;1;1;1
250892127712;250892127945;233;9;1;1;1
250892127945;250892128332;387;9;1;1;1
250892128332;250892128394;62;9;1;1;1
250892128394;250892128804;410;9;1;1;1
250892128804;250892128951;147;9;1;1;1
250892128951;250892129617;666;9;1;1;1
250892129617;250892129730;113;9;1;1;1
250892129730;250892129782;52;9;1;1;1
250892129782;250892129979;197;9;1;1;1
250892129979;250892130022;43;9;1;1;1
250892130022;250892130057;35;9;1;1;1
250892130057;250892130682;625;9;1;1;1
250892130682;250892130729;47;9;1;1;1
250892130729;250892131040;311;9;1;1;1
250892131040;250892131584;544;9;1;1;1
250892131584;250892132158;574;9;1;1;1
250892132158;250892132347;189;9;1;1;1
250892132347;250892132548;201;9;1;1;1
250892132548;250892132792;244;9;1;1;1
250892132792;250892133096;304;9;1;1;1
250892133096;250892133314;218;9;1;1;1
250892133314;250892133399;85;9;1;1;1
250892133399;250892133690;291;9;1;1;1
250892133690;250892134732;1042;9;1;1;1
250892134732;250892135248;516;9;1;1;1
250892135248;250892135433;185;9;1;1;1
250892135433;250892135483;50;9;1;1;1
250892135483;250892135571;88;9;1;1;1
250892135571;250892135774;203;9;1;1;1
250892135774;250892136804;1030;9;1;1;1
250892136804;250892137089;285;9;1;1;1
250892137089;250892137551;462;9;1;1;1
250892137551;250892137579;28;9;1;1;1
250892137579;250892137612;33;9;1;1;1
250892137612;250892138148;536;9;1;1;1
250892138148;250892139271;1123;9;1;1;1
250892139271;250892139411;140;9;1;1;1
250892139411;250892139861;450;9;1;1;1
250892139861;250892139937;76;9;1;1;1
250892139937;250892140627;690;9;1;1;1
250892140627;250892140861;234;9;1;1;1
250892140861;250892140878;17;9;1;1;1
250892140878;250892140914;36;9;1;1;1
250892140914;250892140988;74;9;1;1;1
250892140988;250892141219;231;9;1;1;1
250892141219;250892142481;1262;9;1;1;1
250892142481;250892142840;359;9;1;1;1
250892142840;250892142884;44;9;1;1;1
250892142884;250892143113;229;9;1;1;1
250892143113;250892143613;500;9;1;1;1
250892143613;250892144359;746;9;1;1;1
250892144359;250892144629;270;9;1;1;1
250892144629;250892144796;167;9;1;1;1
250892144796;250892144970;174;9;1;1;1
250892144970;250892146555;1585;9;1;1;1
250892146555;250892147778;1223;9;1;1;1
250892147778;250892148004;226;9;1;1;1
250892148004;250892148056;52;9;1;1;1
250892148056;250892148273;217;9;1;1;1
250892148273;250892148738;465;9;1;1;1
250892148738;250892148832;94;9;1;1;1
250892148832;250892150038;1206;9;1;1;1
250892150038;250892150058;20;9;1;1;1
250892150058;250892150809;751;9;1;1;1
250892150809;250892151249;440;9;1;1;1
250892151249;250892151438;189;9;1;1;1
250892151438;250892152250;812;9;1;1;1
250892152250;250892152561;311;9;1;1;1
250892152561;250892153234;673;9;1;1;1
250892153234;250892154129;895;9;1;1;1
250892154129;250892154140;11;9;1;1;1
250892154140;250892155459;1319;9;1;1;1
250892155459;250892155770;311;9;1;1;1
250892155770;250892155815;45;9;1;1;1
250892155815;250892158134;2319;9;1;1;1
250892158134;250892158395;261;9;1;1;1
250892158395;250892158614;219;9;1;1;1
250892158614;250892159057;443;9;1;1;1
250892159057;250892159157;100;9;1;1;1
250892159157;250892159351;194;9;1;1;1
250892159351;250892159766;415;9;1;1;1
250892159766;250892160095;329;9;1;1;1
250892160095;250892160316;221;9;1;1;1
250892160316;250892161810;1494;9;1;1;1
250892161810;250892164533;2723;9;1;1;1
250892164533;250892164734;201;9;1;1;1
250892164734;250892166027;1293;9;1;1;1
250892166027;250892166268;241;9;1;1;1
250892166268;250892166336;68;9;1;1;1
250892166336;250892167021;685;9;1;1;1
250892167021;250892168157;1136;9;1;1;1
250892168157;250892168165;8;9;1;1;1
250892168165;250892168868;703;9;1;1;1
250892168868;250892169741;873;9;1;1;1
250892169741;250892170614;873;9;1;1;1
250892170614;250892170666;52;9;1;1;1
250892170666;250892170993;327;9;1;1;1
250892170993;250892171135;142;9;1;1;1
250892171135;250892171380;245;9;1;1;1
250892171380;250892171675;295;9;1;1;1
250892171675;250892171856;181;9;1;1;1
250892171856;250892171869;13;9;1;1;1
250892171869;250892171919;50;9;1;1;1
250892171919;250892172311;392;9;1;1;1
250892172311;250892173632;1321;9;1;1;1
250892173632;250892173653;21;9;1;1;1
250892173653;250892173809;156;9;1;1;1
250892173809;250892174283;474;9;1;1;1
250892174283;250892174489;206;9;1;1;1
250892174489;250892174594;105;9;1;1;1
250892174594;250892174715;121;9;1;1;1
250892174715;250892174858;143;9;1;1;1
250892174858;250892175330;472;9;1;1;1
250892175330;250892175334;4;9;1;1;1
250892175334;250892175866;532;9;1;1;1
250892175866;250892177493;1627;9;1;1;1
250892177493;250892177643;150;9;1;1;1
250892177643;250892177894;251;9;1;1;1
250892177894;250892177994;100;9;1;1;1
250892177994;250892178328;334;9;1;1;1
250892178328;250892179405;1077;9;1;1;1
250892179405;250892179632;227;9;1;1;1
250892179632;250892179638;6;9;1;1;1
250892179638;250892179861;223;9;1;1;1
250892179861;250892180071;210;9;1;1;1
250892180071;250892180166;95;9;1;1;1
250892180166;250892180756;590;9;1;1;1
250892180756;250892181392;636;9;1;1;1
250892181392;250892181447;55;9;1;1;1
250892181447;250892182324;877;9;1;1;1
250892182324;250892182854;530;9;1;1;1
250892182854;250892182924;70;9;1;1;1
250892182924;250892183032;108;9;1;1;1
250892183032;250892183235;203;9;1;1;1
250892183235;250892183623;388;9;1;1;1
250892183623;250892185628;2005;9;1;1;1
250892185628;250892185838;210;9;1;1;1
250892185838;250892185867;29;9;1;1;1
250892185867;250892186434;567;9;1;1;1
250892186434;250892187317;883;9;1;1;1
250892187317;250892187391;74;9;1;1;1
250892187391;250892187399;8;9;1;1;1
250892187399;250892187610;211;9;1;1;1
250892187610;250892187922;312;9;1;1;1
250892187922;250892188007;85;9;1;1;1
250892188007;250892188043;36;9;1;1;1
250892188043;250892189124;1081;9;1;1;1
250892189124;250892189309;185;9;1;1;1
250892189309;250892189345;36;9;1;1;1
250892189345;250892190111;766;9;1;1;1
250892190111;250892190512;401;9;1;1;1
250892190512;250892192455;1943;9;1;1;1
250892192455;250892193466;1011;9;1;1;1
250892193466;250892194332;866;9;1;1;1
250892194332;250892195050;718;9;1;1;1
250892195050;250892195147;97;9;1;1;1
250892195147;250892195441;294;9;1;1;1
250892195441;250892195738;297;9;1;1;1
250892195738;250892195794;56;9;1;1;1
250892195794;250892196265;471;9;1;1;1
250892196265;250892196530;265;9;1;1;1
250892196530;250892197578;1048;9;1;1;1
250892197578;250892198011;433;9;1;1;1
250892198011;250892198910;899;9;1;1;1
250892198910;250892199031;121;9;1;1;1
250892199031;250892199160;129;9;1;1;1
250892199160;250892199603;443;9;1;1;1
250892199603;250892200233;630;9;1;1;1
250892200233;250892200277;44;9;1;1;1
250892200277;250892200757;480;9;1;1;1
250892200757;250892201125;368;9;1;1;1
250892201125;250892201513;388;9;1;1;1
250892201513;250892202347;834;9;1;1;1
250892202347;250892202664;317;9;1;1;1
250892202664;250892203006;342;9;1;1;1
250892203006;250892203542;536;9;1;1;1
250892203542;250892204794;1252;9;1;1;1
250892204794;250892204842;48;9;1;1;1
250892204842;250892207689;2847;9;1;1;1
250892207689;250892207897;208;9;1;1;1
250892207897;250892207936;39;9;1;1;1
250892207936;250892208001;65;9;1;1;1
250892208001;250892208087;86;9;1;1;1
250892208087;250892208200;113;9;1;1;1
250892208200;250892208442;242;9;1;1;1
250892208442;250892208496;54;9;1;1;1
250892208496;250892210514;2018;9;1;1;1
250892210514;250892210705;191;9;1;1;1
250892210705;250892211335;630;9;1;1;1
250892211335;250892212145;810;9;1;1;1
250892212145;250892212474;329;9;1;1;1
250892212474;250892212995;521;9;1;1;1
250892212995;250892213753;758;9;1;1;1
250892213753;250892213773;20;9;1;1;1
250892213773;250892213892;119;9;1;1;1
250892213892;250892213997;105;9;1;1;1
250892213997;250892214137;140;9;1;1;1
250892214137;250892215970;1833;9;1;1;1
250892215970;250892216985;1015;9;1;1;1
250892216985;250892217054;69;9;1;1;1
250892217054;250892217288;234;9;1;1;1
250892217288;250892217604;316;9;1;1;1
250892217604;250892218432;828;9;1;1;1
250892218432;250892218444;12;9;1;1;1
250892218444;250892218485;41;9;1;1;1
250892218485;250892218622;137;9;1;1;1
250892218622;250892218987;365;9;1;1;1
250892218987;250892219079;92;9;1;1;1
250892219079;250892219114;35;9;1;1;1
250892219114;250892220169;1055;9;1;1;1
250892220169;250892220183;14;9;1;1;1
250892220183;250892220439;256;9;1;1;1
250892220439;250892220568;129;9;1;1;1
250892220568;250892220713;145;9;1;1;1
250892220713;250892221580;867;9;1;1;1
250892221580;250892221935;355;9;1;1;1
250892221935;250892222552;617;9;1;1;1
250892222552;250892222849;297;9;1;1;1
250892222849;250892223734;885;9;1;1;1
250892223734;250892224379;645;9;1;1;1
250892224379;250892224723;344;9;1;1;1
250892224723;250892224957;234;9;1;1;1
250892224957;250892225364;407;9;1;1;1
250892225364;250892225404;40;9;1;1;1
250892225404;250892225976;572;9;1;1;1
250892225976;250892226143;167;9;1;1;1
250892226143;250892226206;63;9;1;1;1
250892226206;250892226261;55;9;1;1;1
250892226261;250892226297;36;9;1;1;1
250892226297;250892226828;531;9;1;1;1
250892226828;250892226902;74;9;1;1;1
250892226902;250892227055;153;9;1;1;1
250892227055;250892227151;96;9;1;1;1
250892227151;250892227989;838;9;1;1;1
250892227989;250892228201;212;9;1;1;1
250892228201;250892228440;239;9;1;1;1
250892228440;250892228630;190;9;1;1;1
250892228630;250892228685;55;9;1;1;1
250892228685;250892228708;23;9;1;1;1
250892228708;250892228991;283;9;1;1;1
250892228991;250892229453;462;9;1;1;1
250892229453;250892229896;443;9;1;1;1
250892229896;250892230023;127;9;1;1;1
250892230023;250892230026;3;9;1;1;1
250892230026;250892230387;361;9;1;1;1
250892230387;250892230621;234;9;1;1;1
250892230621;250892230767;146;9;1;1;1
250892230767;250892231539;772;9;1;1;1
250892231539;250892232000;461;9;1;1;1
250892232000;250892232401;401;9;1;1;1
250892232401;250892232593;192;9;1;1;1
250892232593;250892232605;12;9;1;1;1
250892232605;250892233015;410;9;1;1;1
250892233015;250892233078;63;9;1;1;1
250892233078;250892233250;172;9;1;1;1
250892233250;250892233548;298;9;1;1;1
250892233548;250892233562;14;9;1;1;1
250892233562;250892233916;354;9;1;1;1
250892233916;250892234104;188;9;1;1;1
250892234104;250892234404;300;9;1;1;1
250892234404;250892234662;258;9;1;1;1
250892234662;250892234884;222;9;1;1;1
250892234884;250892235066;182;9;1;1;1
250892235066;250892235076;10;9;1;1;1
250892235076;250892236701;1625;9;1;1;1
250892236701;250892237019;318;9;1;1;1
250892237019;250892237063;44;9;1;1;1
250892237063;250892237457;394;9;1;1;1
250892237457;250892237551;94;9;1;1;1
250892237551;250892237797;246;9;1;1;1
250892237797;250892237848;51;9;1;1;1
250892237848;250892238391;543;9;1;1;1
250892238391;250892238447;56;9;1;1;1
250892238447;250892238949;502;9;1;1;1
250892238949;250892239335;386;9;1;1;1
250892239335;250892239387;52;9;1;1;1
250892239387;250892240152;765;9;1;1;1
250892240152;250892240215;63;9;1;1;1
250892240215;250892240458;243;9;1;1;1
250892240458;250892240573;115;9;1;1;1
250892240573;250892241029;456;9;1;1;1
250892241029;250892241169;140;9;1;1;1
250892241169;250892241294;125;9;1;1;1
250892241294;250892241506;212;9;1;1;1
250892241506;250892241773;267;9;1;1;1
250892241773;250892241809;36;9;1;1;1
250892241809;250892242167;358;9;1;1;1
250892242167;250892242568;401;9;1;1;1
250892242568;250892242613;45;9;1;1;1
250892242613;250892242933;320;9;1;1;1
250892242933;250892243528;595;9;1;1;1
250892243528;250892243560;32;9;1;1;1
250892243560;250892243724;164;9;1;1;1
250892243724;250892244409;685;9;1;1;1
250892244409;250892244581;172;9;1;1;1
250892244581;250892244911;330;9;1;1;1
250892244911;250892244984;73;9;1;1;1
250892244984;250892245146;162;9;1;1;1
250892245146;250892245345;199;9;1;1;1
250892245345;250892246085;740;9;1;1;1
250892246085;250892246219;134;9;1;1;1
250892246219;250892246326;107;9;1;1;1
250892246326;250892246639;313;9;1;1;1
250892246639;250892247301;662;9;1;1;1
250892247301;250892247455;154;9;1;1;1
250892247455;250892248351;896;9;1;1;1
250892248351;250892248391;40;9;1;1;1
250892248391;250892248989;598;9;1;1;1
250892248989;250892249342;353;9;1;1;1
250892249342;250892251909;2567;9;1;1;1
250892251909;250892252364;455;9;1;1;1
250892252364;250892252792;428;9;1;1;1
250892252792;250892254150;1358;9;1;1;1
250892254150;250892254954;804;9;1;1;1
250892254954;250892255004;50;9;1;1;1
250892255004;250892255011;7;9;1;1;1
250892255011;250892255053;42;9;1;1;1
250892255053;250892255238;185;9;1;1;1
250892255238;250892255662;424;9;1;1;1
250892255662;250892258381;2719;9;1;1;1
250892258381;250892258422;41;9;1;1;1
250892258422;250892259562;1140;9;1;1;1
250892259562;250892259839;277;9;1;1;1
250892259839;250892260162;323;9;1;1;1
250892260162;250892260331;169;9;1;1;1
250892260331;250892261209;878;9;1;1;1
250892261209;250892263359;2150;9;1;1;1
250892263359;250892263432;73;9;1;1;1
250892263432;250892266904;3472;9;1;1;1
250892266904;250892266999;95;9;1;1;1
250892266999;250892267006;7;9;1;1;1
250892267006;250892268204;1198;9;1;1;1
250892268204;250892268557;353;9;1;1;1
250892268557;250892268910;353;9;1;1;1
250892268910;250892269101;191;9;1;1;1
250892269101;250892269203;102;9;1;1;1
250892269203;250892269558;355;9;1;1;1
250892269558;250892269716;158;9;1;1;1
250892269716;250892270309;593;9;1;1;1
250892270309;250892270468;159;9;1;1;1
250892270468;250892270793;325;9;1;1;1
250892270793;250892270860;67;9;1;1;1
250892270860;250892270951;91;9;1;1;1
250892270951;250892271737;786;9;1;1;1
250892271737;250892271771;34;9;1;1;1
250892271771;250892272520;749;9;1;1;1
250892272520;250892273693;1173;9;1;1;1
250892273693;250892274247;554;9;1;1;1
250892274247;250892274301;54;9;1;1;1
250892274301;250892274509;208;9;1;1;1
250892274509;250892275004;495;9;1;1;1
250892275004;250892275070;66;9;1;1;1
250892275070;250892277733;2663;9;1;1;1
250892277733;250892278140;407;9;1;1;1
250892278140;250892278203;63;9;1;1;1
250892278203;250892278378;175;9;1;1;1
250892278378;250892279519;1141;9;1;1;1
250892279519;250892279698;179;9;1;1;1
250892279698;250892279805;107;9;1;1;1
250892279805;250892279882;77;9;1;1;1
250892279882;250892280216;334;9;1;1;1
250892280216;250892280351;135;9;1;1;1
250892280351;250892280583;232;9;1;1;1
250892280583;250892280895;312;9;1;1;1
250892280895;250892281353;458;9;1;1;1
250892281353;250892281666;313;9;1;1;1
250892281666;250892282099;433;9;1;1;1
250892282099;250892283001;902;9;1;1;1
250892283001;250892283025;24;9;1;1;1
250892283025;250892283244;219;9;1;1;1
250892283244;250892283951;707;9;1;1;1
250892283951;250892284311;360;9;1;1;1
250892284311;250892284490;179;9;1;1;1
250892284490;250892284587;97;9;1;1;1
250892284587;250892284717;130;9;1;1;1
250892284717;250892285246;529;9;1;1;1
250892285246;250892286066;820;9;1;1;1
250892286066;250892286370;304;9;1;1;1
250892286370;250892286476;106;9;1;1;1
250892286476;250892286690;214;9;1;1;1
250892286690;250892286895;205;9;1;1;1
250892286895;250892287398;503;9;1;1;1
250892287398;250892287950;552;9;1;1;1
250892287950;250892288084;134;9;1;1;1
250892288084;250892288139;55;9;1;1;1
250892288139;250892288320;181;9;1;1;1
250892288320;250892288664;344;9;1;1;1
250892288664;250892288769;105;9;1;1;1
250892288769;250892288851;82;9;1;1;1
250892288851;250892289110;259;9;1;1;1
250892289110;250892289197;87;9;1;1;1
250892289197;250892290701;1504;9;1;1;1
250892290701;250892291016;315;9;1;1;1
250892291016;250892291061;45;9;1;1;1
250892291061;250892291278;217;9;1;1;1
250892291278;250892291767;489;9;1;1;1
250892291767;250892293376;1609;9;1;1;1
250892293376;250892293401;25;9;1;1;1
250892293401;250892293919;518;9;1;1;1
250892293919;250892294174;255;9;1;1;1
250892294174;250892294948;774;9;1;1;1
250892294948;250892295077;129;9;1;1;1
250892295077;250892295138;61;9;1;1;1
250892295138;250892296196;1058;9;1;1;1
250892296196;250892296363;167;9;1;1;1
250892296363;250892296819;456;9;1;1;1
250892296819;250892296950;131;9;1;1;1
250892296950;250892297239;289;9;1;1;1
250892297239;250892299090;1851;9;1;1;1
250892299090;250892299262;172;9;1;1;1
250892299262;250892299313;51;9;1;1;1
250892299313;250892299385;72;9;1;1;1
250892299385;250892300924;1539;9;1;1;1
250892300924;250892301024;100;9;1;1;1
250892301024;250892302010;986;9;1;1;1
250892302010;250892303509;1499;9;1;1;1
250892303509;250892303620;111;9;1;1;1
250892303620;250892304896;1276;9;1;1;1
250892304896;250892306219;1323;9;1;1;1
250892306219;250892306783;564;9;1;1;1
250892306783;250892309003;2220;9;1;1;1
250892309003;250892309435;432;9;1;1;1
250892309435;250892309597;162;9;1;1;1
250892309597;250892309801;204;9;1;1;1
250892309801;250892310084;283;9;1;1;1
250892310084;250892310176;92;9;1;1;1
250892310176;250892310539;363;9;1;1;1
250892310539;250892311353;814;9;1;1;1
250892311353;250892311375;22;9;1;1;1
250892311375;250892312388;1013;9;1;1;1
250892312388;250892313093;705;9;1;1;1
250892313093;250892315491;2398;9;1;1;1
250892315491;250892315678;187;9;1;1;1
250892315678;250892316801;1123;9;1;1;1
250892316801;250892317127;326;9;1;1;1
250892317127;250892318232;1105;9;1;1;1
250892318232;250892319203;971;9;1;1;1
250892319203;250892319471;268;9;1;1;1
250892319471;250892320910;1439;9;1;1;1
250892320910;250892322150;1240;9;1;1;1
250892322150;250892322285;135;9;1;1;1
250892322285;250892322557;272;9;1;1;1
250892322557;250892322658;101;9;1;1;1
250892322658;250892323615;957;9;1;1;1
250892323615;250892324450;835;9;1;1;1
250892324450;250892324847;397;9;1;1;1
250892324847;250892325395;548;9;1;1;1
250892325395;250892325543;148;9;1;1;1
250892325543;250892327231;1688;9;1;1;1
250892327231;250892329223;1992;9;1;1;1
250892329223;250892331752;2529;9;1;1;1
250892331752;250892331948;196;9;1;1;1
250892331948;250892333420;1472;9;1;1;1
250892333420;250892335995;2575;9;1;1;1
250892335995;250892337018;1023;9;1;1;1
250892337018;250892338043;1025;9;1;1;1
250892338043;250892338833;790;9;1;1;1
250892338833;250892338860;27;9;1;1;1
250892338860;250892339088;228;9;1;1;1
250892339088;250892339530;442;9;1;1;1
250892339530;250892339941;411;9;1;1;1
250892339941;250892340112;171;9;1;1;1
250892340112;250892340472;360;9;1;1;1
250892340472;250892340645;173;9;1;1;1
250892340645;250892341397;752;9;1;1;1
250892341397;250892342273;876;9;1;1;1
250892342273;250892342576;303;9;1;1;1
250892342576;250892343299;723;9;1;1;1
250892343299;250892343690;391;9;1;1;1
250892343690;250892344827;1137;9;1;1;1
250892344827;250892345160;333;9;1;1;1
250892345160;250892345567;407;9;1;1;1
250892345567;250892345916;349;9;1;1;1
250892345916;250892345960;44;9;1;1;1
250892345960;250892346024;64;9;1;1;1
250892346024;250892346555;531;9;1;1;1
250892346555;250892346598;43;9;1;1;1
250892346598;250892346693;95;9;1;1;1
250892346693;250892346926;233;9;1;1;1
250892346926;250892348043;1117;9;1;1;1
250892348043;250892349400;1357;9;1;1;1
250892349400;250892349446;46;9;1;1;1
250892349446;250892349571;125;9;1;1;1
250892349571;250892349870;299;9;1;1;1
250892349870;250892350243;373;9;1;1;1
250892350243;250892350485;242;9;1;1;1
250892350485;250892350684;199;9;1;1;1
250892350684;250892350964;280;9;1;1;1
250892350964;250892351762;798;9;1;1;1
250892351762;250892351902;140;9;1;1;1
250892351902;250892351932;30;9;1;1;1
250892351932;250892353031;1099;9;1;1;1
250892353031;250892356251;3220;9;1;1;1
250892356251;250892356780;529;9;1;1;1
250892356780;250892357501;721;9;1;1;1
250892357501;250892357639;138;9;1;1;1
250892357639;250892357742;103;9;1;1;1
250892357742;250892357871;129;9;1;1;1
250892357871;250892358233;362;9;1;1;1
250892358233;250892358346;113;9;1;1;1
250892358346;250892358627;281;9;1;1;1
250892358627;250892359858;1231;9;1;1;1
250892359858;250892360138;280;9;1;1;1
250892360138;250892361758;1620;9;1;1;1
250892361758;250892362400;642;9;1;1;1
250892362400;250892363983;1583;9;1;1;1
250892363983;250892363987;4;9;1;1;1
250892363987;250892364055;68;9;1;1;1
250892364055;250892364060;5;9;1;1;1
250892364060;250892364373;313;9;1;1;1
250892364373;250892364514;141;9;1;1;1
250892364514;250892364551;37;9;1;1;1
250892364551;250892364555;4;9;1;1;1
250892364555;250892364678;123;9;1;1;1
250892364678;250892365458;780;9;1;1;1
250892365458;250892366422;964;9;1;1;1
250892366422;250892366749;327;9;1;1;1
250892366749;250892366995;246;9;1;1;1
250892366995;250892367057;62;9;1;1;1
250892367057;250892367246;189;9;1;1;1
250892367246;250892367272;26;9;1;1;1
250892367272;250892367455;183;9;1;1;1
250892367455;250892367670;215;9;1;1;1
250892367670;250892368012;342;9;1;1;1
250892368012;250892368048;36;9;1;1;1
250892368048;250892369092;1044;9;1;1;1
250892369092;250892369343;251;9;1;1;1
250892369343;250892369448;105;9;1;1;1
250892369448;250892369692;244;9;1;1;1
250892369692;250892370198;506;9;1;1;1
250892370198;250892370726;528;9;1;1;1
250892370726;250892370754;28;9;1;1;1
250892370754;250892371150;396;9;1;1;1
250892371150;250892371623;473;9;1;1;1
250892371623;250892371822;199;9;1;1;1
250892371822;250892371929;107;9;1;1;1
250892371929;250892372503;574;9;1;1;1
250892372503;250892372590;87;9;1;1;1
250892372590;250892374019;1429;9;1;1;1
250892374019;250892374078;59;9;1;1;1
250892374078;250892375648;1570;9;1;1;1
250892375648;250892375709;61;9;1;1;1
250892375709;250892375923;214;9;1;1;1
250892375923;250892376069;146;9;1;1;1
250892376069;250892376395;326;9;1;1;1
250892376395;250892377234;839;9;1;1;1
250892377234;250892377277;43;9;1;1;1
250892377277;250892377434;157;9;1;1;1
250892377434;250892377693;259;9;1;1;1
250892377693;250892377720;27;9;1;1;1
250892377720;250892377935;215;9;1;1;1
250892377935;250892378128;193;9;1;1;1
250892378128;250892378181;53;9;1;1;1
250892378181;250892378201;20;9;1;1;1
250892378201;250892378732;531;9;1;1;1
250892378732;250892380654;1922;9;1;1;1
250892380654;250892380672;18;9;1;1;1
250892380672;250892380826;154;9;1;1;1
250892380826;250892380879;53;9;1;1;1
250892380879;250892380987;108;9;1;1;1
250892380987;250892381149;162;9;1;1;1
250892381149;250892381820;671;9;1;1;1
250892381820;250892381957;137;9;1;1;1
250892381957;250892382138;181;9;1;1;1
250892382138;250892382721;583;9;1;1;1
250892382721;250892383037;316;9;1;1;1
250892383037;250892383302;265;9;1;1;1
250892383302;250892383368;66;9;1;1;1
250892383368;250892383756;388;9;1;1;1
250892383756;250892384228;472;9;1;1;1
250892384228;250892384273;45;9;1;1;1
250892384273;250892384424;151;9;1;1;1
250892384424;250892384571;147;9;1;1;1
250892384571;250892384735;164;9;1;1;1
250892384735;250892384856;121;9;1;1;1
250892384856;250892384908;52;9;1;1;1
250892384908;250892385476;568;9;1;1;1
250892385476;250892385976;500;9;1;1;1
250892385976;250892386202;226;9;1;1;1
250892386202;250892387137;935;9;1;1;1
250892387137;250892388279;1142;9;1;1;1
250892388279;250892388608;329;9;1;1;1
250892388608;250892389064;456;9;1;1;1
250892389064;250892389710;646;9;1;1;1
250892389710;250892389997;287;9;1;1;1
250892389997;250892391687;1690;9;1;1;1
250892391687;250892392176;489;9;1;1;1
250892392176;250892392337;161;9;1;1;1
250892392337;250892392432;95;9;1;1;1
250892392432;250892392782;350;9;1;1;1
250892392782;250892393281;499;9;1;1;1
250892393281;250892393803;522;9;1;1;1
250892393803;250892394044;241;9;1;1;1
250892394044;250892394242;198;9;1;1;1
250892394242;250892394252;10;9;1;1;1
250892394252;250892394412;160;9;1;1;1
250892394412;250892394580;168;9;1;1;1
250892394580;250892395470;890;9;1;1;1
250892395470;250892396766;1296;9;1;1;1
250892396766;250892396833;67;9;1;1;1
250892396833;250892397008;175;9;1;1;1
250892397008;250892397422;414;9;1;1;1
250892397422;250892399525;2103;9;1;1;1
250892399525;250892399688;163;9;1;1;1
250892399688;250892399899;211;9;1;1;1
250892399899;250892399954;55;9;1;1;1
250892399954;250892400681;727;9;1;1;1
250892400681;250892401106;425;9;1;1;1
250892401106;250892403637;2531;9;1;1;1
250892403637;250892404397;760;9;1;1;1
250892404397;250892404649;252;9;1;1;1
250892404649;250892404918;269;9;1;1;1
250892404918;250892405767;849;9;1;1;1
250892405767;250892407447;1680;9;1;1;1
250892407447;250892407685;238;9;1;1;1
250892407685;250892407865;180;9;1;1;1
250892407865;250892408751;886;9;1;1;1
250892408751;250892409628;877;9;1;1;1
250892409628;250892409647;19;9;1;1;1
250892409647;250892410601;954;9;1;1;1
250892410601;250892411165;564;9;1;1;1
250892411165;250892411292;127;9;1;1;1
250892411292;250892411591;299;9;1;1;1
250892411591;250892411797;206;9;1;1;1
250892411797;250892412176;379;9;1;1;1
250892412176;250892412573;397;9;1;1;1
250892412573;250892412858;285;9;1;1;1
250892412858;250892414866;2008;9;1;1;1
250892414866;250892415759;893;9;1;1;1
250892415759;250892415892;133;9;1;1;1
250892415892;250892416051;159;9;1;1;1
250892416051;250892416378;327;9;1;1;1
250892416378;250892417385;1007;9;1;1;1
250892417385;250892417598;213;9;1;1;1
250892417598;250892418459;861;9;1;1;1
250892418459;250892419624;1165;9;1;1;1
250892419624;250892420283;659;9;1;1;1
250892420283;250892420340;57;9;1;1;1
250892420340;250892420394;54;9;1;1;1
250892420394;250892420963;569;9;1;1;1
250892420963;250892421221;258;9;1;1;1
250892421221;250892421961;740;9;1;1;1
250892421961;250892422562;601;9;1;1;1
250892422562;250892423365;803;9;1;1;1
250892423365;250892424252;887;9;1;1;1
250892424252;250892424488;236;9;1;1;1
250892424488;250892425253;765;9;1;1;1
250892425253;250892425485;232;9;1;1;1
250892425485;250892425495;10;9;1;1;1
250892425495;250892426885;1390;9;1;1;1
250892426885;250892426903;18;9;1;1;1
250892426903;250892427375;472;9;1;1;1
250892427375;250892427415;40;9;1;1;1
250892427415;250892427938;523;9;1;1;1
250892427938;250892428006;68;9;1;1;1
250892428006;250892428157;151;9;1;1;1
250892428157;250892428523;366;9;1;1;1
250892428523;250892429209;686;9;1;1;1
250892429209;250892430475;1266;9;1;1;1
250892430475;250892430593;118;9;1;1;1
250892430593;250892431340;747;9;1;1;1
250892431340;250892431582;242;9;1;1;1
250892431582;250892432327;745;9;1;1;1
250892432327;250892432485;158;9;1;1;1
250892432485;250892432764;279;9;1;1;1
250892432764;250892432992;228;9;1;1;1
250892432992;250892433006;14;9;1;1;1
250892433006;250892433185;179;9;1;1;1
250892433185;250892433362;177;9;1;1;1
250892433362;250892433666;304;9;1;1;1
250892433666;250892434064;398;9;1;1;1
250892434064;250892434417;353;9;1;1;1
250892434417;250892434466;49;9;1;1;1
250892434466;250892434480;14;9;1;1;1
250892434480;250892434642;162;9;1;1;1
250892434642;250892435737;1095;9;1;1;1
250892435737;250892435795;58;9;1;1;1
250892435795;250892435798;3;9;1;1;1
250892435798;250892436109;311;9;1;1;1
250892436109;250892436698;589;9;1;1;1
250892436698;250892436804;106;9;1;1;1
250892436804;250892437280;476;9;1;1;1
250892437280;250892437942;662;9;1;1;1
250892437942;250892438004;62;9;1;1;1
250892438004;250892438411;407;9;1;1;1
250892438411;250892438854;443;9;1;1;1
250892438854;250892438866;12;9;1;1;1
250892438866;250892440467;1601;9;1;1;1
250892440467;250892440725;258;9;1;1;1
250892440725;250892441566;841;9;1;1;1
250892441566;250892441568;2;9;1;1;1
250892441568;250892441594;26;9;1;1;1
250892441594;250892441645;51;9;1;1;1
250892441645;250892441695;50;9;1;1;1
250892441695;250892441715;20;9;1;1;1
250892441715;250892441921;206;9;1;1;1
250892441921;250892441932;11;9;1;1;1
250892441932;250892442148;216;9;1;1;1
250892442148;250892442915;767;9;1;1;1
250892442915;250892443379;464;9;1;1;1
250892443379;250892443521;142;9;1;1;1
250892443521;250892443793;272;9;1;1;1
250892443793;250892444328;535;9;1;1;1
250892444328;250892445253;925;9;1;1;1
250892445253;250892445530;277;9;1;1;1
250892445530;250892446687;1157;9;1;1;1
250892446687;250892447275;588;9;1;1;1
250892447275;250892447311;36;9;1;1;1
250892447311;250892447596;285;9;1;1;1
250892447596;250892447675;79;9;1;1;1
250892447675;250892448932;1257;9;1;1;1
250892448932;250892449144;212;9;1;1;1
250892449144;250892449257;113;9;1;1;1
250892449257;250892449962;705;9;1;1;1
250892449962;250892450564;602;9;1;1;1
250892450564;250892450634;70;9;1;1;1
250892450634;250892451068;434;9;1;1;1
250892451068;250892451627;559;9;1;1;1
250892451627;250892452176;549;9;1;1;1
250892452176;250892452469;293;9;1;1;1
250892452469;250892452528;59;9;1;1;1
250892452528;250892452645;117;9;1;1;1
250892452645;250892452845;200;9;1;1;1
250892452845;250892453113;268;9;1;1;1
250892453113;250892453345;232;9;1;1;1
250892453345;250892454101;756;9;1;1;1
250892454101;250892454985;884;9;1;1;1
250892454985;250892455092;107;9;1;1;1
250892455092;250892455985;893;9;1;1;1
250892455985;250892456143;158;9;1;1;1
250892456143;250892456801;658;9;1;1;1
250892456801;250892456919;118;9;1;1;1
250892456919;250892457074;155;9;1;1;1
250892457074;250892457393;319;9;1;1;1
250892457393;250892457869;476;9;1;1;1
250892457869;250892458113;244;9;1;1;1
250892458113;250892458304;191;9;1;1;1
250892458304;250892459141;837;9;1;1;1
250892459141;250892461490;2349;9;1;1;1
250892461490;250892462518;1028;9;1;1;1
250892462518;250892462719;201;9;1;1;1
250892462719;250892463576;857;9;1;1;1
250892463576;250892464047;471;9;1;1;1
250892464047;250892464372;325;9;1;1;1
250892464372;250892464492;120;9;1;1;1
250892464492;250892465051;559;9;1;1;1
250892465051;250892465079;28;9;1;1;1
250892465079;250892465443;364;9;1;1;1
250892465443;250892465664;221;9;1;1;1
250892465664;250892466088;424;9;1;1;1
250892466088;250892466115;27;9;1;1;1
250892466115;250892467359;1244;9;1;1;1
250892467359;250892467634;275;9;1;1;1
250892467634;250892467952;318;9;1;1;1
250892467952;250892468707;755;9;1;1;1
250892468707;250892469035;328;9;1;1;1
250892469035;250892469272;237;9;1;1;1
250892469272;250892469634;362;9;1;1;1
250892469634;250892469733;99;9;1;1;1
250892469733;250892469993;260;9;1;1;1
250892469993;250892470392;399;9;1;1;1
250892470392;250892470493;101;9;1;1;1
250892470493;250892470692;199;9;1;1;1
250892470692;250892471216;524;9;1;1;1
250892471216;250892471672;456;9;1;1;1
250892471672;250892472196;524;9;1;1;1
250892472196;250892472459;263;9;1;1;1
250892472459;250892472755;296;9;1;1;1
250892472755;250892472805;50;9;1;1;1
250892472805;250892473248;443;9;1;1;1
250892473248;250892473309;61;9;1;1;1
250892473309;250892473809;500;9;1;1;1
250892473809;250892474157;348;9;1;1;1
250892474157;250892474359;202;9;1;1;1
250892474359;250892474955;596;9;1;1;1
250892474955;250892475214;259;9;1;1;1
250892475214;250892476022;808;9;1;1;1
250892476022;250892476072;50;9;1;1;1
250892476072;250892476198;126;9;1;1;1
250892476198;250892476331;133;9;1;1;1
250892476331;250892478035;1704;9;1;1;1
250892478035;250892478115;80;9;1;1;1
250892478115;250892478183;68;9;1;1;1
250892478183;250892478296;113;9;1;1;1
250892478296;250892479437;1141;9;1;1;1
250892479437;250892479479;42;9;1;1;1
250892479479;250892479539;60;9;1;1;1
250892479539;250892480014;475;9;1;1;1
250892480014;250892480096;82;9;1;1;1
250892480096;250892481176;1080;9;1;1;1
250892481176;250892481655;479;9;1;1;1
250892481655;250892481765;110;9;1;1;1
250892481765;250892481826;61;9;1;1;1
250892481826;250892481927;101;9;1;1;1
250892481927;250892482424;497;9;1;1;1
250892482424;250892482904;480;9;1;1;1
250892482904;250892483826;922;9;1;1;1
250892483826;250892483866;40;9;1;1;1
250892483866;250892484370;504;9;1;1;1
250892484370;250892484454;84;9;1;1;1
250892484454;250892484630;176;9;1;1;1
250892484630;250892485416;786;9;1;1;1
250892485416;250892486267;851;9;1;1;1
250892486267;250892486872;605;9;1;1;1
250892486872;250892487357;485;9;1;1;1
250892487357;250892487442;85;9;1;1;1
250892487442;250892487475;33;9;1;1;1
250892487475;250892487495;20;9;1;1;1
250892487495;250892488095;600;9;1;1;1
250892488095;250892488150;55;9;1;1;1
250892488150;250892488162;12;9;1;1;1
250892488162;250892488438;276;9;1;1;1
250892488438;250892488601;163;9;1;1;1
250892488601;250892489272;671;9;1;1;1
250892489272;250892489670;398;9;1;1;1
250892489670;250892491549;1879;9;1;1;1
250892491549;250892492092;543;9;1;1;1
250892492092;250892492253;161;9;1;1;1
250892492253;250892492269;16;9;1;1;1
250892492269;250892493098;829;9;1;1;1
250892493098;250892493099;1;9;1;1;1
250892493099;250892495216;2117;9;1;1;1
250892495216;250892495700;484;9;1;1;1
250892495700;250892495962;262;9;1;1;1
250892495962;250892496008;46;9;1;1;1
250892496008;250892496523;515;9;1;1;1
250892496523;250892497806;1283;9;1;1;1
250892497806;250892498017;211;9;1;1;1
250892498017;250892498352;335;9;1;1;1
250892498352;250892499923;1571;9;1;1;1
250892499923;250892500188;265;9;1;1;1
250892500188;250892500429;241;9;1;1;1
250892500429;250892500509;80;9;1;1;1
250892500509;250892500555;46;9;1;1;1
250892500555;250892500560;5;9;1;1;1
250892500560;250892500581;21;9;1;1;1
250892500581;250892500608;27;9;1;1;1
250892500608;250892500620;12;9;1;1;1
250892500620;250892500998;378;9;1;1;1
250892500998;250892501063;65;9;1;1;1
250892501063;250892501144;81;9;1;1;1
250892501144;250892501204;60;9;1;1;1
250892501204;250892501633;429;9;1;1;1
250892501633;250892502201;568;9;1;1;1
250892502201;250892502254;53;9;1;1;1
250892502254;250892502658;404;9;1;1;1
250892502658;250892502678;20;9;1;1;1
250892502678;250892504365;1687;9;1;1;1
250892504365;250892504728;363;9;1;1;1
250892504728;250892504763;35;9;1;1;1
250892504763;250892504934;171;9;1;1;1
250892504934;250892505294;360;9;1;1;1
250892505294;250892505942;648;9;1;1;1
250892505942;250892506320;378;9;1;1;1
250892506320;250892507777;1457;9;1;1;1
250892507777;250892507962;185;9;1;1;1
250892507962;250892508047;85;9;1;1;1
250892508047;250892508193;146;9;1;1;1
250892508193;250892508421;228;9;1;1;1
250892508421;250892508500;79;9;1;1;1
250892508500;250892508779;279;9;1;1;1
250892508779;250892508786;7;9;1;1;1
250892508786;250892512559;3773;9;1;1;1
250892512559;250892512663;104;9;1;1;1
250892512663;250892512938;275;9;1;1;1
250892512938;250892513827;889;9;1;1;1
250892513827;250892514006;179;9;1;1;1
250892514006;250892514729;723;9;1;1;1
250892514729;250892514811;82;9;1;1;1
250892514811;250892514877;66;9;1;1;1
250892514877;250892515548;671;9;1;1;1
250892515548;250892517886;2338;9;1;1;1
250892517886;250892518015;129;9;1;1;1
250892518015;250892518075;60;9;1;1;1
250892518075;250892518095;20;9;1;1;1
250892518095;250892518274;179;9;1;1;1
250892518274;250892518658;384;9;1;1;1
250892518658;250892518711;53;9;1;1;1
250892518711;250892518814;103;9;1;1;1
250892518814;250892518844;30;9;1;1;1
250892518844;250892519386;542;9;1;1;1
250892519386;250892520711;1325;9;1;1;1
250892520711;250892520773;62;9;1;1;1
250892520773;250892520787;14;9;1;1;1
250892520787;250892520816;29;9;1;1;1
250892520816;250892520924;108;9;1;1;1
250892520924;250892520978;54;9;1;1;1
250892520978;250892520989;11;9;1;1;1
250892520989;250892521072;83;9;1;1;1
250892521072;250892521094;22;9;1;1;1
250892521094;250892521131;37;9;1;1;1
250892521131;250892521179;48;9;1;1;1
250892521179;250892522364;1185;9;1;1;1
250892522364;250892522500;136;9;1;1;1
250892522500;250892522679;179;9;1;1;1
250892522679;250892524174;1495;9;1;1;1
250892524174;250892524295;121;9;1;1;1
250892524295;250892526174;1879;9;1;1;1
250892526174;250892526648;474;9;1;1;1
250892526648;250892527464;816;9;1;1;1
250892527464;250892527595;131;9;1;1;1
250892527595;250892528243;648;9;1;1;1
250892528243;250892529132;889;9;1;1;1
250892529132;250892529201;69;9;1;1;1
250892529201;250892529406;205;9;1;1;1
250892529406;250892529569;163;9;1;1;1
250892529569;250892529726;157;9;1;1;1
250892529726;250892529915;189;9;1;1;1
250892529915;250892529961;46;9;1;1;1
250892529961;250892530029;68;9;1;1;1
250892530029;250892530952;923;9;1;1;1
250892530952;250892531004;52;9;1;1;1
250892531004;250892531069;65;9;1;1;1
250892531069;250892531082;13;9;1;1;1
250892531082;250892531288;206;9;1;1;1
250892531288;250892531300;12;9;1;1;1
250892531300;250892533121;1821;9;1;1;1
250892533121;250892534624;1503;9;1;1;1
250892534624;250892535643;1019;9;1;1;1
250892535643;250892536530;887;9;1;1;1
250892536530;250892536876;346;9;1;1;1
250892536876;250892536890;14;9;1;1;1
250892536890;250892538475;1585;9;1;1;1
250892538475;250892538512;37;9;1;1;1
250892538512;250892539179;667;9;1;1;1
250892539179;250892539413;234;9;1;1;1
250892539413;250892540477;1064;9;1;1;1
250892540477;250892540508;31;9;1;1;1
250892540508;250892540517;9;9;1;1;1
250892540517;250892540608;91;9;1;1;1
250892540608;250892540773;165;9;1;1;1
250892540773;250892540837;64;9;1;1;1
250892540837;250892540995;158;9;1;1;1
250892540995;250892541137;142;9;1;1;1
250892541137;250892541285;148;9;1;1;1
250892541285;250892541307;22;9;1;1;1
250892541307;250892541964;657;9;1;1;1
250892541964;250892541973;9;9;1;1;1
250892541973;250892541993;20;9;1;1;1
250892541993;250892542173;180;9;1;1;1
250892542173;250892542270;97;9;1;1;1
250892542270;250892542313;43;9;1;1;1
250892542313;250892542381;68;9;1;1;1
250892542381;250892542385;4;9;1;1;1
250892542385;250892542796;411;9;1;1;1
250892542796;250892543007;211;9;1;1;1
250892543007;250892543046;39;9;1;1;1
250892543046;250892543116;70;9;1;1;1
250892543116;250892543442;326;9;1;1;1
250892543442;250892544238;796;9;1;1;1
250892544238;250892544656;418;9;1;1;1
250892544656;250892544669;13;9;1;1;1
250892544669;250892545067;398;9;1;1;1
250892545067;250892545755;688;9;1;1;1
250892545755;250892546404;649;9;1;1;1
250892546404;250892547247;843;9;1;1;1
250892547247;250892547364;117;9;1;1;1
250892547364;250892547377;13;9;1;1;1
250892547377;250892547387;10;9;1;1;1
250892547387;250892547406;19;9;1;1;1
250892547406;250892547436;30;9;1;1;1
250892547436;250892547449;13;9;1;1;1
250892547449;250892548037;588;9;1;1;1
250892548037;250892548310;273;9;1;1;1
250892548310;250892548832;522;9;1;1;1
250892548832;250892549199;367;9;1;1;1
250892549199;250892549347;148;9;1;1;1
250892549347;250892549379;32;9;1;1;1
250892549379;250892549567;188;9;1;1;1
250892549567;250892549644;77;9;1;1;1
250892549644;250892549663;19;9;1;1;1
250892549663;250892549803;140;9;1;1;1
250892549803;250892549967;164;9;1;1;1
250892549967;250892550051;84;9;1;1;1
250892550051;250892550249;198;9;1;1;1
250892550249;250892550554;305;9;1;1;1
250892550554;250892551140;586;9;1;1;1
250892551140;250892551364;224;9;1;1;1
250892551364;250892551424;60;9;1;1;1
250892551424;250892551932;508;9;1;1;1
250892551932;250892551961;29;9;1;1;1
250892551961;250892551997;36;9;1;1;1
250892551997;250892552323;326;9;1;1;1
250892552323;250892553225;902;9;1;1;1
250892553225;250892553651;426;9;1;1;1
250892553651;250892553710;59;9;1;1;1
250892553710;250892553963;253;9;1;1;1
250892553963;250892554877;914;9;1;1;1
250892554877;250892555251;374;9;1;1;1
250892555251;250892555433;182;9;1;1;1
250892555433;250892555663;230;9;1;1;1
250892555663;250892555763;100;9;1;1;1
250892555763;250892557073;1310;9;1;1;1
250892557073;250892557767;694;9;1;1;1
250892557767;250892558898;1131;9;1;1;1
250892558898;250892558927;29;9;1;1;1
250892558927;250892558947;20;9;1;1;1
250892558947;250892559001;54;9;1;1;1
250892559001;250892559034;33;9;1;1;1
250892559034;250892559543;509;9;1;1;1
250892559543;250892559727;184;9;1;1;1
250892559727;250892559893;166;9;1;1;1
250892559893;250892560098;205;9;1;1;1
250892560098;250892560450;352;9;1;1;1
250892560450;250892561473;1023;9;1;1;1
250892561473;250892561562;89;9;1;1;1
250892561562;250892562214;652;9;1;1;1
250892562214;250892562386;172;9;1;1;1
250892562386;250892562604;218;9;1;1;1
250892562604;250892562919;315;9;1;1;1
250892562919;250892562932;13;9;1;1;1
250892562932;250892563068;136;9;1;1;1
250892563068;250892563153;85;9;1;1;1
250892563153;250892563914;761;9;1;1;1
250892563914;250892563952;38;9;1;1;1
250892563952;250892564135;183;9;1;1;1
250892564135;250892565493;1358;9;1;1;1
250892565493;250892565531;38;9;1;1;1
250892565531;250892565624;93;9;1;1;1
250892565624;250892566376;752;9;1;1;1
250892566376;250892566767;391;9;1;1;1
250892566767;250892567359;592;9;1;1;1
250892567359;250892567477;118;9;1;1;1
250892567477;250892568306;829;9;1;1;1
250892568306;250892568391;85;9;1;1;1
250892568391;250892568853;462;9;1;1;1
250892568853;250892569227;374;9;1;1;1
250892569227;250892569249;22;9;1;1;1
250892569249;250892569463;214;9;1;1;1
250892569463;250892569713;250;9;1;1;1
250892569713;250892570378;665;9;1;1;1
250892570378;250892570386;8;9;1;1;1
250892570386;250892570427;41;9;1;1;1
250892570427;250892570723;296;9;1;1;1
250892570723;250892571073;350;9;1;1;1
250892571073;250892571563;490;9;1;1;1
250892571563;250892571616;53;9;1;1;1
250892571616;250892572965;1349;9;1;1;1
250892572965;250892573012;47;9;1;1;1
250892573012;250892573404;392;9;1;1;1
250892573404;250892574594;1190;9;1;1;1
250892574594;250892574608;14;9;1;1;1
250892574608;250892575344;736;9;1;1;1
250892575344;250892575457;113;9;1;1;1
250892575457;250892576380;923;9;1;1;1
250892576380;250892577990;1610;9;1;1;1
250892577990;250892578444;454;9;1;1;1
250892578444;250892578484;40;9;1;1;1
250892578484;250892578885;401;9;1;1;1
250892578885;250892579102;217;9;1;1;1
250892579102;250892579626;524;9;1;1;1
250892579626;250892579817;191;9;1;1;1
250892579817;250892579927;110;9;1;1;1
250892579927;250892581117;1190;9;1;1;1
250892581117;250892581451;334;9;1;1;1
250892581451;250892582550;1099;9;1;1;1
250892582550;250892582924;374;9;1;1;1
250892582924;250892583680;756;9;1;1;1
250892583680;250892583730;50;9;1;1;1
250892583730;250892583775;45;9;1;1;1
250892583775;250892584204;429;9;1;1;1
250892584204;250892584905;701;9;1;1;1
250892584905;250892585416;511;9;1;1;1
250892585416;250892585535;119;9;1;1;1
250892585535;250892585625;90;9;1;1;1
250892585625;250892585999;374;9;1;1;1
250892585999;250892586254;255;9;1;1;1
250892586254;250892586796;542;9;1;1;1
250892586796;250892586869;73;9;1;1;1
250892586869;250892586925;56;9;1;1;1
250892586925;250892587165;240;9;1;1;1
250892587165;250892587238;73;9;1;1;1
250892587238;250892587600;362;9;1;1;1
250892587600;250892587992;392;9;1;1;1
250892587992;250892588897;905;9;1;1;1
250892588897;250892589213;316;9;1;1;1
250892589213;250892589495;282;9;1;1;1
250892589495;250892589718;223;9;1;1;1
250892589718;250892590443;725;9;1;1;1
250892590443;250892590476;33;9;1;1;1
250892590476;250892590549;73;9;1;1;1
250892590549;250892590655;106;9;1;1;1
250892590655;250892591934;1279;9;1;1;1
250892591934;250892592692;758;9;1;1;1
250892592692;250892592711;19;9;1;1;1
250892592711;250892592988;277;9;1;1;1
250892592988;250892593543;555;9;1;1;1
250892593543;250892593658;115;9;1;1;1
250892593658;250892593842;184;9;1;1;1
250892593842;250892593847;5;9;1;1;1
250892593847;250892594082;235;9;1;1;1
250892594082;250892594144;62;9;1;1;1
250892594144;250892594230;86;9;1;1;1
250892594230;250892594273;43;9;1;1;1
250892594273;250892594480;207;9;1;1;1
250892594480;250892595288;808;9;1;1;1
250892595288;250892595439;151;9;1;1;1
250892595439;250892595690;251;9;1;1;1
250892595690;250892596171;481;9;1;1;1
250892596171;250892596420;249;9;1;1;1
250892596420;250892598200;1780;9;1;1;1
250892598200;250892598486;286;9;1;1;1
250892598486;250892598907;421;9;1;1;1
250892598907;250892599087;180;9;1;1;1
250892599087;250892600839;1752;9;1;1;1
250892600839;250892602523;1684;9;1;1;1
250892602523;250892603234;711;9;1;1;1
250892603234;250892604381;1147;9;1;1;1
250892604381;250892605281;900;9;1;1;1
250892605281;250892605498;217;9;1;1;1
250892605498;250892606847;1349;9;1;1;1
250892606847;250892606873;26;9;1;1;1
250892606873;250892606927;54;9;1;1;1
250892606927;250892607816;889;9;1;1;1
250892607816;250892608604;788;9;1;1;1
250892608604;250892609225;621;9;1;1;1
250892609225;250892609566;341;9;1;1;1
250892609566;250892611307;1741;9;1;1;1
250892611307;250892611477;170;9;1;1;1
250892611477;250892611527;50;9;1;1;1
250892611527;250892612402;875;9;1;1;1
250892612402;250892612445;43;9;1;1;1
250892612445;250892613302;857;9;1;1;1
250892613302;250892613562;260;9;1;1;1
250892613562;250892613580;18;9;1;1;1
250892613580;250892614802;1222;9;1;1;1
250892614802;250892614810;8;9;1;1;1
250892614810;250892614958;148;9;1;1;1
250892614958;250892615556;598;9;1;1;1
250892615556;250892615604;48;9;1;1;1
250892615604;250892615772;168;9;1;1;1
250892615772;250892615868;96;9;1;1;1
250892615868;250892617173;1305;9;1;1;1
250892617173;250892617801;628;9;1;1;1
250892617801;250892618254;453;9;1;1;1
250892618254;250892618644;390;9;1;1;1
250892618644;250892619103;459;9;1;1;1
250892619103;250892619374;271;9;1;1;1
250892619374;250892620175;801;9;1;1;1
250892620175;250892620279;104;9;1;1;1
250892620279;250892620685;406;9;1;1;1
250892620685;250892621346;661;9;1;1;1
250892621346;250892622836;1490;9;1;1;1
250892622836;250892623083;247;9;1;1;1
250892623083;250892624537;1454;9;1;1;1
250892624537;250892624839;302;9;1;1;1
250892624839;250892624911;72;9;1;1;1
250892624911;250892625676;765;9;1;1;1
250892625676;250892625985;309;9;1;1;1
250892625985;250892627557;1572;9;1;1;1
250892627557;250892628318;761;9;1;1;1
250892628318;250892628382;64;9;1;1;1
250892628382;250892628490;108;9;1;1;1
250892628490;250892628577;87;9;1;1;1
250892628577;250892628752;175;9;1;1;1
250892628752;250892629148;396;9;1;1;1
250892629148;250892630005;857;9;1;1;1
250892630005;250892630971;966;9;1;1;1
250892630971;250892633622;2651;9;1;1;1
250892633622;250892633637;15;9;1;1;1
250892633637;250892634498;861;9;1;1;1
250892634498;250892634930;432;9;1;1;1
250892634930;250892636380;1450;9;1;1;1
250892636380;250892637083;703;9;1;1;1
250892637083;250892637213;130;9;1;1;1
250892637213;250892639163;1950;9;1;1;1
250892639163;250892639303;140;9;1;1;1
250892639303;250892639322;19;9;1;1;1
250892639322;250892639354;32;9;1;1;1
250892639354;250892639548;194;9;1;1;1
250892639548;250892639938;390;9;1;1;1
250892639938;250892640527;589;9;1;1;1
250892640527;250892640696;169;9;1;1;1
250892640696;250892640861;165;9;1;1;1
250892640861;250892641034;173;9;1;1;1
250892641034;250892641602;568;9;1;1;1
250892641602;250892642041;439;9;1;1;1
250892642041;250892642396;355;9;1;1;1
250892642396;250892643072;676;9;1;1;1
250892643072;250892644616;1544;9;1;1;1
250892644616;250892645535;919;9;1;1;1
250892645535;250892646812;1277;9;1;1;1
250892646812;250892647248;436;9;1;1;1
250892647248;250892647300;52;9;1;1;1
250892647300;250892647398;98;9;1;1;1
250892647398;250892648065;667;9;1;1;1
250892648065;250892648283;218;9;1;1;1
250892648283;250892648915;632;9;1;1;1
250892648915;250892649087;172;9;1;1;1
250892649087;250892649173;86;9;1;1;1
250892649173;250892649262;89;9;1;1;1
250892649262;250892649580;318;9;1;1;1
250892649580;250892649719;139;9;1;1;1
250892649719;250892649839;120;9;1;1;1
250892649839;250892650060;221;9;1;1;1
250892650060;250892650782;722;9;1;1;1
250892650782;250892652912;2130;9;1;1;1
250892652912;250892653403;491;9;1;1;1
250892653403;250892653548;145;9;1;1;1
250892653548;250892654051;503;9;1;1;1
250892654051;250892654410;359;9;1;1;1
250892654410;250892654869;459;9;1;1;1
250892654869;250892654981;112;9;1;1;1
250892654981;250892656356;1375;9;1;1;1
250892656356;250892656553;197;9;1;1;1
250892656553;250892656570;17;9;1;1;1
250892656570;250892656672;102;9;1;1;1
250892656672;250892656888;216;9;1;1;1
250892656888;250892657071;183;9;1;1;1
250892657071;250892657109;38;9;1;1;1
250892657109;250892657358;249;9;1;1;1
250892657358;250892657382;24;9;1;1;1
250892657382;250892657595;213;9;1;1;1
250892657595;250892659174;1579;9;1;1;1
250892659174;250892660025;851;9;1;1;1
250892660025;250892660581;556;9;1;1;1
250892660581;250892661128;547;9;1;1;1
250892661128;250892661373;245;9;1;1;1
250892661373;250892661620;247;9;1;1;1
250892661620;250892661803;183;9;1;1;1
250892661803;250892661902;99;9;1;1;1
250892661902;250892662113;211;9;1;1;1
250892662113;250892662862;749;9;1;1;1
250892662862;250892662912;50;9;1;1;1
250892662912;250892663107;195;9;1;1;1
250892663107;250892663442;335;9;1;1;1
250892663442;250892663451;9;9;1;1;1
250892663451;250892663652;201;9;1;1;1
250892663652;250892664424;772;9;1;1;1
250892664424;250892664748;324;9;1;1;1
250892664748;250892669424;4676;9;1;1;1
250892669424;250892670013;589;9;1;1;1
250892670013;250892670762;749;9;1;1;1
250892670762;250892672033;1271;9;1;1;1
250892672033;250892672095;62;9;1;1;1
250892672095;250892672170;75;9;1;1;1
250892672170;250892672185;15;9;1;1;1
250892672185;250892672292;107;9;1;1;1
250892672292;250892672740;448;9;1;1;1
250892672740;250892672872;132;9;1;1;1
250892672872;250892673202;330;9;1;1;1
250892673202;250892673818;616;9;1;1;1
250892673818;250892674097;279;9;1;1;1
250892674097;250892675118;1021;9;1;1;1
250892675118;250892675855;737;9;1;1;1
250892675855;250892676027;172;9;1;1;1
250892676027;250892676316;289;9;1;1;1
250892676316;250892676385;69;9;1;1;1
250892676385;250892678309;1924;9;1;1;1
250892678309;250892678388;79;9;1;1;1
250892678388;250892678843;455;9;1;1;1
250892678843;250892679338;495;9;1;1;1
250892679338;250892679932;594;9;1;1;1
250892679932;250892684830;4898;9;1;1;1
250892684830;250892686965;2135;9;1;1;1
250892686965;250892687454;489;9;1;1;1
250892687454;250892688882;1428;9;1;1;1
250892688882;250892690349;1467;9;1;1;1
250892690349;250892690385;36;9;1;1;1
250892690385;250892690475;90;9;1;1;1
250892690475;250892691074;599;9;1;1;1
250892691074;250892691310;236;9;1;1;1
250892691310;250892691333;23;9;1;1;1
250892691333;250892691624;291;9;1;1;1
250892691624;250892692136;512;9;1;1;1
250892692136;250892692229;93;9;1;1;1
250892692229;250892692682;453;9;1;1;1
250892692682;250892692772;90;9;1;1;1
250892692772;250892693048;276;9;1;1;1
250892693048;250892693322;274;9;1;1;1
250892693322;250892694122;800;9;1;1;1
250892694122;250892694222;100;9;1;1;1
250892694222;250892694519;297;9;1;1;1
250892694519;250892694524;5;9;1;1;1
250892694524;250892694554;30;9;1;1;1
250892694554;250892695361;807;9;1;1;1
250892695361;250892698009;2648;9;1;1;1
250892698009;250892698301;292;9;1;1;1
250892698301;250892698308;7;9;1;1;1
250892698308;250892698623;315;9;1;1;1
250892698623;250892699092;469;9;1;1;1
250892699092;250892699173;81;9;1;1;1
250892699173;250892699411;238;9;1;1;1
250892699411;250892699588;177;9;1;1;1
250892699588;250892700225;637;9;1;1;1
250892700225;250892700559;334;9;1;1;1
250892700559;250892700760;201;9;1;1;1
250892700760;250892701202;442;9;1;1;1
250892701202;250892701668;466;9;1;1;1
250892701668;250892702336;668;9;1;1;1
250892702336;250892702366;30;9;1;1;1
250892702366;250892702483;117;9;1;1;1
250892702483;250892703410;927;9;1;1;1
250892703410;250892703534;124;9;1;1;1
250892703534;250892703721;187;9;1;1;1
250892703721;250892704285;564;9;1;1;1
250892704285;250892704793;508;9;1;1;1
250892704793;250892705010;217;9;1;1;1
250892705010;250892705819;809;9;1;1;1
250892705819;250892706156;337;9;1;1;1
250892706156;250892706728;572;9;1;1;1
250892706728;250892707167;439;9;1;1;1
250892707167;250892707174;7;9;1;1;1
250892707174;250892707331;157;9;1;1;1
250892707331;250892707520;189;9;1;1;1
250892707520;250892707531;11;9;1;1;1
250892707531;250892707541;10;9;1;1;1
250892707541;250892707640;99;9;1;1;1
250892707640;250892707756;116;9;1;1;1
250892707756;250892707779;23;9;1;1;1
250892707779;250892707871;92;9;1;1;1
250892707871;250892707981;110;9;1;1;1
250892707981;250892709829;1848;9;1;1;1
250892709829;250892710010;181;9;1;1;1
250892710010;250892710603;593;9;1;1;1
250892710603;250892710748;145;9;1;1;1
250892710748;250892710922;174;9;1;1;1
250892710922;250892711109;187;9;1;1;1
250892711109;250892711168;59;9;1;1;1
250892711168;250892711290;122;9;1;1;1
250892711290;250892711363;73;9;1;1;1
250892711363;250892711395;32;9;1;1;1
250892711395;250892711440;45;9;1;1;1
250892711440;250892711536;96;9;1;1;1
250892711536;250892712772;1236;9;1;1;1
250892712772;250892713239;467;9;1;1;1
250892713239;250892713851;612;9;1;1;1
250892713851;250892714212;361;9;1;1;1
250892714212;250892714493;281;9;1;1;1
250892714493;250892714548;55;9;1;1;1
250892714548;250892714668;120;9;1;1;1
250892714668;250892714676;8;9;1;1;1
250892714676;250892714693;17;9;1;1;1
250892714693;250892715087;394;9;1;1;1
250892715087;250892715094;7;9;1;1;1
250892715094;250892715275;181;9;1;1;1
250892715275;250892715866;591;9;1;1;1
250892715866;250892716613;747;9;1;1;1
250892716613;250892716798;185;9;1;1;1
250892716798;250892717013;215;9;1;1;1
250892717013;250892717070;57;9;1;1;1
250892717070;250892717597;527;9;1;1;1
250892717597;250892717702;105;9;1;1;1
250892717702;250892718513;811;9;1;1;1
250892718513;250892720060;1547;9;1;1;1
250892720060;250892720704;644;9;1;1;1
250892720704;250892720951;247;9;1;1;1
250892720951;250892721198;247;9;1;1;1
250892721198;250892721812;614;9;1;1;1
250892721812;250892721824;12;9;1;1;1
250892721824;250892722007;183;9;1;1;1
250892722007;250892722165;158;9;1;1;1
250892722165;250892722253;88;9;1;1;1
250892722253;250892722354;101;9;1;1;1
250892722354;250892722587;233;9;1;1;1
250892722587;250892722593;6;9;1;1;1
250892722593;250892722819;226;9;1;1;1
250892722819;250892722847;28;9;1;1;1
250892722847;250892723515;668;9;1;1;1
250892723515;250892723680;165;9;1;1;1
250892723680;250892723831;151;9;1;1;1
250892723831;250892724490;659;9;1;1;1
250892724490;250892724491;1;9;1;1;1
250892724491;250892724840;349;9;1;1;1
250892724840;250892725644;804;9;1;1;1
250892725644;250892725799;155;9;1;1;1
250892725799;250892726017;218;9;1;1;1
250892726017;250892726785;768;9;1;1;1
250892726785;250892727793;1008;9;1;1;1
250892727793;250892728241;448;9;1;1;1
250892728241;250892728406;165;9;1;1;1
250892728406;250892728487;81;9;1;1;1
250892728487;250892729046;559;9;1;1;1
250892729046;250892729415;369;9;1;1;1
250892729415;250892731921;2506;9;1;1;1
250892731921;250892732241;320;9;1;1;1
250892732241;250892733026;785;9;1;1;1
250892733026;250892733676;650;9;1;1;1
250892733676;250892734839;1163;9;1;1;1
250892734839;250892735079;240;9;1;1;1
250892735079;250892735472;393;9;1;1;1
250892735472;250892735564;92;9;1;1;1
250892735564;250892735749;185;9;1;1;1
250892735749;250892736031;282;9;1;1;1
250892736031;250892736126;95;9;1;1;1
250892736126;250892736619;493;9;1;1;1
250892736619;250892736642;23;9;1;1;1
250892736642;250892736868;226;9;1;1;1
250892736868;250892737081;213;9;1;1;1
250892737081;250892737129;48;9;1;1;1
250892737129;250892737138;9;9;1;1;1
250892737138;250892737617;479;9;1;1;1
250892737617;250892737835;218;9;1;1;1
250892737835;250892738875;1040;9;1;1;1
250892738875;250892738966;91;9;1;1;1
250892738966;250892739030;64;9;1;1;1
250892739030;250892739616;586;9;1;1;1
250892739616;250892739965;349;9;1;1;1
250892739965;250892740461;496;9;1;1;1
250892740461;250892740495;34;9;1;1;1
250892740495;250892740830;335;9;1;1;1
250892740830;250892740982;152;9;1;1;1
250892740982;250892741527;545;9;1;1;1
250892741527;250892742091;564;9;1;1;1
250892742091;250892742100;9;9;1;1;1
250892742100;250892743030;930;9;1;1;1
250892743030;250892744032;1002;9;1;1;1
250892744032;250892744322;290;9;1;1;1
250892744322;250892744490;168;9;1;1;1
250892744490;250892744928;438;9;1;1;1
250892744928;250892745914;986;9;1;1;1
250892745914;250892746191;277;9;1;1;1
250892746191;250892746237;46;9;1;1;1
250892746237;250892746423;186;9;1;1;1
250892746423;250892746632;209;9;1;1;1
250892746632;250892746871;239;9;1;1;1
250892746871;250892747013;142;9;1;1;1
250892747013;250892747029;16;9;1;1;1
250892747029;250892747412;383;9;1;1;1
250892747412;250892747465;53;9;1;1;1
250892747465;250892747775;310;9;1;1;1
250892747775;250892747954;179;9;1;1;1
250892747954;250892748325;371;9;1;1;1
250892748325;250892748385;60;9;1;1;1
250892748385;250892748705;320;9;1;1;1
250892748705;250892748774;69;9;1;1;1
250892748774;250892749208;434;9;1;1;1
250892749208;250892749477;269;9;1;1;1
250892749477;250892749513;36;9;1;1;1
250892749513;250892749567;54;9;1;1;1
250892749567;250892749994;427;9;1;1;1
250892749994;250892750229;235;9;1;1;1
250892750229;250892750947;718;9;1;1;1
250892750947;250892751731;784;9;1;1;1
250892751731;250892751921;190;9;1;1;1
250892751921;250892752313;392;9;1;1;1
250892752313;250892752350;37;9;1;1;1
250892752350;250892752685;335;9;1;1;1
250892752685;250892752756;71;9;1;1;1
250892752756;250892752838;82;9;1;1;1
250892752838;250892753087;249;9;1;1;1
250892753087;250892754362;1275;9;1;1;1
250892754362;250892754414;52;9;1;1;1
250892754414;250892754491;77;9;1;1;1
250892754491;250892755052;561;9;1;1;1
250892755052;250892755166;114;9;1;1;1
250892755166;250892756254;1088;9;1;1;1
250892756254;250892756525;271;9;1;1;1
250892756525;250892756582;57;9;1;1;1
250892756582;250892757201;619;9;1;1;1
250892757201;250892757522;321;9;1;1;1
250892757522;250892757568;46;9;1;1;1
250892757568;250892757771;203;9;1;1;1
250892757771;250892758371;600;9;1;1;1
250892758371;250892758374;3;9;1;1;1
250892758374;250892759036;662;9;1;1;1
250892759036;250892759963;927;9;1;1;1
250892759963;250892760269;306;9;1;1;1
250892760269;250892761136;867;9;1;1;1
250892761136;250892761222;86;9;1;1;1
250892761222;250892761569;347;9;1;1;1
250892761569;250892762188;619;9;1;1;1
250892762188;250892762253;65;9;1;1;1
250892762253;250892762486;233;9;1;1;1
250892762486;250892762705;219;9;1;1;1
250892762705;250892763023;318;9;1;1;1
250892763023;250892763578;555;9;1;1;1
250892763578;250892763964;386;9;1;1;1
250892763964;250892765398;1434;9;1;1;1
250892765398;250892765680;282;9;1;1;1
250892765680;250892766017;337;9;1;1;1
250892766017;250892766141;124;9;1;1;1
250892766141;250892766675;534;9;1;1;1
250892766675;250892766824;149;9;1;1;1
250892766824;250892766883;59;9;1;1;1
250892766883;250892767520;637;9;1;1;1
250892767520;250892767757;237;9;1;1;1
250892767757;250892768720;963;9;1;1;1
250892768720;250892768885;165;9;1;1;1
250892768885;250892769718;833;9;1;1;1
250892769718;250892770932;1214;9;1;1;1
250892770932;250892771086;154;9;1;1;1
250892771086;250892771124;38;9;1;1;1
250892771124;250892771906;782;9;1;1;1
250892771906;250892772087;181;9;1;1;1
250892772087;250892772407;320;9;1;1;1
250892772407;250892772435;28;9;1;1;1
250892772435;250892772498;63;9;1;1;1
250892772498;250892772997;499;9;1;1;1
250892772997;250892773932;935;9;1;1;1
250892773932;250892773976;44;9;1;1;1
250892773976;250892774027;51;9;1;1;1
250892774027;250892774248;221;9;1;1;1
250892774248;250892774289;41;9;1;1;1
250892774289;250892774456;167;9;1;1;1
250892774456;250892774659;203;9;1;1;1
250892774659;250892774723;64;9;1;1;1
250892774723;250892775476;753;9;1;1;1
250892775476;250892775660;184;9;1;1;1
250892775660;250892775850;190;9;1;1;1
250892775850;250892776103;253;9;1;1;1
250892776103;250892776899;796;9;1;1;1
250892776899;250892778573;1674;9;1;1;1
250892778573;250892778845;272;9;1;1;1
250892778845;250892779772;927;9;1;1;1
250892779772;250892779825;53;9;1;1;1
250892779825;250892780021;196;9;1;1;1
250892780021;250892780305;284;9;1;1;1
250892780305;250892780342;37;9;1;1;1
250892780342;250892781003;661;9;1;1;1
250892781003;250892781210;207;9;1;1;1
250892781210;250892781259;49;9;1;1;1
250892781259;250892781952;693;9;1;1;1
250892781952;250892782080;128;9;1;1;1
250892782080;250892782108;28;9;1;1;1
250892782108;250892782236;128;9;1;1;1
250892782236;250892782450;214;9;1;1;1
250892782450;250892782557;107;9;1;1;1
250892782557;250892782666;109;9;1;1;1
250892782666;250892782967;301;9;1;1;1
250892782967;250892783293;326;9;1;1;1
250892783293;250892783569;276;9;1;1;1
250892783569;250892783741;172;9;1;1;1
250892783741;250892783854;113;9;1;1;1
250892783854;250892783867;13;9;1;1;1
250892783867;250892784226;359;9;1;1;1
250892784226;250892784442;216;9;1;1;1
250892784442;250892784560;118;9;1;1;1
250892784560;250892785094;534;9;1;1;1
250892785094;250892785396;302;9;1;1;1
250892785396;250892785699;303;9;1;1;1
250892785699;250892786443;744;9;1;1;1
250892786443;250892787693;1250;9;1;1;1
250892787693;250892787753;60;9;1;1;1
250892787753;250892789936;2183;9;1;1;1
250892789936;250892790131;195;9;1;1;1
250892790131;250892790301;170;9;1;1;1
250892790301;250892790844;543;9;1;1;1
250892790844;250892791298;454;9;1;1;1
250892791298;250892791773;475;9;1;1;1
250892791773;250892791809;36;9;1;1;1
250892791809;250892792898;1089;9;1;1;1
250892792898;250892793331;433;9;1;1;1
250892793331;250892793430;99;9;1;1;1
250892793430;250892794260;830;9;1;1;1
250892794260;250892794988;728;9;1;1;1
250892794988;250892795178;190;9;1;1;1
250892795178;250892795236;58;9;1;1;1
250892795236;250892795312;76;9;1;1;1
250892795312;250892795349;37;9;1;1;1
250892795349;250892795575;226;9;1;1;1
250892795575;250892796967;1392;9;1;1;1
250892796967;250892797658;691;9;1;1;1
250892797658;250892798213;555;9;1;1;1
250892798213;250892798278;65;9;1;1;1
250892798278;250892798401;123;9;1;1;1
250892798401;250892798508;107;9;1;1;1
250892798508;250892798570;62;9;1;1;1
250892798570;250892799509;939;9;1;1;1
250892799509;250892800115;606;9;1;1;1
250892800115;250892800678;563;9;1;1;1
250892800678;250892801573;895;9;1;1;1
250892801573;250892801587;14;9;1;1;1
250892801587;250892802035;448;9;1;1;1
250892802035;250892802142;107;9;1;1;1
250892802142;250892802474;332;9;1;1;1
250892802474;250892803136;662;9;1;1;1
250892803136;250892803246;110;9;1;1;1
250892803246;250892803600;354;9;1;1;1
250892803600;250892803884;284;9;1;1;1
250892803884;250892804377;493;9;1;1;1
250892804377;250892804711;334;9;1;1;1
250892804711;250892804774;63;9;1;1;1
250892804774;250892804948;174;9;1;1;1
250892804948;250892805759;811;9;1;1;1
250892805759;250892805782;23;9;1;1;1
250892805782;250892806069;287;9;1;1;1
250892806069;250892807104;1035;9;1;1;1
250892807104;250892807192;88;9;1;1;1
250892807192;250892807670;478;9;1;1;1
250892807670;250892808425;755;9;1;1;1
250892808425;250892808498;73;9;1;1;1
250892808498;250892808583;85;9;1;1;1
250892808583;250892808666;83;9;1;1;1
250892808666;250892808973;307;9;1;1;1
250892808973;250892809314;341;9;1;1;1
250892809314;250892809779;465;9;1;1;1
250892809779;250892809808;29;9;1;1;1
250892809808;250892809993;185;9;1;1;1
250892809993;250892810204;211;9;1;1;1
250892810204;250892810446;242;9;1;1;1
250892810446;250892811099;653;9;1;1;1
250892811099;250892811239;140;9;1;1;1
250892811239;250892811419;180;9;1;1;1
250892811419;250892811613;194;9;1;1;1
250892811613;250892811790;177;9;1;1;1
250892811790;250892811917;127;9;1;1;1
250892811917;250892811953;36;9;1;1;1
250892811953;250892812467;514;9;1;1;1
250892812467;250892812488;21;9;1;1;1
250892812488;250892812535;47;9;1;1;1
250892812535;250892812621;86;9;1;1;1
250892812621;250892812693;72;9;1;1;1
250892812693;250892812765;72;9;1;1;1
250892812765;250892814537;1772;9;1;1;1
250892814537;250892815014;477;9;1;1;1
250892815014;250892815067;53;9;1;1;1
250892815067;250892815128;61;9;1;1;1
250892815128;250892815225;97;9;1;1;1
250892815225;250892815820;595;9;1;1;1
250892815820;250892815944;124;9;1;1;1
250892815944;250892816037;93;9;1;1;1
250892816037;250892816106;69;9;1;1;1
250892816106;250892816256;150;9;1;1;1
250892816256;250892816365;109;9;1;1;1
250892816365;250892816384;19;9;1;1;1
250892816384;250892816392;8;9;1;1;1
250892816392;250892816481;89;9;1;1;1
250892816481;250892816502;21;9;1;1;1
250892816502;250892816568;66;9;1;1;1
250892816568;250892816591;23;9;1;1;1
250892816591;250892817376;785;9;1;1;1
250892817376;250892817573;197;9;1;1;1
250892817573;250892818178;605;9;1;1;1
250892818178;250892820277;2099;9;1;1;1
250892820277;250892820312;35;9;1;1;1
250892820312;250892820581;269;9;1;1;1
250892820581;250892821608;1027;9;1;1;1
250892821608;250892821682;74;9;1;1;1
250892821682;250892821822;140;9;1;1;1
250892821822;250892821989;167;9;1;1;1
250892821989;250892822247;258;9;1;1;1
250892822247;250892822401;154;9;1;1;1
250892822401;250892822629;228;9;1;1;1
250892822629;250892822680;51;9;1;1;1
250892822680;250892822800;120;9;1;1;1
250892822800;250892823166;366;9;1;1;1
250892823166;250892823513;347;9;1;1;1
250892823513;250892823610;97;9;1;1;1
250892823610;250892823856;246;9;1;1;1
250892823856;250892824065;209;9;1;1;1
250892824065;250892824651;586;9;1;1;1
250892824651;250892825937;1286;9;1;1;1
250892825937;250892826035;98;9;1;1;1
250892826035;250892826362;327;9;1;1;1
250892826362;250892828165;1803;9;1;1;1
250892828165;250892828210;45;9;1;1;1
250892828210;250892828237;27;9;1;1;1
250892828237;250892828418;181;9;1;1;1
250892828418;250892828829;411;9;1;1;1
250892828829;250892828920;91;9;1;1;1
250892828920;250892829509;589;9;1;1;1
250892829509;250892829770;261;9;1;1;1
250892829770;250892830302;532;9;1;1;1
250892830302;250892830325;23;9;1;1;1
250892830325;250892830546;221;9;1;1;1
250892830546;250892830571;25;9;1;1;1
250892830571;250892831837;1266;9;1;1;1
250892831837;250892831878;41;9;1;1;1
250892831878;250892831983;105;9;1;1;1
250892831983;250892833147;1164;9;1;1;1
250892833147;250892833153;6;9;1;1;1
250892833153;250892833233;80;9;1;1;1
250892833233;250892835853;2620;9;1;1;1
250892835853;250892836387;534;9;1;1;1
250892836387;250892836511;124;9;1;1;1
250892836511;250892837744;1233;9;1;1;1
250892837744;250892838652;908;9;1;1;1
250892838652;250892839196;544;9;1;1;1
250892839196;250892841372;2176;9;1;1;1
250892841372;250892841503;131;9;1;1;1
250892841503;250892846149;4646;9;1;1;1
250892846149;250892846205;56;9;1;1;1
250892846205;250892846421;216;9;1;1;1
250892846421;250892847723;1302;9;1;1;1
250892847723;250892848115;392;9;1;1;1
250892848115;250892848159;44;9;1;1;1
250892848159;250892848474;315;9;1;1;1
250892848474;250892848524;50;9;1;1;1
250892848524;250892848669;145;9;1;1;1
250892848669;250892849522;853;9;1;1;1
250892849522;250892849630;108;9;1;1;1
250892849630;250892849910;280;9;1;1;1
250892849910;250892850249;339;9;1;1;1
250892850249;250892850376;127;9;1;1;1
250892850376;250892850753;377;9;1;1;1
250892850753;250892851380;627;9;1;1;1
250892851380;250892851793;413;9;1;1;1
250892851793;250892851934;141;9;1;1;1
250892851934;250892852092;158;9;1;1;1
250892852092;250892852534;442;9;1;1;1
250892852534;250892852664;130;9;1;1;1
250892852664;250892852823;159;9;1;1;1
250892852823;250892853048;225;9;1;1;1
250892853048;250892853139;91;9;1;1;1
250892853139;250892853824;685;9;1;1;1
250892853824;250892854561;737;9;1;1;1
250892854561;250892854702;141;9;1;1;1
250892854702;250892854980;278;9;1;1;1
250892854980;250892855158;178;9;1;1;1
250892855158;250892855271;113;9;1;1;1
250892855271;250892855573;302;9;1;1;1
250892855573;250892855715;142;9;1;1;1
250892855715;250892856228;513;9;1;1;1
250892856228;250892856286;58;9;1;1;1
250892856286;250892856336;50;9;1;1;1
250892856336;250892858344;2008;9;1;1;1
250892858344;250892858692;348;9;1;1;1
250892858692;250892860913;2221;9;1;1;1
250892860913;250892861737;824;9;1;1;1
250892861737;250892862221;484;9;1;1;1
250892862221;250892863560;1339;9;1;1;1
250892863560;250892865202;1642;9;1;1;1
250892865202;250892867849;2647;9;1;1;1
250892867849;250892869191;1342;9;1;1;1
250892869191;250892870844;1653;9;1;1;1
250892870844;250892872271;1427;9;1;1;1
250892872271;250892873281;1010;9;1;1;1
250892873281;250892873497;216;9;1;1;1
250892873497;250892873549;52;9;1;1;1
250892873549;250892873632;83;9;1;1;1
250892873632;250892874431;799;9;1;1;1
250892874431;250892874507;76;9;1;1;1
250892874507;250892874557;50;9;1;1;1
250892874557;250892875460;903;9;1;1;1
250892875460;250892875813;353;9;1;1;1
250892875813;250892877603;1790;9;1;1;1
250892877603;250892878629;1026;9;1;1;1
250892878629;250892879180;551;9;1;1;1
250892879180;250892882168;2988;9;1;1;1
250892882168;250892882454;286;9;1;1;1
250892882454;250892883046;592;9;1;1;1
250892883046;250892884684;1638;9;1;1;1
250892884684;250892886338;1654;9;1;1;1
250892886338;250892887170;832;9;1;1;1
250892887170;250892887191;21;9;1;1;1
250892887191;250892887456;265;9;1;1;1
250892887456;250892887658;202;9;1;1;1
250892887658;250892888217;559;9;1;1;1
250892888217;250892888285;68;9;1;1;1
250892888285;250892889142;857;9;1;1;1
250892889142;250892889284;142;9;1;1;1
250892889284;250892889520;236;9;1;1;1
250892889520;250892889558;38;9;1;1;1
250892889558;250892890052;494;9;1;1;1
250892890052;250892891644;1592;9;1;1;1
250892891644;250892892216;572;9;1;1;1
250892892216;250892892313;97;9;1;1;1
250892892313;250892892388;75;9;1;1;1
250892892388;250892892505;117;9;1;1;1
250892892505;250892892536;31;9;1;1;1
250892892536;250892893508;972;9;1;1;1
250892893508;250892894336;828;9;1;1;1
250892894336;250892894946;610;9;1;1;1
250892894946;250892895206;260;9;1;1;1
250892895206;250892896584;1378;9;1;1;1
250892896584;250892897291;707;9;1;1;1
250892897291;250892897975;684;9;1;1;1
250892897975;250892898122;147;9;1;1;1
250892898122;250892898527;405;9;1;1;1
250892898527;250892898956;429;9;1;1;1
250892898956;250892899277;321;9;1;1;1
250892899277;250892899318;41;9;1;1;1
250892899318;250892899354;36;9;1;1;1
250892899354;250892899440;86;9;1;1;1
250892899440;250892899595;155;9;1;1;1
250892899595;250892902200;2605;9;1;1;1
250892902200;250892902226;26;9;1;1;1
250892902226;250892902230;4;9;1;1;1
250892902230;250892902688;458;9;1;1;1
250892902688;250892902977;289;9;1;1;1
250892902977;250892903023;46;9;1;1;1
250892903023;250892903342;319;9;1;1;1
250892903342;250892904153;811;9;1;1;1
250892904153;250892905659;1506;9;1;1;1
250892905659;250892906040;381;9;1;1;1
250892906040;250892906083;43;9;1;1;1
250892906083;250892906254;171;9;1;1;1
250892906254;250892906415;161;9;1;1;1
250892906415;250892906706;291;9;1;1;1
250892906706;250892906841;135;9;1;1;1
250892906841;250892906847;6;9;1;1;1
250892906847;250892906932;85;9;1;1;1
250892906932;250892907476;544;9;1;1;1
250892907476;250892907530;54;9;1;1;1
250892907530;250892907965;435;9;1;1;1
250892907965;250892909329;1364;9;1;1;1
250892909329;250892909398;69;9;1;1;1
250892909398;250892909525;127;9;1;1;1
250892909525;250892909576;51;9;1;1;1
250892909576;250892909738;162;9;1;1;1
250892909738;250892909939;201;9;1;1;1
250892909939;250892910213;274;9;1;1;1
250892910213;250892910729;516;9;1;1;1
250892910729;250892910952;223;9;1;1;1
250892910952;250892910975;23;9;1;1;1
250892910975;250892911647;672;9;1;1;1
250892911647;250892912441;794;9;1;1;1
250892912441;250892912544;103;9;1;1;1
250892912544;250892913466;922;9;1;1;1
250892913466;250892913526;60;9;1;1;1
250892913526;250892914240;714;9;1;1;1
250892914240;250892914688;448;9;1;1;1
250892914688;250892914740;52;9;1;1;1
250892914740;250892914744;4;9;1;1;1
250892914744;250892915169;425;9;1;1;1
250892915169;250892915540;371;9;1;1;1
250892915540;250892916205;665;9;1;1;1
250892916205;250892916385;180;9;1;1;1
250892916385;250892917095;710;9;1;1;1
250892917095;250892917800;705;9;1;1;1
250892917800;250892917984;184;9;1;1;1
250892917984;250892918022;38;9;1;1;1
250892918022;250892918111;89;9;1;1;1
250892918111;250892918168;57;9;1;1;1
250892918168;250892918240;72;9;1;1;1
250892918240;250892919076;836;9;1;1;1
250892919076;250892919642;566;9;1;1;1
250892919642;250892920428;786;9;1;1;1
250892920428;250892920941;513;9;1;1;1
250892920941;250892921080;139;9;1;1;1
250892921080;250892921167;87;9;1;1;1
250892921167;250892921213;46;9;1;1;1
250892921213;250892921247;34;9;1;1;1
250892921247;250892921712;465;9;1;1;1
250892921712;250892921908;196;9;1;1;1
250892921908;250892922084;176;9;1;1;1
250892922084;250892922159;75;9;1;1;1
250892922159;250892922247;88;9;1;1;1
250892922247;250892922397;150;9;1;1;1
250892922397;250892922655;258;9;1;1;1
250892922655;250892924016;1361;9;1;1;1
250892924016;250892924233;217;9;1;1;1
250892924233;250892924449;216;9;1;1;1
250892924449;250892924695;246;9;1;1;1
250892924695;250892924729;34;9;1;1;1
250892924729;250892924771;42;9;1;1;1
250892924771;250892925067;296;9;1;1;1
250892925067;250892925280;213;9;1;1;1
250892925280;250892925545;265;9;1;1;1
250892925545;250892926058;513;9;1;1;1
250892926058;250892926841;783;9;1;1;1
250892926841;250892928987;2146;9;1;1;1
250892928987;250892929369;382;9;1;1;1
250892929369;250892929515;146;9;1;1;1
250892929515;250892929637;122;9;1;1;1
250892929637;250892929863;226;9;1;1;1
250892929863;250892929990;127;9;1;1;1
250892929990;250892930452;462;9;1;1;1
250892930452;250892930767;315;9;1;1;1
250892930767;250892931409;642;9;1;1;1
250892931409;250892934482;3073;9;1;1;1
250892934482;250892934721;239;9;1;1;1
250892934721;250892934829;108;9;1;1;1
250892934829;250892934990;161;9;1;1;1
250892934990;250892935129;139;9;1;1;1
250892935129;250892935221;92;9;1;1;1
250892935221;250892935548;327;9;1;1;1
250892935548;250892936727;1179;9;1;1;1
250892936727;250892936978;251;9;1;1;1
250892936978;250892937385;407;9;1;1;1
250892937385;250892937902;517;9;1;1;1
250892937902;250892938069;167;9;1;1;1
250892938069;250892938322;253;9;1;1;1
250892938322;250892939384;1062;9;1;1;1
250892939384;250892939389;5;9;1;1;1
250892939389;250892940721;1332;9;1;1;1
250892940721;250892941098;377;9;1;1;1
250892941098;250892941239;141;9;1;1;1
250892941239;250892941333;94;9;1;1;1
250892941333;250892941492;159;9;1;1;1
250892941492;250892942208;716;9;1;1;1
250892942208;250892942214;6;9;1;1;1
250892942214;250892942257;43;9;1;1;1
250892942257;250892942325;68;9;1;1;1
250892942325;250892942361;36;9;1;1;1
250892942361;250892942604;243;9;1;1;1
250892942604;250892942704;100;9;1;1;1
250892942704;250892942727;23;9;1;1;1
250892942727;250892942889;162;9;1;1;1
250892942889;250892942907;18;9;1;1;1
250892942907;250892943201;294;9;1;1;1
250892943201;250892943921;720;9;1;1;1
250892943921;250892944506;585;9;1;1;1
250892944506;250892945266;760;9;1;1;1
250892945266;250892945402;136;9;1;1;1
250892945402;250892945439;37;9;1;1;1
250892945439;250892945461;22;9;1;1;1
250892945461;250892945580;119;9;1;1;1
250892945580;250892945601;21;9;1;1;1
250892945601;250892945721;120;9;1;1;1
250892945721;250892946290;569;9;1;1;1
250892946290;250892946700;410;9;1;1;1
250892946700;250892947274;574;9;1;1;1
250892947274;250892948249;975;9;1;1;1
250892948249;250892948618;369;9;1;1;1
250892948618;250892949016;398;9;1;1;1
250892949016;250892949141;125;9;1;1;1
250892949141;250892949349;208;9;1;1;1
250892949349;250892949483;134;9;1;1;1
250892949483;250892949647;164;9;1;1;1
250892949647;250892949667;20;9;1;1;1
250892949667;250892950565;898;9;1;1;1
250892950565;250892950919;354;9;1;1;1
250892950919;250892951186;267;9;1;1;1
250892951186;250892951542;356;9;1;1;1
250892951542;250892951667;125;9;1;1;1
250892951667;250892952038;371;9;1;1;1
250892952038;250892952748;710;9;1;1;1
250892952748;250892953385;637;9;1;1;1
250892953385;250892953485;100;9;1;1;1
250892953485;250892955724;2239;9;1;1;1
250892955724;250892956657;933;9;1;1;1
250892956657;250892956683;26;9;1;1;1
250892956683;250892956993;310;9;1;1;1
250892956993;250892957381;388;9;1;1;1
250892957381;250892957390;9;9;1;1;1
250892957390;250892957870;480;9;1;1;1
250892957870;250892957995;125;9;1;1;1
250892957995;250892958766;771;9;1;1;1
250892958766;250892958930;164;9;1;1;1
250892958930;250892959253;323;9;1;1;1
250892959253;250892959622;369;9;1;1;1
250892959622;250892959766;144;9;1;1;1
250892959766;250892960014;248;9;1;1;1
250892960014;250892960213;199;9;1;1;1
250892960213;250892960610;397;9;1;1;1
250892960610;250892960973;363;9;1;1;1
250892960973;250892961480;507;9;1;1;1
250892961480;250892962239;759;9;1;1;1
250892962239;250892962856;617;9;1;1;1
250892962856;250892963999;1143;9;1;1;1
250892963999;250892964293;294;9;1;1;1
250892964293;250892964495;202;9;1;1;1
250892964495;250892965226;731;9;1;1;1
250892965226;250892965407;181;9;1;1;1
250892965407;250892965548;141;9;1;1;1
250892965548;250892965872;324;9;1;1;1
250892965872;250892966157;285;9;1;1;1
250892966157;250892966178;21;9;1;1;1
250892966178;250892966746;568;9;1;1;1
250892966746;250892967280;534;9;1;1;1
250892967280;250892967345;65;9;1;1;1
250892967345;250892968311;966;9;1;1;1
250892968311;250892968407;96;9;1;1;1
250892968407;250892968761;354;9;1;1;1
250892968761;250892969114;353;9;1;1;1
250892969114;250892969462;348;9;1;1;1
250892969462;250892969549;87;9;1;1;1
250892969549;250892969627;78;9;1;1;1
250892969627;250892969749;122;9;1;1;1
250892969749;250892970207;458;9;1;1;1
250892970207;250892971198;991;9;1;1;1
250892971198;250892971394;196;9;1;1;1
250892971394;250892972525;1131;9;1;1;1
250892972525;250892972535;10;9;1;1;1
250892972535;250892973097;562;9;1;1;1
250892973097;250892973292;195;9;1;1;1
250892973292;250892973627;335;9;1;1;1
250892973627;250892973916;289;9;1;1;1
250892973916;250892974090;174;9;1;1;1
250892974090;250892974285;195;9;1;1;1
250892974285;250892974818;533;9;1;1;1
250892974818;250892974937;119;9;1;1;1
250892974937;250892975154;217;9;1;1;1
250892975154;250892975668;514;9;1;1;1
250892975668;250892976529;861;9;1;1;1
250892976529;250892976777;248;9;1;1;1
250892976777;250892979061;2284;9;1;1;1
250892979061;250892979276;215;9;1;1;1
250892979276;250892979317;41;9;1;1;1
250892979317;250892979480;163;9;1;1;1
250892979480;250892979917;437;9;1;1;1
250892979917;250892980567;650;9;1;1;1
250892980567;250892981547;980;9;1;1;1
250892981547;250892981868;321;9;1;1;1
250892981868;250892982548;680;9;1;1;1
250892982548;250892982567;19;9;1;1;1
250892982567;250892982788;221;9;1;1;1
250892982788;250892982981;193;9;1;1;1
250892982981;250892983772;791;9;1;1;1
250892983772;250892985733;1961;9;1;1;1
250892985733;250892986046;313;9;1;1;1
250892986046;250892986082;36;9;1;1;1
250892986082;250892986802;720;9;1;1;1
250892986802;250892987197;395;9;1;1;1
250892987197;250892988695;1498;9;1;1;1
250892988695;250892988957;262;9;1;1;1
250892988957;250892990016;1059;9;1;1;1
250892990016;250892990372;356;9;1;1;1
250892990372;250892990680;308;9;1;1;1
250892990680;250892990689;9;9;1;1;1
250892990689;250892990717;28;9;1;1;1
250892990717;250892991032;315;9;1;1;1
250892991032;250892991315;283;9;1;1;1
250892991315;250892991803;488;9;1;1;1
250892991803;250892992117;314;9;1;1;1
250892992117;250892992242;125;9;1;1;1
250892992242;250892992555;313;9;1;1;1
250892992555;250892992751;196;9;1;1;1
250892992751;250892993126;375;9;1;1;1
250892993126;250892994062;936;9;1;1;1
250892994062;250892994261;199;9;1;1;1
250892994261;250892994503;242;9;1;1;1
250892994503;250892994828;325;9;1;1;1
250892994828;250892995003;175;9;1;1;1
250892995003;250892995146;143;9;1;1;1
250892995146;250892995446;300;9;1;1;1
250892995446;250892995476;30;9;1;1;1
250892995476;250892995802;326;9;1;1;1
250892995802;250892996428;626;9;1;1;1
250892996428;250892997031;603;9;1;1;1
250892997031;250892999333;2302;9;1;1;1
250892999333;250892999696;363;9;1;1;1
250892999696;250893001485;1789;9;1;1;1
250893001485;250893001598;113;9;1;1;1
250893001598;250893002574;976;9;1;1;1
250893002574;250893002819;245;9;1;1;1
250893002819;250893003341;522;9;1;1;1
250893003341;250893003768;427;9;1;1;1
250893003768;250893005053;1285;9;1;1;1
250893005053;250893005067;14;9;1;1;1
250893005067;250893005366;299;9;1;1;1
250893005366;250893005443;77;9;1;1;1
250893005443;250893005535;92;9;1;1;1
250893005535;250893005675;140;9;1;1;1
250893005675;250893006694;1019;9;1;1;1
250893006694;250893006887;193;9;1;1;1
250893006887;250893006925;38;9;1;1;1
250893006925;250893007426;501;9;1;1;1
250893007426;250893007574;148;9;1;1;1
250893007574;250893007792;218;9;1;1;1
250893007792;250893008428;636;9;1;1;1
250893008428;250893008733;305;9;1;1;1
250893008733;250893011270;2537;9;1;1;1
250893011270;250893012560;1290;9;1;1;1
250893012560;250893013756;1196;9;1;1;1
250893013756;250893014075;319;9;1;1;1
250893014075;250893014374;299;9;1;1;1
250893014374;250893014760;386;9;1;1;1
250893014760;250893014781;21;9;1;1;1
250893014781;250893014902;121;9;1;1;1
250893014902;250893014912;10;9;1;1;1
250893014912;250893015428;516;9;1;1;1
250893015428;250893015547;119;9;1;1;1
250893015547;250893015923;376;9;1;1;1
250893015923;250893016099;176;9;1;1;1
250893016099;250893016164;65;9;1;1;1
250893016164;250893016275;111;9;1;1;1
250893016275;250893016292;17;9;1;1;1
250893016292;250893016673;381;9;1;1;1
250893016673;250893016733;60;9;1;1;1
250893016733;250893017029;296;9;1;1;1
250893017029;250893017330;301;9;1;1;1
250893017330;250893017455;125;9;1;1;1
250893017455;250893017617;162;9;1;1;1
250893017617;250893017777;160;9;1;1;1
250893017777;250893017867;90;9;1;1;1
250893017867;250893018877;1010;9;1;1;1
250893018877;250893019241;364;9;1;1;1
250893019241;250893019279;38;9;1;1;1
250893019279;250893019375;96;9;1;1;1
250893019375;250893019425;50;9;1;1;1
250893019425;250893019466;41;9;1;1;1
250893019466;250893020132;666;9;1;1;1
250893020132;250893020831;699;9;1;1;1
250893020831;250893020890;59;9;1;1;1
250893020890;250893021052;162;9;1;1;1
250893021052;250893021508;456;9;1;1;1
250893021508;250893022131;623;9;1;1;1
250893022131;250893023356;1225;9;1;1;1
250893023356;250893023730;374;9;1;1;1
250893023730;250893023905;175;9;1;1;1
250893023905;250893023919;14;9;1;1;1
250893023919;250893024146;227;9;1;1;1
250893024146;250893024349;203;9;1;1;1
250893024349;250893024906;557;9;1;1;1
250893024906;250893024922;16;9;1;1;1
250893024922;250893025014;92;9;1;1;1
250893025014;250893025217;203;9;1;1;1
250893025217;250893025902;685;9;1;1;1
250893025902;250893025922;20;9;1;1;1
250893025922;250893026138;216;9;1;1;1
250893026138;250893026430;292;9;1;1;1
250893026430;250893026901;471;9;1;1;1
250893026901;250893027149;248;9;1;1;1
250893027149;250893027192;43;9;1;1;1
250893027192;250893027451;259;9;1;1;1
250893027451;250893027574;123;9;1;1;1
250893027574;250893029104;1530;9;1;1;1
250893029104;250893029313;209;9;1;1;1
250893029313;250893030205;892;9;1;1;1
250893030205;250893030627;422;9;1;1;1
250893030627;250893030992;365;9;1;1;1
250893030992;250893032468;1476;9;1;1;1
250893032468;250893033272;804;9;1;1;1
250893033272;250893033325;53;9;1;1;1
250893033325;250893033601;276;9;1;1;1
250893033601;250893034224;623;9;1;1;1
250893034224;250893034426;202;9;1;1;1
250893034426;250893034581;155;9;1;1;1
250893034581;250893035558;977;9;1;1;1
250893035558;250893035848;290;9;1;1;1
250893035848;250893035852;4;9;1;1;1
250893035852;250893036161;309;9;1;1;1
250893036161;250893036476;315;9;1;1;1
250893036476;250893037047;571;9;1;1;1
250893037047;250893037214;167;9;1;1;1
250893037214;250893037335;121;9;1;1;1
250893037335;250893037427;92;9;1;1;1
250893037427;250893037731;304;9;1;1;1
250893037731;250893038184;453;9;1;1;1
250893038184;250893038282;98;9;1;1;1
250893038282;250893038436;154;9;1;1;1
250893038436;250893039211;775;9;1;1;1
250893039211;250893039602;391;9;1;1;1
250893039602;250893042952;3350;9;1;1;1
250893042952;250893043082;130;9;1;1;1
250893043082;250893045934;2852;9;1;1;1
250893045934;250893046296;362;9;1;1;1
250893046296;250893047873;1577;9;1;1;1
250893047873;250893047985;112;9;1;1;1
250893047985;250893048105;120;9;1;1;1
250893048105;250893048301;196;9;1;1;1
250893048301;250893048309;8;9;1;1;1
250893048309;250893048328;19;9;1;1;1
250893048328;250893048333;5;9;1;1;1
250893048333;250893048521;188;9;1;1;1
250893048521;250893048647;126;9;1;1;1
250893048647;250893048839;192;9;1;1;1
250893048839;250893048856;17;9;1;1;1
250893048856;250893049108;252;9;1;1;1
250893049108;250893049334;226;9;1;1;1
250893049334;250893049439;105;9;1;1;1
250893049439;250893050112;673;9;1;1;1
250893050112;250893050244;132;9;1;1;1
250893050244;250893052038;1794;9;1;1;1
250893052038;250893052601;563;9;1;1;1
250893052601;250893053051;450;9;1;1;1
250893053051;250893053136;85;9;1;1;1
250893053136;250893054477;1341;9;1;1;1
250893054477;250893055569;1092;9;1;1;1
250893055569;250893055782;213;9;1;1;1
250893055782;250893056362;580;9;1;1;1
250893056362;250893056531;169;9;1;1;1
250893056531;250893057134;603;9;1;1;1
250893057134;250893058078;944;9;1;1;1
250893058078;250893058273;195;9;1;1;1
250893058273;250893058585;312;9;1;1;1
250893058585;250893059234;649;9;1;1;1
250893059234;250893059853;619;9;1;1;1
250893059853;250893060535;682;9;1;1;1
250893060535;250893061019;484;9;1;1;1
250893061019;250893061206;187;9;1;1;1
250893061206;250893061500;294;9;1;1;1
250893061500;250893061617;117;9;1;1;1
250893061617;250893061872;255;9;1;1;1
250893061872;250893061888;16;9;1;1;1
250893061888;250893062003;115;9;1;1;1
250893062003;250893062051;48;9;1;1;1
250893062051;250893062149;98;9;1;1;1
250893062149;250893062338;189;9;1;1;1
250893062338;250893062500;162;9;1;1;1
250893062500;250893062693;193;9;1;1;1
250893062693;250893062802;109;9;1;1;1
250893062802;250893063601;799;9;1;1;1
250893063601;250893064409;808;9;1;1;1
250893064409;250893065776;1367;9;1;1;1
250893065776;250893066076;300;9;1;1;1
250893066076;250893066397;321;9;1;1;1
250893066397;250893066929;532;9;1;1;1
250893066929;250893067346;417;9;1;1;1
250893067346;250893067537;191;9;1;1;1
250893067537;250893067916;379;9;1;1;1
250893067916;250893068221;305;9;1;1;1
250893068221;250893068751;530;9;1;1;1
250893068751;250893068787;36;9;1;1;1
250893068787;250893069012;225;9;1;1;1
250893069012;250893069174;162;9;1;1;1
250893069174;250893070187;1013;9;1;1;1
250893070187;250893070241;54;9;1;1;1
250893070241;250893070534;293;9;1;1;1
250893070534;250893070867;333;9;1;1;1
250893070867;250893070875;8;9;1;1;1
250893070875;250893070967;92;9;1;1;1
250893070967;250893071261;294;9;1;1;1
250893071261;250893071559;298;9;1;1;1
250893071559;250893072537;978;9;1;1;1
250893072537;250893072854;317;9;1;1;1
250893072854;250893072884;30;9;1;1;1
250893072884;250893072992;108;9;1;1;1
250893072992;250893074635;1643;9;1;1;1
250893074635;250893074881;246;9;1;1;1
250893074881;250893075724;843;9;1;1;1
250893075724;250893075830;106;9;1;1;1
250893075830;250893076517;687;9;1;1;1
250893076517;250893076874;357;9;1;1;1
250893076874;250893076900;26;9;1;1;1
250893076900;250893076971;71;9;1;1;1
250893076971;250893077242;271;9;1;1;1
250893077242;250893077538;296;9;1;1;1
250893077538;250893077887;349;9;1;1;1
250893077887;250893078420;533;9;1;1;1
250893078420;250893078524;104;9;1;1;1
250893078524;250893078551;27;9;1;1;1
250893078551;250893078673;122;9;1;1;1
250893078673;250893078817;144;9;1;1;1
250893078817;250893079059;242;9;1;1;1
250893079059;250893079559;500;9;1;1;1
250893079559;250893079813;254;9;1;1;1
250893079813;250893080321;508;9;1;1;1
250893080321;250893080552;231;9;1;1;1
250893080552;250893081133;581;9;1;1;1
250893081133;250893081608;475;9;1;1;1
250893081608;250893082503;895;9;1;1;1
250893082503;250893082514;11;9;1;1;1
250893082514;250893082558;44;9;1;1;1
250893082558;250893082735;177;9;1;1;1
250893082735;250893082891;156;9;1;1;1
250893082891;250893083023;132;9;1;1;1
250893083023;250893083704;681;9;1;1;1
250893083704;250893083797;93;9;1;1;1
250893083797;250893083917;120;9;1;1;1
250893083917;250893084001;84;9;1;1;1
250893084001;250893084987;986;9;1;1;1
250893084987;250893085245;258;9;1;1;1
250893085245;250893085298;53;9;1;1;1
250893085298;250893085864;566;9;1;1;1
250893085864;250893085980;116;9;1;1;1
250893085980;250893086027;47;9;1;1;1
250893086027;250893086110;83;9;1;1;1
250893086110;250893086198;88;9;1;1;1
250893086198;250893086628;430;9;1;1;1
250893086628;250893086736;108;9;1;1;1
250893086736;250893086800;64;9;1;1;1
250893086800;250893086805;5;9;1;1;1
250893086805;250893086879;74;9;1;1;1
250893086879;250893087064;185;9;1;1;1
250893087064;250893087241;177;9;1;1;1
250893087241;250893087826;585;9;1;1;1
250893087826;250893088191;365;9;1;1;1
250893088191;250893088383;192;9;1;1;1
250893088383;250893088430;47;9;1;1;1
250893088430;250893089486;1056;9;1;1;1
250893089486;250893091539;2053;9;1;1;1
250893091539;250893092319;780;9;1;1;1
250893092319;250893092539;220;9;1;1;1
250893092539;250893092990;451;9;1;1;1
250893092990;250893093274;284;9;1;1;1
250893093274;250893093550;276;9;1;1;1
250893093550;250893093558;8;9;1;1;1
250893093558;250893093779;221;9;1;1;1
250893093779;250893093908;129;9;1;1;1
250893093908;250893093943;35;9;1;1;1
250893093943;250893094111;168;9;1;1;1
250893094111;250893094474;363;9;1;1;1
250893094474;250893094831;357;9;1;1;1
250893094831;250893095154;323;9;1;1;1
250893095154;250893095738;584;9;1;1;1
250893095738;250893095787;49;9;1;1;1
250893095787;250893096277;490;9;1;1;1
250893096277;250893096916;639;9;1;1;1
250893096916;250893097759;843;9;1;1;1
250893097759;250893098124;365;9;1;1;1
250893098124;250893098771;647;9;1;1;1
250893098771;250893099102;331;9;1;1;1
250893099102;250893099386;284;9;1;1;1
250893099386;250893099560;174;9;1;1;1
250893099560;250893101609;2049;9;1;1;1
250893101609;250893101628;19;9;1;1;1
250893101628;250893103011;1383;9;1;1;1
250893103011;250893103225;214;9;1;1;1
250893103225;250893104980;1755;9;1;1;1
250893104980;250893105068;88;9;1;1;1
250893105068;250893105426;358;9;1;1;1
250893105426;250893105459;33;9;1;1;1
250893105459;250893106757;1298;9;1;1;1
250893106757;250893107961;1204;9;1;1;1
250893107961;250893108336;375;9;1;1;1
250893108336;250893110431;2095;9;1;1;1
250893110431;250893110554;123;9;1;1;1
250893110554;250893111449;895;9;1;1;1
250893111449;250893112217;768;9;1;1;1
250893112217;250893112332;115;9;1;1;1
250893112332;250893112543;211;9;1;1;1
250893112543;250893113033;490;9;1;1;1
250893113033;250893113227;194;9;1;1;1
250893113227;250893113445;218;9;1;1;1
250893113445;250893114543;1098;9;1;1;1
250893114543;250893114733;190;9;1;1;1
250893114733;250893114898;165;9;1;1;1
250893114898;250893114901;3;9;1;1;1
250893114901;250893115286;385;9;1;1;1
250893115286;250893115385;99;9;1;1;1
250893115385;250893115392;7;9;1;1;1
250893115392;250893115403;11;9;1;1;1
250893115403;250893116012;609;9;1;1;1
250893116012;250893116419;407;9;1;1;1
250893116419;250893120940;4521;9;1;1;1
250893120940;250893121422;482;9;1;1;1
250893121422;250893121663;241;9;1;1;1
250893121663;250893121985;322;9;1;1;1
250893121985;250893122111;126;9;1;1;1
250893122111;250893122404;293;9;1;1;1
250893122404;250893122443;39;9;1;1;1
250893122443;250893122663;220;9;1;1;1
250893122663;250893122792;129;9;1;1;1
250893122792;250893123114;322;9;1;1;1
250893123114;250893123522;408;9;1;1;1
250893123522;250893123842;320;9;1;1;1
250893123842;250893124364;522;9;1;1;1
250893124364;250893124417;53;9;1;1;1
250893124417;250893126118;1701;9;1;1;1
250893126118;250893126259;141;9;1;1;1
250893126259;250893126759;500;9;1;1;1
250893126759;250893127904;1145;9;1;1;1
250893127904;250893127969;65;9;1;1;1
250893127969;250893128114;145;9;1;1;1
250893128114;250893128354;240;9;1;1;1
250893128354;250893128809;455;9;1;1;1
250893128809;250893129193;384;9;1;1;1
250893129193;250893129294;101;9;1;1;1
250893129294;250893129419;125;9;1;1;1
250893129419;250893129677;258;9;1;1;1
250893129677;250893130885;1208;9;1;1;1
250893130885;250893131068;183;9;1;1;1
250893131068;250893131731;663;9;1;1;1
250893131731;250893131813;82;9;1;1;1
250893131813;250893132094;281;9;1;1;1
250893132094;250893132098;4;9;1;1;1
250893132098;250893132320;222;9;1;1;1
250893132320;250893132493;173;9;1;1;1
250893132493;250893132676;183;9;1;1;1
250893132676;250893132688;12;9;1;1;1
250893132688;250893132695;7;9;1;1;1
250893132695;250893133119;424;9;1;1;1
250893133119;250893133230;111;9;1;1;1
250893133230;250893133447;217;9;1;1;1
250893133447;250893134872;1425;9;1;1;1
250893134872;250893135130;258;9;1;1;1
250893135130;250893135258;128;9;1;1;1
250893135258;250893135518;260;9;1;1;1
250893135518;250893135647;129;9;1;1;1
250893135647;250893136779;1132;9;1;1;1
250893136779;250893137467;688;9;1;1;1
250893137467;250893138005;538;9;1;1;1
250893138005;250893138230;225;9;1;1;1
250893138230;250893139025;795;9;1;1;1
250893139025;250893139537;512;9;1;1;1
250893139537;250893140122;585;9;1;1;1
250893140122;250893140258;136;9;1;1;1
250893140258;250893140701;443;9;1;1;1
250893140701;250893141199;498;9;1;1;1
250893141199;250893142007;808;9;1;1;1
250893142007;250893143308;1301;9;1;1;1
250893143308;250893143634;326;9;1;1;1
250893143634;250893143993;359;9;1;1;1
250893143993;250893144017;24;9;1;1;1
250893144017;250893144103;86;9;1;1;1
250893144103;250893144243;140;9;1;1;1
250893144243;250893144726;483;9;1;1;1
250893144726;250893145926;1200;9;1;1;1
250893145926;250893146247;321;9;1;1;1
250893146247;250893146260;13;9;1;1;1
250893146260;250893146993;733;9;1;1;1
250893146993;250893147770;777;9;1;1;1
250893147770;250893147959;189;9;1;1;1
250893147959;250893149061;1102;9;1;1;1
250893149061;250893149895;834;9;1;1;1
250893149895;250893150245;350;9;1;1;1
250893150245;250893152901;2656;9;1;1;1
250893152901;250893153152;251;9;1;1;1
250893153152;250893153314;162;9;1;1;1
250893153314;250893153322;8;9;1;1;1
250893153322;250893153417;95;9;1;1;1
250893153417;250893153625;208;9;1;1;1
250893153625;250893154752;1127;9;1;1;1
250893154752;250893155321;569;9;1;1;1
250893155321;250893155797;476;9;1;1;1
250893155797;250893156683;886;9;1;1;1
250893156683;250893156830;147;9;1;1;1
250893156830;250893156865;35;9;1;1;1
250893156865;250893157051;186;9;1;1;1
250893157051;250893157170;119;9;1;1;1
250893157170;250893157442;272;9;1;1;1
250893157442;250893157444;2;9;1;1;1
250893157444;250893157909;465;9;1;1;1
250893157909;250893158057;148;9;1;1;1
250893158057;250893158834;777;9;1;1;1
250893158834;250893159097;263;9;1;1;1
250893159097;250893159423;326;9;1;1;1
250893159423;250893160835;1412;9;1;1;1
250893160835;250893160972;137;9;1;1;1
250893160972;250893162744;1772;9;1;1;1
250893162744;250893164179;1435;9;1;1;1
250893164179;250893164849;670;9;1;1;1
250893164849;250893165443;594;9;1;1;1
250893165443;250893167086;1643;9;1;1;1
250893167086;250893169478;2392;9;1;1;1
250893169478;250893169981;503;9;1;1;1
250893169981;250893170210;229;9;1;1;1
250893170210;250893170242;32;9;1;1;1
250893170242;250893170394;152;9;1;1;1
250893170394;250893170439;45;9;1;1;1
250893170439;250893170527;88;9;1;1;1
250893170527;250893170938;411;9;1;1;1
250893170938;250893171076;138;9;1;1;1
250893171076;250893171791;715;9;1;1;1
250893171791;250893172902;1111;9;1;1;1
250893172902;250893172964;62;9;1;1;1
250893172964;250893172996;32;9;1;1;1
250893172996;250893175061;2065;9;1;1;1
250893175061;250893175100;39;9;1;1;1
250893175100;250893176186;1086;9;1;1;1
250893176186;250893176573;387;9;1;1;1
250893176573;250893176631;58;9;1;1;1
250893176631;250893176807;176;9;1;1;1
250893176807;250893178010;1203;9;1;1;1
250893178010;250893178113;103;9;1;1;1
250893178113;250893178431;318;9;1;1;1
250893178431;250893179616;1185;9;1;1;1
250893179616;250893180350;734;9;1;1;1
250893180350;250893181257;907;9;1;1;1
250893181257;250893182240;983;9;1;1;1
250893182240;250893182684;444;9;1;1;1
250893182684;250893182995;311;9;1;1;1
250893182995;250893183094;99;9;1;1;1
250893183094;250893183217;123;9;1;1;1
250893183217;250893183239;22;9;1;1;1
250893183239;250893183339;100;9;1;1;1
250893183339;250893183500;161;9;1;1;1
250893183500;250893185897;2397;9;1;1;1
250893185897;250893186361;464;9;1;1;1
250893186361;250893186555;194;9;1;1;1
250893186555;250893188821;2266;9;1;1;1
250893188821;250893188854;33;9;1;1;1
250893188854;250893188887;33;9;1;1;1
250893188887;250893189036;149;9;1;1;1
250893189036;250893189729;693;9;1;1;1
250893189729;250893194104;4375;9;1;1;1
250893194104;250893194363;259;9;1;1;1
250893194363;250893194513;150;9;1;1;1
250893194513;250893195497;984;9;1;1;1
250893195497;250893195511;14;9;1;1;1
250893195511;250893195668;157;9;1;1;1
250893195668;250893197209;1541;9;1;1;1
250893197209;250893199553;2344;9;1;1;1
250893199553;250893199746;193;9;1;1;1
250893199746;250893206784;7038;9;1;1;1
250893206784;250893207113;329;9;1;1;1
250893207113;250893207159;46;9;1;1;1
250893207159;250893210436;3277;9;1;1;1
250893210436;250893211267;831;9;1;1;1
250893211267;250893212700;1433;9;1;1;1
250893212700;250893212929;229;9;1;1;1
250893212929;250893213211;282;9;1;1;1
250893213211;250893213717;506;9;1;1;1
250893213717;250893214043;326;9;1;1;1
250893214043;250893214237;194;9;1;1;1
250893214237;250893215667;1430;9;1;1;1
250893215667;250893216808;1141;9;1;1;1
250893216808;250893217078;270;9;1;1;1
250893217078;250893217235;157;9;1;1;1
250893217235;250893217360;125;9;1;1;1
250893217360;250893218200;840;9;1;1;1
250893218200;250893218633;433;9;1;1;1
250893218633;250893218815;182;9;1;1;1
250893218815;250893219035;220;9;1;1;1
250893219035;250893220422;1387;9;1;1;1
250893220422;250893220750;328;9;1;1;1
250893220750;250893220818;68;9;1;1;1
250893220818;250893221051;233;9;1;1;1
250893221051;250893223794;2743;9;1;1;1
250893223794;250893223966;172;9;1;1;1
250893223966;250893224068;102;9;1;1;1
250893224068;250893224221;153;9;1;1;1
250893224221;250893224524;303;9;1;1;1
250893224524;250893224711;187;9;1;1;1
250893224711;250893225131;420;9;1;1;1
250893225131;250893225512;381;9;1;1;1
250893225512;250893226136;624;9;1;1;1
250893226136;250893226272;136;9;1;1;1
250893226272;250893226732;460;9;1;1;1
250893226732;250893227823;1091;9;1;1;1
250893227823;250893227976;153;9;1;1;1
250893227976;250893228572;596;9;1;1;1
250893228572;250893228599;27;9;1;1;1
250893228599;250893229176;577;9;1;1;1
250893229176;250893229748;572;9;1;1;1
250893229748;250893229952;204;9;1;1;1
250893229952;250893230313;361;9;1;1;1
250893230313;250893230917;604;9;1;1;1
250893230917;250893231003;86;9;1;1;1
250893231003;250893231766;763;9;1;1;1
250893231766;250893232401;635;9;1;1;1
250893232401;250893232738;337;9;1;1;1
250893232738;250893232931;193;9;1;1;1
250893232931;250893233237;306;9;1;1;1
250893233237;250893233965;728;9;1;1;1
250893233965;250893234348;383;9;1;1;1
250893234348;250893234448;100;9;1;1;1
250893234448;250893234848;400;9;1;1;1
250893234848;250893237594;2746;9;1;1;1
250893237594;250893237893;299;9;1;1;1
250893237893;250893238981;1088;9;1;1;1
250893238981;250893239376;395;9;1;1;1
250893239376;250893239436;60;9;1;1;1
250893239436;250893239815;379;9;1;1;1
250893239815;250893241048;1233;9;1;1;1
250893241048;250893242509;1461;9;1;1;1
250893242509;250893242870;361;9;1;1;1
250893242870;250893243987;1117;9;1;1;1
250893243987;250893244499;512;9;1;1;1
250893244499;250893245132;633;9;1;1;1
250893245132;250893245156;24;9;1;1;1
250893245156;250893245364;208;9;1;1;1
250893245364;250893246670;1306;9;1;1;1
250893246670;250893246831;161;9;1;1;1
250893246831;250893248086;1255;9;1;1;1
250893248086;250893248396;310;9;1;1;1
250893248396;250893250417;2021;9;1;1;1
250893250417;250893250447;30;9;1;1;1
250893250447;250893250548;101;9;1;1;1
250893250548;250893251032;484;9;1;1;1
250893251032;250893256607;5575;9;1;1;1
250893256607;250893259376;2769;9;1;1;1
250893259376;250893259386;10;9;1;1;1
250893259386;250893259481;95;9;1;1;1
250893259481;250893259578;97;9;1;1;1
250893259578;250893259690;112;9;1;1;1
250893259690;250893259804;114;9;1;1;1
250893259804;250893260424;620;9;1;1;1
250893260424;250893261073;649;9;1;1;1
250893261073;250893262620;1547;9;1;1;1
250893262620;250893263861;1241;9;1;1;1
250893263861;250893265313;1452;9;1;1;1
250893265313;250893272502;7189;9;1;1;1
250893272502;250893276710;4208;9;1;1;1
250893276710;250893276764;54;9;1;1;1
250893276764;250893276773;9;9;1;1;1
250893276773;250893276813;40;9;1;1;1
250893276813;250893278118;1305;9;1;1;1
250893278118;250893278443;325;9;1;1;1
250893278443;250893278460;17;9;1;1;1
250893278460;250893278797;337;9;1;1;1
250893278797;250893279581;784;9;1;1;1
250893279581;250893283084;3503;9;1;1;1
250893283084;250893283172;88;9;1;1;1
250893283172;250893284571;1399;9;1;1;1
250893284571;250893284616;45;9;1;1;1
250893284616;250893284648;32;9;1;1;1
250893284648;250893289014;4366;9;1;1;1
250893289014;250893289168;154;9;1;1;1
250893289168;250893290623;1455;9;1;1;1
250893290623;250893290647;24;9;1;1;1
250893290647;250893291037;390;9;1;1;1
250893291037;250893291577;540;9;1;1;1
250893291577;250893291695;118;9;1;1;1
250893291695;250893291771;76;9;1;1;1
250893291771;250893292049;278;9;1;1;1
250893292049;250893292103;54;9;1;1;1
250893292103;250893292460;357;9;1;1;1
250893292460;250893293329;869;9;1;1;1
250893293329;250893295201;1872;9;1;1;1
250893295201;250893295698;497;9;1;1;1
250893295698;250893295728;30;9;1;1;1
250893295728;250893296937;1209;9;1;1;1
250893296937;250893297113;176;9;1;1;1
250893297113;250893297758;645;9;1;1;1
250893297758;250893297844;86;9;1;1;1
250893297844;250893299174;1330;9;1;1;1
250893299174;250893299193;19;9;1;1;1
250893299193;250893300749;1556;9;1;1;1
250893300749;250893301695;946;9;1;1;1
250893301695;250893301730;35;9;1;1;1
250893301730;250893302289;559;9;1;1;1
250893302289;250893302646;357;9;1;1;1
250893302646;250893302881;235;9;1;1;1
250893302881;250893303015;134;9;1;1;1
250893303015;250893303352;337;9;1;1;1
250893303352;250893304021;669;9;1;1;1
250893304021;250893304599;578;9;1;1;1
250893304599;250893304711;112;9;1;1;1
250893304711;250893304884;173;9;1;1;1
250893304884;250893305133;249;9;1;1;1
250893305133;250893305362;229;9;1;1;1
250893305362;250893305627;265;9;1;1;1
250893305627;250893305691;64;9;1;1;1
250893305691;250893306051;360;9;1;1;1
250893306051;250893306292;241;9;1;1;1
250893306292;250893306401;109;9;1;1;1
250893306401;250893306464;63;9;1;1;1
250893306464;250893308029;1565;9;1;1;1
250893308029;250893308349;320;9;1;1;1
250893308349;250893309464;1115;9;1;1;1
250893309464;250893309900;436;9;1;1;1
250893309900;250893310691;791;9;1;1;1
250893310691;250893311113;422;9;1;1;1
250893311113;250893311218;105;9;1;1;1
250893311218;250893311259;41;9;1;1;1
250893311259;250893311337;78;9;1;1;1
250893311337;250893311677;340;9;1;1;1
250893311677;250893311846;169;9;1;1;1
250893311846;250893311962;116;9;1;1;1
250893311962;250893312234;272;9;1;1;1
250893312234;250893312304;70;9;1;1;1
250893312304;250893312415;111;9;1;1;1
250893312415;250893314635;2220;9;1;1;1
250893314635;250893315200;565;9;1;1;1
250893315200;250893315944;744;9;1;1;1
250893315944;250893316370;426;9;1;1;1
250893316370;250893316801;431;9;1;1;1
250893316801;250893320021;3220;9;1;1;1
250893320021;250893323498;3477;9;1;1;1
250893323498;250893326814;3316;9;1;1;1
250893326814;250893326900;86;9;1;1;1
250893326900;250893327088;188;9;1;1;1
250893327088;250893327573;485;9;1;1;1
250893327573;250893327594;21;9;1;1;1
250893327594;250893328315;721;9;1;1;1
250893328315;250893329384;1069;9;1;1;1
250893329384;250893331320;1936;9;1;1;1
250893331320;250893333898;2578;9;1;1;1
250893333898;250893334068;170;9;1;1;1
250893334068;250893334205;137;9;1;1;1
250893334205;250893334550;345;9;1;1;1
250893334550;250893334840;290;9;1;1;1
250893334840;250893335154;314;9;1;1;1
250893335154;250893335929;775;9;1;1;1
250893335929;250893336540;611;9;1;1;1
250893336540;250893339523;2983;9;1;1;1
250893339523;250893339729;206;9;1;1;1
250893339729;250893339930;201;9;1;1;1
250893339930;250893340457;527;9;1;1;1
250893340457;250893341591;1134;9;1;1;1
250893341591;250893341719;128;9;1;1;1
250893341719;250893341895;176;9;1;1;1
250893341895;250893342257;362;9;1;1;1
250893342257;250893342649;392;9;1;1;1
250893342649;250893342678;29;9;1;1;1
250893342678;250893343074;396;9;1;1;1
250893343074;250893343587;513;9;1;1;1
250893343587;250893343974;387;9;1;1;1
250893343974;250893344008;34;9;1;1;1
250893344008;250893344357;349;9;1;1;1
250893344357;250893347744;3387;9;1;1;1
250893347744;250893349064;1320;9;1;1;1
250893349064;250893349135;71;9;1;1;1
250893349135;250893349458;323;9;1;1;1
250893349458;250893349645;187;9;1;1;1
250893349645;250893350057;412;9;1;1;1
250893350057;250893350911;854;9;1;1;1
250893350911;250893352187;1276;9;1;1;1
250893352187;250893352592;405;9;1;1;1
250893352592;250893353097;505;9;1;1;1
250893353097;250893353146;49;9;1;1;1
250893353146;250893353539;393;9;1;1;1
250893353539;250893354594;1055;9;1;1;1
250893354594;250893355651;1057;9;1;1;1
250893355651;250893356504;853;9;1;1;1
250893356504;250893357114;610;9;1;1;1
250893357114;250893358224;1110;9;1;1;1
250893358224;250893358468;244;9;1;1;1
250893358468;250893358554;86;9;1;1;1
250893358554;250893358596;42;9;1;1;1
250893358596;250893358900;304;9;1;1;1
250893358900;250893360159;1259;9;1;1;1
250893360159;250893362296;2137;9;1;1;1
250893362296;250893362626;330;9;1;1;1
250893362626;250893363690;1064;9;1;1;1
250893363690;250893364655;965;9;1;1;1
250893364655;250893364695;40;9;1;1;1
250893364695;250893365260;565;9;1;1;1
250893365260;250893365399;139;9;1;1;1
250893365399;250893365633;234;9;1;1;1
250893365633;250893366074;441;9;1;1;1
250893366074;250893366131;57;9;1;1;1
250893366131;250893367931;1800;9;1;1;1
250893367931;250893368026;95;9;1;1;1
250893368026;250893368187;161;9;1;1;1
250893368187;250893368296;109;9;1;1;1
250893368296;250893368393;97;9;1;1;1
250893368393;250893368789;396;9;1;1;1
250893368789;250893368924;135;9;1;1;1
250893368924;250893369411;487;9;1;1;1
250893369411;250893369513;102;9;1;1;1
250893369513;250893369695;182;9;1;1;1
250893369695;250893369871;176;9;1;1;1
250893369871;250893369958;87;9;1;1;1
250893369958;250893370171;213;9;1;1;1
250893370171;250893370915;744;9;1;1;1
250893370915;250893371138;223;9;1;1;1
250893371138;250893371442;304;9;1;1;1
250893371442;250893371551;109;9;1;1;1
250893371551;250893371682;131;9;1;1;1
250893371682;250893371712;30;9;1;1;1
250893371712;250893371979;267;9;1;1;1
250893371979;250893372155;176;9;1;1;1
250893372155;250893372343;188;9;1;1;1
250893372343;250893374789;2446;9;1;1;1
250893374789;250893375397;608;9;1;1;1
250893375397;250893375441;44;9;1;1;1
250893375441;250893375938;497;9;1;1;1
250893375938;250893376197;259;9;1;1;1
250893376197;250893376242;45;9;1;1;1
250893376242;250893376696;454;9;1;1;1
250893376696;250893376894;198;9;1;1;1
250893376894;250893377355;461;9;1;1;1
250893377355;250893377415;60;9;1;1;1
250893377415;250893377581;166;9;1;1;1
250893377581;250893377634;53;9;1;1;1
250893377634;250893378172;538;9;1;1;1
250893378172;250893378265;93;9;1;1;1
250893378265;250893380036;1771;9;1;1;1
250893380036;250893380926;890;9;1;1;1
250893380926;250893380954;28;9;1;1;1
250893380954;250893381659;705;9;1;1;1
250893381659;250893382292;633;9;1;1;1
250893382292;250893382761;469;9;1;1;1
250893382761;250893382799;38;9;1;1;1
250893382799;250893382845;46;9;1;1;1
250893382845;250893382865;20;9;1;1;1
250893382865;250893382872;7;9;1;1;1
250893382872;250893382893;21;9;1;1;1
250893382893;250893383061;168;9;1;1;1
250893383061;250893383246;185;9;1;1;1
250893383246;250893384295;1049;9;1;1;1
250893384295;250893384437;142;9;1;1;1
250893384437;250893384471;34;9;1;1;1
250893384471;250893384893;422;9;1;1;1
250893384893;250893385582;689;9;1;1;1
250893385582;250893385754;172;9;1;1;1
250893385754;250893386045;291;9;1;1;1
250893386045;250893387257;1212;9;1;1;1
250893387257;250893387533;276;9;1;1;1
250893387533;250893389488;1955;9;1;1;1
250893389488;250893389658;170;9;1;1;1
250893389658;250893389926;268;9;1;1;1
250893389926;250893390282;356;9;1;1;1
250893390282;250893392681;2399;9;1;1;1
250893392681;250893392935;254;9;1;1;1
250893392935;250893393247;312;9;1;1;1
250893393247;250893393331;84;9;1;1;1
250893393331;250893393371;40;9;1;1;1
250893393371;250893393375;4;9;1;1;1
250893393375;250893395354;1979;9;1;1;1
250893395354;250893400881;5527;9;1;1;1
250893400881;250893402763;1882;9;1;1;1
250893402763;250893403147;384;9;1;1;1
250893403147;250893405076;1929;9;1;1;1
250893405076;250893407359;2283;9;1;1;1
250893407359;250893407642;283;9;1;1;1
250893407642;250893414897;7255;9;1;1;1
250893414897;250893414919;22;9;1;1;1
250893414919;250893415788;869;9;1;1;1
250893415788;250893418623;2835;9;1;1;1
250893418623;250893422184;3561;9;1;1;1
250893422184;250893424280;2096;9;1;1;1
250893424280;250893427112;2832;9;1;1;1
250893427112;250893427458;346;9;1;1;1
250893427458;250893427490;32;9;1;1;1
250893427490;250893429752;2262;9;1;1;1
250893429752;250893429920;168;9;1;1;1
250893429920;250893430051;131;9;1;1;1
250893430051;250893430099;48;9;1;1;1
250893430099;250893430126;27;9;1;1;1
250893430126;250893430364;238;9;1;1;1
250893430364;250893430441;77;9;1;1;1
250893430441;250893430592;151;9;1;1;1
250893430592;250893431553;961;9;1;1;1
250893431553;250893433948;2395;9;1;1;1
250893433948;250893434195;247;9;1;1;1
250893434195;250893439727;5532;9;1;1;1
250893439727;250893440219;492;9;1;1;1
250893440219;250893444695;4476;9;1;1;1
250893444695;250893445172;477;9;1;1;1
250893445172;250893446688;1516;9;1;1;1
250893446688;250893447639;951;9;1;1;1
250893447639;250893447722;83;9;1;1;1
250893447722;250893447974;252;9;1;1;1
250893447974;250893449135;1161;9;1;1;1
250893449135;250893450102;967;9;1;1;1
250893450102;250893450157;55;9;1;1;1
250893450157;250893452099;1942;9;1;1;1
250893452099;250893456117;4018;9;1;1;1
250893456117;250893456365;248;9;1;1;1
250893456365;250893456938;573;9;1;1;1
250893456938;250893457243;305;9;1;1;1
250893457243;250893457370;127;9;1;1;1
250893457370;250893457502;132;9;1;1;1
250893457502;250893457902;400;9;1;1;1
250893457902;250893457998;96;9;1;1;1
250893457998;250893458229;231;9;1;1;1
250893458229;250893458725;496;9;1;1;1
250893458725;250893461654;2929;9;1;1;1
250893461654;250893464696;3042;9;1;1;1
250893464696;250893464788;92;9;1;1;1
250893464788;250893464809;21;9;1;1;1
250893464809;250893464947;138;9;1;1;1
250893464947;250893465790;843;9;1;1;1
250893465790;250893468080;2290;9;1;1;1
250893468080;250893468104;24;9;1;1;1
250893468104;250893470301;2197;9;1;1;1
250893470301;250893470575;274;9;1;1;1
250893470575;250893470659;84;9;1;1;1
250893470659;250893471627;968;9;1;1;1
250893471627;250893471777;150;9;1;1;1
250893471777;250893475158;3381;9;1;1;1
250893475158;250893475757;599;9;1;1;1
250893475757;250893480021;4264;9;1;1;1
250893480021;250893480916;895;9;1;1;1
250893480916;250893483076;2160;9;1;1;1
250893483076;250893483573;497;9;1;1;1
250893483573;250893485085;1512;9;1;1;1
250893485085;250893485367;282;9;1;1;1
250893485367;250893485833;466;9;1;1;1
250893485833;250893486101;268;9;1;1;1
250893486101;250893488482;2381;9;1;1;1
250893488482;250893488968;486;9;1;1;1
250893488968;250893493307;4339;9;1;1;1
250893493307;250893494744;1437;9;1;1;1
250893494744;250893494985;241;9;1;1;1
250893494985;250893495036;51;9;1;1;1
250893495036;250893495422;386;9;1;1;1
250893495422;250893495649;227;9;1;1;1
250893495649;250893495928;279;9;1;1;1
250893495928;250893496977;1049;9;1;1;1
250893496977;250893497848;871;9;1;1;1
250893497848;250893497880;32;9;1;1;1
250893497880;250893497975;95;9;1;1;1
250893497975;250893499547;1572;9;1;1;1
250893499547;250893499690;143;9;1;1;1
250893499690;250893500057;367;9;1;1;1
250893500057;250893501442;1385;9;1;1;1
250893501442;250893501841;399;9;1;1;1
250893501841;250893502002;161;9;1;1;1
250893502002;250893502068;66;9;1;1;1
250893502068;250893502397;329;9;1;1;1
250893502397;250893502625;228;9;1;1;1
250893502625;250893502667;42;9;1;1;1
250893502667;250893503294;627;9;1;1;1
250893503294;250893503325;31;9;1;1;1
250893503325;250893503640;315;9;1;1;1
250893503640;250893504852;1212;9;1;1;1
250893504852;250893505711;859;9;1;1;1
250893505711;250893506845;1134;9;1;1;1
250893506845;250893507311;466;9;1;1;1
250893507311;250893507717;406;9;1;1;1
250893507717;250893508361;644;9;1;1;1
250893508361;250893509199;838;9;1;1;1
250893509199;250893509425;226;9;1;1;1
250893509425;250893510522;1097;9;1;1;1
250893510522;250893510616;94;9;1;1;1
250893510616;250893511407;791;9;1;1;1
250893511407;250893512034;627;9;1;1;1
250893512034;250893514158;2124;9;1;1;1
250893514158;250893514339;181;9;1;1;1
250893514339;250893515595;1256;9;1;1;1
250893515595;250893515857;262;9;1;1;1
250893515857;250893517799;1942;9;1;1;1
250893517799;250893517934;135;9;1;1;1
250893517934;250893518206;272;9;1;1;1
250893518206;250893518716;510;9;1;1;1
250893518716;250893520993;2277;9;1;1;1
250893520993;250893521840;847;9;1;1;1
250893521840;250893522609;769;9;1;1;1
250893522609;250893522754;145;9;1;1;1
250893522754;250893522906;152;9;1;1;1
250893522906;250893526632;3726;9;1;1;1
250893526632;250893526693;61;9;1;1;1
250893526693;250893527650;957;9;1;1;1
250893527650;250893527820;170;9;1;1;1
250893527820;250893527880;60;9;1;1;1
250893527880;250893528231;351;9;1;1;1
250893528231;250893528264;33;9;1;1;1
250893528264;250893528770;506;9;1;1;1
250893528770;250893528841;71;9;1;1;1
250893528841;250893529321;480;9;1;1;1
250893529321;250893529668;347;9;1;1;1
250893529668;250893530360;692;9;1;1;1
250893530360;250893532730;2370;9;1;1;1
250893532730;250893533152;422;9;1;1;1
250893533152;250893533975;823;9;1;1;1
250893533975;250893535514;1539;9;1;1;1
250893535514;250893537986;2472;9;1;1;1
250893537986;250893538480;494;9;1;1;1
250893538480;250893538717;237;9;1;1;1
250893538717;250893539164;447;9;1;1;1
250893539164;250893539569;405;9;1;1;1
250893539569;250893541304;1735;9;1;1;1
250893541304;250893544901;3597;9;1;1;1
250893544901;250893545683;782;9;1;1;1
250893545683;250893546333;650;9;1;1;1
250893546333;250893546835;502;9;1;1;1
250893546835;250893559201;12366;9;1;1;1
250893559201;250893559905;704;9;1;1;1
250893559905;250893560440;535;9;1;1;1
250893560440;250893560533;93;9;1;1;1
250893560533;250893563061;2528;9;1;1;1
250893563061;250893563556;495;9;1;1;1
250893563556;250893563811;255;9;1;1;1
250893563811;250893563973;162;9;1;1;1
250893563973;250893563983;10;9;1;1;1
250893563983;250893564177;194;9;1;1;1
250893564177;250893564673;496;9;1;1;1
250893564673;250893565462;789;9;1;1;1
250893565462;250893566207;745;9;1;1;1
250893566207;250893566256;49;9;1;1;1
250893566256;250893566658;402;9;1;1;1
250893566658;250893566939;281;9;1;1;1
250893566939;250893567457;518;9;1;1;1
250893567457;250893568228;771;9;1;1;1
250893568228;250893568369;141;9;1;1;1
250893568369;250893568480;111;9;1;1;1
250893568480;250893568689;209;9;1;1;1
250893568689;250893570277;1588;9;1;1;1
250893570277;250893570525;248;9;1;1;1
250893570525;250893571330;805;9;1;1;1
250893571330;250893571614;284;9;1;1;1
250893571614;250893572303;689;9;1;1;1
250893572303;250893572336;33;9;1;1;1
250893572336;250893572365;29;9;1;1;1
250893572365;250893572939;574;9;1;1;1
250893572939;250893573068;129;9;1;1;1
250893573068;250893573301;233;9;1;1;1
250893573301;250893573428;127;9;1;1;1
250893573428;250893573616;188;9;1;1;1
250893573616;250893573976;360;9;1;1;1
250893573976;250893574005;29;9;1;1;1
250893574005;250893574511;506;9;1;1;1
250893574511;250893574626;115;9;1;1;1
250893574626;250893574973;347;9;1;1;1
250893574973;250893575083;110;9;1;1;1
250893575083;250893575465;382;9;1;1;1
250893575465;250893576420;955;9;1;1;1
250893576420;250893576774;354;9;1;1;1
250893576774;250893577184;410;9;1;1;1
250893577184;250893577222;38;9;1;1;1
250893577222;250893579210;1988;9;1;1;1
250893579210;250893579211;1;9;1;1;1
250893579211;250893579317;106;9;1;1;1
250893579317;250893579628;311;9;1;1;1
250893579628;250893579702;74;9;1;1;1
250893579702;250893579712;10;9;1;1;1
250893579712;250893579948;236;9;1;1;1
250893579948;250893580403;455;9;1;1;1
250893580403;250893581111;708;9;1;1;1
250893581111;250893581186;75;9;1;1;1
250893581186;250893581269;83;9;1;1;1
250893581269;250893581786;517;9;1;1;1
250893581786;250893582155;369;9;1;1;1
250893582155;250893582255;100;9;1;1;1
250893582255;250893582276;21;9;1;1;1
250893582276;250893582838;562;9;1;1;1
250893582838;250893583475;637;9;1;1;1
250893583475;250893583556;81;9;1;1;1
250893583556;250893583566;10;9;1;1;1
250893583566;250893585144;1578;9;1;1;1
250893585144;250893585966;822;9;1;1;1
250893585966;250893586702;736;9;1;1;1
250893586702;250893586779;77;9;1;1;1
250893586779;250893587870;1091;9;1;1;1
250893587870;250893588572;702;9;1;1;1
250893588572;250893590134;1562;9;1;1;1
250893590134;250893591193;1059;9;1;1;1
250893591193;250893591872;679;9;1;1;1
250893591872;250893593865;1993;9;1;1;1
250893593865;250893594325;460;9;1;1;1
250893594325;250893595229;904;9;1;1;1
250893595229;250893597814;2585;9;1;1;1
250893597814;250893598455;641;9;1;1;1
250893598455;250893600490;2035;9;1;1;1
250893600490;250893601812;1322;9;1;1;1
250893601812;250893602789;977;9;1;1;1
250893602789;250893603404;615;9;1;1;1
250893603404;250893606782;3378;9;1;1;1
250893606782;250893607369;587;9;1;1;1
250893607369;250893607647;278;9;1;1;1
250893607647;250893607727;80;9;1;1;1
250893607727;250893608449;722;9;1;1;1
250893608449;250893609074;625;9;1;1;1
250893609074;250893609190;116;9;1;1;1
250893609190;250893612142;2952;9;1;1;1
250893612142;250893612332;190;9;1;1;1
250893612332;250893614193;1861;9;1;1;1
250893614193;250893614347;154;9;1;1;1
250893614347;250893617131;2784;9;1;1;1
250893617131;250893617312;181;9;1;1;1
250893617312;250893619197;1885;9;1;1;1
250893619197;250893619252;55;9;1;1;1
250893619252;250893619381;129;9;1;1;1
250893619381;250893619632;251;9;1;1;1
250893619632;250893619947;315;9;1;1;1
250893619947;250893619956;9;9;1;1;1
250893619956;250893620418;462;9;1;1;1
250893620418;250893620557;139;9;1;1;1
250893620557;250893621673;1116;9;1;1;1
250893621673;250893621714;41;9;1;1;1
250893621714;250893623157;1443;9;1;1;1
250893623157;250893623306;149;9;1;1;1
250893623306;250893623824;518;9;1;1;1
250893623824;250893624366;542;9;1;1;1
250893624366;250893624398;32;9;1;1;1
250893624398;250893624455;57;9;1;1;1
250893624455;250893624855;400;9;1;1;1
250893624855;250893625011;156;9;1;1;1
250893625011;250893626636;1625;9;1;1;1
250893626636;250893627263;627;9;1;1;1
250893627263;250893627304;41;9;1;1;1
250893627304;250893627985;681;9;1;1;1
250893627985;250893628490;505;9;1;1;1
250893628490;250893628565;75;9;1;1;1
250893628565;250893629351;786;9;1;1;1
250893629351;250893630639;1288;9;1;1;1
250893630639;250893632200;1561;9;1;1;1
250893632200;250893632293;93;9;1;1;1
250893632293;250893633882;1589;9;1;1;1
250893633882;250893635069;1187;9;1;1;1
250893635069;250893635300;231;9;1;1;1
250893635300;250893635719;419;9;1;1;1
250893635719;250893636028;309;9;1;1;1
250893636028;250893636320;292;9;1;1;1
250893636320;250893636382;62;9;1;1;1
250893636382;250893639273;2891;9;1;1;1
250893639273;250893639769;496;9;1;1;1
250893639769;250893642242;2473;9;1;1;1
250893642242;250893643303;1061;9;1;1;1
250893643303;250893643487;184;9;1;1;1
250893643487;250893643762;275;9;1;1;1
250893643762;250893644184;422;9;1;1;1
250893644184;250893645349;1165;9;1;1;1
250893645349;250893646709;1360;9;1;1;1
250893646709;250893646925;216;9;1;1;1
250893646925;250893649647;2722;9;1;1;1
250893649647;250893649994;347;9;1;1;1
250893649994;250893651296;1302;9;1;1;1
250893651296;250893657702;6406;9;1;1;1
250893657702;250893658066;364;9;1;1;1
250893658066;250893658226;160;9;1;1;1
250893658226;250893658448;222;9;1;1;1
250893658448;250893658548;100;9;1;1;1
250893658548;250893665751;7203;9;1;1;1
250893665751;250893666386;635;9;1;1;1
250893666386;250893667806;1420;9;1;1;1
250893667806;250893667816;10;9;1;1;1
250893667816;250893667933;117;9;1;1;1
250893667933;250893668450;517;9;1;1;1
250893668450;250893670030;1580;9;1;1;1
250893670030;250893671297;1267;9;1;1;1
250893671297;250893675287;3990;9;1;1;1
250893675287;250893675391;104;9;1;1;1
250893675391;250893675530;139;9;1;1;1
250893675530;250893675635;105;9;1;1;1
250893675635;250893675760;125;9;1;1;1
250893675760;250893675886;126;9;1;1;1
250893675886;250893676323;437;9;1;1;1
250893676323;250893677849;1526;9;1;1;1
250893677849;250893678777;928;9;1;1;1
250893678777;250893682235;3458;9;1;1;1
250893682235;250893685962;3727;9;1;1;1
250893685962;250893688306;2344;9;1;1;1
250893688306;250893688323;17;9;1;1;1
250893688323;250893688409;86;9;1;1;1
250893688409;250893689290;881;9;1;1;1
250893689290;250893690103;813;9;1;1;1
250893690103;250893690826;723;9;1;1;1
250893690826;250893690958;132;9;1;1;1
250893690958;250893691949;991;9;1;1;1
250893691949;250893694248;2299;9;1;1;1
250893694248;250893695006;758;9;1;1;1
250893695006;250893695527;521;9;1;1;1
250893695527;250893695775;248;9;1;1;1
250893695775;250893695823;48;9;1;1;1
250893695823;250893696130;307;9;1;1;1
250893696130;250893696133;3;9;1;1;1
250893696133;250893696239;106;9;1;1;1
250893696239;250893697879;1640;9;1;1;1
250893697879;250893698047;168;9;1;1;1
250893698047;250893698136;89;9;1;1;1
250893698136;250893698240;104;9;1;1;1
250893698240;250893698266;26;9;1;1;1
250893698266;250893698515;249;9;1;1;1
250893698515;250893698538;23;9;1;1;1
250893698538;250893698670;132;9;1;1;1
250893698670;250893698930;260;9;1;1;1
250893698930;250893699091;161;9;1;1;1
250893699091;250893699210;119;9;1;1;1
250893699210;250893699489;279;9;1;1;1
250893699489;250893699971;482;9;1;1;1
250893699971;250893700055;84;9;1;1;1
250893700055;250893700363;308;9;1;1;1
250893700363;250893700544;181;9;1;1;1
250893700544;250893700824;280;9;1;1;1
250893700824;250893701764;940;9;1;1;1
250893701764;250893703480;1716;9;1;1;1
250893703480;250893705065;1585;9;1;1;1
250893705065;250893705152;87;9;1;1;1
250893705152;250893705475;323;9;1;1;1
250893705475;250893705749;274;9;1;1;1
250893705749;250893706327;578;9;1;1;1
250893706327;250893706445;118;9;1;1;1
250893706445;250893706887;442;9;1;1;1
250893706887;250893706947;60;9;1;1;1
250893706947;250893707030;83;9;1;1;1
250893707030;250893707488;458;9;1;1;1
250893707488;250893707606;118;9;1;1;1
250893707606;250893708085;479;9;1;1;1
250893708085;250893708139;54;9;1;1;1
250893708139;250893708147;8;9;1;1;1
250893708147;250893708342;195;9;1;1;1
250893708342;250893709054;712;9;1;1;1
250893709054;250893709419;365;9;1;1;1
250893709419;250893709525;106;9;1;1;1
250893709525;250893709557;32;9;1;1;1
250893709557;250893709836;279;9;1;1;1
250893709836;250893710162;326;9;1;1;1
250893710162;250893710182;20;9;1;1;1
250893710182;250893710570;388;9;1;1;1
250893710570;250893712007;1437;9;1;1;1
250893712007;250893714466;2459;9;1;1;1
250893714466;250893715964;1498;9;1;1;1
250893715964;250893716050;86;9;1;1;1
250893716050;250893716240;190;9;1;1;1
250893716240;250893716243;3;9;1;1;1
250893716243;250893716412;169;9;1;1;1
250893716412;250893717075;663;9;1;1;1
250893717075;250893717269;194;9;1;1;1
250893717269;250893717351;82;9;1;1;1
250893717351;250893717529;178;9;1;1;1
250893717529;250893717964;435;9;1;1;1
250895089919;250895090322;403;9;1;1;1
250895090322;250895090346;24;9;1;1;1
250895090346;250895090347;1;9;1;1;1
250895090347;250895090535;188;9;1;1;1
250895090535;250895090620;85;9;1;1;1
250895090620;250895091142;522;9;1;1;1
250895091142;250895091939;797;9;1;1;1
250895091939;250895092899;960;9;1;1;1
250895092899;250895093309;410;9;1;1;1
250895093309;250895093907;598;9;1;1;1
250895093907;250895094126;219;9;1;1;1
250895094126;250895094188;62;9;1;1;1
250895094188;250895094201;13;9;1;1;1
250895094201;250895094287;86;9;1;1;1
250895094287;250895095846;1559;9;1;1;1
250895095846;250895095951;105;9;1;1;1
250895095951;250895097136;1185;9;1;1;1
250895097136;250895097307;171;9;1;1;1
250895097307;250895097332;25;9;1;1;1
250895097332;250895097401;69;9;1;1;1
250895097401;250895097522;121;9;1;1;1
250895097522;250895097955;433;9;1;1;1
250895097955;250895097990;35;9;1;1;1
250895097990;250895100180;2190;9;1;1;1
250895100180;250895100608;428;9;1;1;1
250895100608;250895101282;674;9;1;1;1
250895101282;250895101378;96;9;1;1;1
250895101378;250895101631;253;9;1;1;1
250895101631;250895102288;657;9;1;1;1
250895102288;250895104022;1734;9;1;1;1
250895104022;250895104454;432;9;1;1;1
250895104454;250895105137;683;9;1;1;1
250895105137;250895105253;116;9;1;1;1
250895105253;250895105443;190;9;1;1;1
250895105443;250895105476;33;9;1;1;1
250895105476;250895107527;2051;9;1;1;1
250895107527;250895107694;167;9;1;1;1
250895107694;250895108121;427;9;1;1;1
250895108121;250895108534;413;9;1;1;1
250895108534;250895109046;512;9;1;1;1
250895109046;250895109190;144;9;1;1;1
250895109190;250895109335;145;9;1;1;1
250895109335;250895110326;991;9;1;1;1
250895110326;250895110629;303;9;1;1;1
250895110629;250895111086;457;9;1;1;1
250895111086;250895111111;25;9;1;1;1
250895111111;250895111331;220;9;1;1;1
250895111331;250895112356;1025;9;1;1;1
250895112356;250895112461;105;9;1;1;1
250895112461;250895112464;3;9;1;1;1
250895112464;250895112709;245;9;1;1;1
250895112709;250895112759;50;9;1;1;1
250895112759;250895113144;385;9;1;1;1
250895113144;250895113568;424;9;1;1;1
250895113568;250895113700;132;9;1;1;1
250895113700;250895114055;355;9;1;1;1
250895114055;250895114260;205;9;1;1;1
250895114260;250895115166;906;9;1;1;1
250895115166;250895115211;45;9;1;1;1
250895115211;250895115621;410;9;1;1;1
250895115621;250895115645;24;9;1;1;1
250895115645;250895116055;410;9;1;1;1
250895116055;250895116799;744;9;1;1;1
250895116799;250895116945;146;9;1;1;1
250895116945;250895117012;67;9;1;1;1
250895117012;250895117380;368;9;1;1;1
250895117380;250895117764;384;9;1;1;1
250895117764;250895118349;585;9;1;1;1
250895118349;250895118483;134;9;1;1;1
250895118483;250895118509;26;9;1;1;1
250895118509;250895118703;194;9;1;1;1
250895118703;250895118817;114;9;1;1;1
250895118817;250895119562;745;9;1;1;1
250895119562;250895119817;255;9;1;1;1
250895119817;250895119922;105;9;1;1;1
250895119922;250895120157;235;9;1;1;1
250895120157;250895120522;365;9;1;1;1
250895120522;250895120552;30;9;1;1;1
250895120552;250895120612;60;9;1;1;1
250895120612;250895121285;673;9;1;1;1
250895121285;250895121506;221;9;1;1;1
250895121506;250895121611;105;9;1;1;1
250895121611;250895121674;63;9;1;1;1
250895121674;250895121791;117;9;1;1;1
250895121791;250895122087;296;9;1;1;1
250895122087;250895122401;314;9;1;1;1
250895122401;250895122426;25;9;1;1;1
250895122426;250895122513;87;9;1;1;1
250895122513;250895122532;19;9;1;1;1
250895122532;250895122845;313;9;1;1;1
250895122845;250895122852;7;9;1;1;1
250895122852;250895122897;45;9;1;1;1
250895122897;250895123532;635;9;1;1;1
250895123532;250895123939;407;9;1;1;1
250895123939;250895124355;416;9;1;1;1
250895124355;250895124621;266;9;1;1;1
250895124621;250895124646;25;9;1;1;1
250895124646;250895124925;279;9;1;1;1
250895124925;250895125145;220;9;1;1;1
250895125145;250895125239;94;9;1;1;1
250895125239;250895125535;296;9;1;1;1
250895125535;250895126252;717;9;1;1;1
250895126252;250895126277;25;9;1;1;1
250895126277;250895126451;174;9;1;1;1
250895126451;250895127162;711;9;1;1;1
250895127162;250895127273;111;9;1;1;1
250895127273;250895127761;488;9;1;1;1
250895127761;250895127837;76;9;1;1;1
250895127837;250895127875;38;9;1;1;1
250895127875;250895128019;144;9;1;1;1
250895128019;250895128091;72;9;1;1;1
250895128091;250895128487;396;9;1;1;1
250895128487;250895128696;209;9;1;1;1
250895128696;250895129625;929;9;1;1;1
250895129625;250895129674;49;9;1;1;1
250895129674;250895130615;941;9;1;1;1
250895130615;250895130810;195;9;1;1;1
250895130810;250895131119;309;9;1;1;1
250895131119;250895131543;424;9;1;1;1
250895131543;250895131665;122;9;1;1;1
250895131665;250895131679;14;9;1;1;1
250895131679;250895131699;20;9;1;1;1
250895131699;250895132075;376;9;1;1;1
250895132075;250895132086;11;9;1;1;1
250895132086;250895132461;375;9;1;1;1
250895132461;250895132957;496;9;1;1;1
250895132957;250895133000;43;9;1;1;1
250895133000;250895133439;439;9;1;1;1
250895133439;250895133477;38;9;1;1;1
250895133477;250895133495;18;9;1;1;1
250895133495;250895133717;222;9;1;1;1
250895133717;250895133724;7;9;1;1;1
250895133724;250895133734;10;9;1;1;1
250895133734;250895133825;91;9;1;1;1
250895133825;250895134087;262;9;1;1;1
250895134087;250895134134;47;9;1;1;1
250895134134;250895134441;307;9;1;1;1
250895134441;250895134642;201;9;1;1;1
250895134642;250895135217;575;9;1;1;1
250895135217;250895135413;196;9;1;1;1
250895135413;250895135733;320;9;1;1;1
250895135733;250895136712;979;9;1;1;1
250895136712;250895136744;32;9;1;1;1
250895136744;250895136909;165;9;1;1;1
250895136909;250895137165;256;9;1;1;1
250895137165;250895137310;145;9;1;1;1
250895137310;250895137399;89;9;1;1;1
250895137399;250895137512;113;9;1;1;1
250895137512;250895137867;355;9;1;1;1
250895137867;250895138604;737;9;1;1;1
250895138604;250895139764;1160;9;1;1;1
250895139764;250895139788;24;9;1;1;1
250895139788;250895139911;123;9;1;1;1
250895139911;250895140479;568;9;1;1;1
250895140479;250895140511;32;9;1;1;1
250895140511;250895140797;286;9;1;1;1
250895140797;250895140912;115;9;1;1;1
250895140912;250895141181;269;9;1;1;1
250895141181;250895141938;757;9;1;1;1
250895141938;250895141945;7;9;1;1;1
250895141945;250895142031;86;9;1;1;1
250895142031;250895142114;83;9;1;1;1
250895142114;250895142124;10;9;1;1;1
250895142124;250895142149;25;9;1;1;1
250895142149;250895143541;1392;9;1;1;1
250895143541;250895144007;466;9;1;1;1
250895144007;250895144021;14;9;1;1;1
250895144021;250895144489;468;9;1;1;1
250895144489;250895144663;174;9;1;1;1
250895144663;250895144897;234;9;1;1;1
250895144897;250895144944;47;9;1;1;1
250895144944;250895145051;107;9;1;1;1
250895145051;250895145362;311;9;1;1;1
250895145362;250895146119;757;9;1;1;1
250895146119;250895146627;508;9;1;1;1
250895146627;250895147231;604;9;1;1;1
250895147231;250895147385;154;9;1;1;1
250895147385;250895148195;810;9;1;1;1
250895148195;250895148411;216;9;1;1;1
250895148411;250895148642;231;9;1;1;1
250895148642;250895148835;193;9;1;1;1
250895148835;250895148995;160;9;1;1;1
250895148995;250895149053;58;9;1;1;1
250895149053;250895149339;286;9;1;1;1
250895149339;250895149582;243;9;1;1;1
250895149582;250895149778;196;9;1;1;1
250895149778;250895150809;1031;9;1;1;1
250895150809;250895150838;29;9;1;1;1
250895150838;250895150933;95;9;1;1;1
250895150933;250895151174;241;9;1;1;1
250895151174;250895151402;228;9;1;1;1
250895151402;250895151617;215;9;1;1;1
250895151617;250895151872;255;9;1;1;1
250895151872;250895151995;123;9;1;1;1
250895151995;250895152711;716;9;1;1;1
250895152711;250895152794;83;9;1;1;1
250895152794;250895152804;10;9;1;1;1
250895152804;250895152838;34;9;1;1;1
250895152838;250895153213;375;9;1;1;1
250895153213;250895154122;909;9;1;1;1
250895154122;250895154391;269;9;1;1;1
250895154391;250895154430;39;9;1;1;1
250895154430;250895154450;20;9;1;1;1
250895154450;250895154606;156;9;1;1;1
250895154606;250895154646;40;9;1;1;1
250895154646;250895154920;274;9;1;1;1
250895154920;250895155030;110;9;1;1;1
250895155030;250895155037;7;9;1;1;1
250895155037;250895155255;218;9;1;1;1
250895155255;250895155795;540;9;1;1;1
250895155795;250895155802;7;9;1;1;1
250895155802;250895155827;25;9;1;1;1
250895155827;250895156091;264;9;1;1;1
250895156091;250895156172;81;9;1;1;1
250895156172;250895156312;140;9;1;1;1
250895156312;250895156660;348;9;1;1;1
250895156660;250895157049;389;9;1;1;1
250895157049;250895157205;156;9;1;1;1
250895157205;250895157264;59;9;1;1;1
250895157264;250895157501;237;9;1;1;1
250895157501;250895158146;645;9;1;1;1
250895158146;250895158210;64;9;1;1;1
250895158210;250895158592;382;9;1;1;1
250895158592;250895158876;284;9;1;1;1
250895158876;250895159075;199;9;1;1;1
250895159075;250895159137;62;9;1;1;1
250895159137;250895159268;131;9;1;1;1
250895159268;250895159343;75;9;1;1;1
250895159343;250895159388;45;9;1;1;1
250895159388;250895159413;25;9;1;1;1
250895159413;250895159555;142;9;1;1;1
250895159555;250895160037;482;9;1;1;1
250895160037;250895160397;360;9;1;1;1
250895160397;250895160528;131;9;1;1;1
250895160528;250895160618;90;9;1;1;1
250895160618;250895160669;51;9;1;1;1
250895160669;250895160724;55;9;1;1;1
250895160724;250895160911;187;9;1;1;1
250895160911;250895161121;210;9;1;1;1
250895161121;250895161784;663;9;1;1;1
250895161784;250895161810;26;9;1;1;1
250895161810;250895161872;62;9;1;1;1
250895161872;250895161907;35;9;1;1;1
250895161907;250895162811;904;9;1;1;1
250895162811;250895162857;46;9;1;1;1
250895162857;250895163337;480;9;1;1;1
250895163337;250895163751;414;9;1;1;1
250895163751;250895164083;332;9;1;1;1
250895164083;250895164185;102;9;1;1;1
250895164185;250895164418;233;9;1;1;1
250895164418;250895164548;130;9;1;1;1
250895164548;250895164760;212;9;1;1;1
250895164760;250895165015;255;9;1;1;1
250895165015;250895165196;181;9;1;1;1
250895165196;250895165257;61;9;1;1;1
250895165257;250895165305;48;9;1;1;1
250895165305;250895165562;257;9;1;1;1
250895165562;250895165693;131;9;1;1;1
250895165693;250895165780;87;9;1;1;1
250895165780;250895166569;789;9;1;1;1
250895166569;250895166860;291;9;1;1;1
250895166860;250895167025;165;9;1;1;1
250895167025;250895167868;843;9;1;1;1
250895167868;250895168003;135;9;1;1;1
250895168003;250895168050;47;9;1;1;1
250895168050;250895168320;270;9;1;1;1
250895168320;250895168430;110;9;1;1;1
250895168430;250895168738;308;9;1;1;1
250895168738;250895169087;349;9;1;1;1
250895169087;250895169181;94;9;1;1;1
250895169181;250895169464;283;9;1;1;1
250895169464;250895169837;373;9;1;1;1
250895169837;250895169947;110;9;1;1;1
250895169947;250895169966;19;9;1;1;1
250895169966;250895170033;67;9;1;1;1
250895170033;250895170251;218;9;1;1;1
250895170251;250895170386;135;9;1;1;1
250895170386;250895171032;646;9;1;1;1
250895171032;250895171037;5;9;1;1;1
250895171037;250895171545;508;9;1;1;1
250895171545;250895172026;481;9;1;1;1
250895172026;250895172263;237;9;1;1;1
250895172263;250895172265;2;9;1;1;1
250895172265;250895172628;363;9;1;1;1
250895172628;250895172832;204;9;1;1;1
250895172832;250895173257;425;9;1;1;1
250895173257;250895173299;42;9;1;1;1
250895173299;250895173303;4;9;1;1;1
250895173303;250895173663;360;9;1;1;1
250895173663;250895174512;849;9;1;1;1
250895174512;250895174807;295;9;1;1;1
250895174807;250895175130;323;9;1;1;1
250895175130;250895175663;533;9;1;1;1
250895175663;250895175855;192;9;1;1;1
250895175855;250895177125;1270;9;1;1;1
250895177125;250895177397;272;9;1;1;1
250895177397;250895177786;389;9;1;1;1
250895177786;250895178184;398;9;1;1;1
250895178184;250895178502;318;9;1;1;1
250895178502;250895178601;99;9;1;1;1
250895178601;250895178734;133;9;1;1;1
250895178734;250895178994;260;9;1;1;1
250895178994;250895179202;208;9;1;1;1
250895179202;250895179650;448;9;1;1;1
250895179650;250895179902;252;9;1;1;1
250895179902;250895180199;297;9;1;1;1
250895180199;250895180240;41;9;1;1;1
250895180240;250895180314;74;9;1;1;1
250895180314;250895180846;532;9;1;1;1
250895180846;250895181288;442;9;1;1;1
250895181288;250895181310;22;9;1;1;1
250895181310;250895181999;689;9;1;1;1
250895181999;250895182665;666;9;1;1;1
250895182665;250895183424;759;9;1;1;1
250895183424;250895183432;8;9;1;1;1
250895183432;250895183508;76;9;1;1;1
250895183508;250895183639;131;9;1;1;1
250895183639;250895184541;902;9;1;1;1
250895184541;250895184620;79;9;1;1;1
250895184620;250895184782;162;9;1;1;1
250895184782;250895185076;294;9;1;1;1
250895185076;250895185364;288;9;1;1;1
250895185364;250895185432;68;9;1;1;1
250895185432;250895185579;147;9;1;1;1
250895185579;250895185813;234;9;1;1;1
250895185813;250895186213;400;9;1;1;1
250895186213;250895186240;27;9;1;1;1
250895186240;250895186547;307;9;1;1;1
250895186547;250895186662;115;9;1;1;1
250895186662;250895186872;210;9;1;1;1
250895186872;250895186918;46;9;1;1;1
250895186918;250895187131;213;9;1;1;1
250895187131;250895187448;317;9;1;1;1
250895187448;250895188045;597;9;1;1;1
250895188045;250895188236;191;9;1;1;1
250895188236;250895188643;407;9;1;1;1
250895188643;250895189646;1003;9;1;1;1
250895189646;250895190076;430;9;1;1;1
250895190076;250895190344;268;9;1;1;1
250895190344;250895190605;261;9;1;1;1
250895190605;250895191058;453;9;1;1;1
250895191058;250895191492;434;9;1;1;1
250895191492;250895191937;445;9;1;1;1
250895191937;250895192347;410;9;1;1;1
250895192347;250895192353;6;9;1;1;1
250895192353;250895192695;342;9;1;1;1
250895192695;250895194269;1574;9;1;1;1
250895194269;250895194467;198;9;1;1;1
250895194467;250895195144;677;9;1;1;1
250895195144;250895195429;285;9;1;1;1
250895195429;250895195437;8;9;1;1;1
250895195437;250895197268;1831;9;1;1;1
250895197268;250895197688;420;9;1;1;1
250895197688;250895197786;98;9;1;1;1
250895197786;250895198056;270;9;1;1;1
250895198056;250895198773;717;9;1;1;1
250895198773;250895198904;131;9;1;1;1
250895198904;250895199140;236;9;1;1;1
250895199140;250895199161;21;9;1;1;1
250895199161;250895199351;190;9;1;1;1
250895199351;250895199384;33;9;1;1;1
250895199384;250895199434;50;9;1;1;1
250895199434;250895200495;1061;9;1;1;1
250895200495;250895200927;432;9;1;1;1
250895200927;250895201190;263;9;1;1;1
250895201190;250895201355;165;9;1;1;1
250895201355;250895201419;64;9;1;1;1
250895201419;250895202571;1152;9;1;1;1
250895202571;250895202711;140;9;1;1;1
250895202711;250895202878;167;9;1;1;1
250895202878;250895202955;77;9;1;1;1
250895202955;250895203277;322;9;1;1;1
250895203277;250895203440;163;9;1;1;1
250895203440;250895204435;995;9;1;1;1
250895204435;250895204499;64;9;1;1;1
250895204499;250895204564;65;9;1;1;1
250895204564;250895205426;862;9;1;1;1
250895205426;250895205966;540;9;1;1;1
250895205966;250895206703;737;9;1;1;1
250895206703;250895207281;578;9;1;1;1
250895207281;250895207638;357;9;1;1;1
250895207638;250895208384;746;9;1;1;1
250895208384;250895208687;303;9;1;1;1
250895208687;250895209651;964;9;1;1;1
250895209651;250895210568;917;9;1;1;1
250895210568;250895210604;36;9;1;1;1
250895210604;250895211425;821;9;1;1;1
250895211425;250895211893;468;9;1;1;1
250895211893;250895212315;422;9;1;1;1
250895212315;250895213689;1374;9;1;1;1
250895213689;250895213972;283;9;1;1;1
250895213972;250895214867;895;9;1;1;1
250895214867;250895215023;156;9;1;1;1
250895215023;250895216236;1213;9;1;1;1
250895216236;250895217452;1216;9;1;1;1
250895217452;250895218304;852;9;1;1;1
250895218304;250895218815;511;9;1;1;1
250895218815;250895221210;2395;9;1;1;1
250895221210;250895221786;576;9;1;1;1
250895221786;250895222619;833;9;1;1;1
250895222619;250895223050;431;9;1;1;1
250895223050;250895223758;708;9;1;1;1
250895223758;250895224688;930;9;1;1;1
250895224688;250895225860;1172;9;1;1;1
250895225860;250895225928;68;9;1;1;1
250895225928;250895226060;132;9;1;1;1
250895226060;250895226805;745;9;1;1;1
250895226805;250895226905;100;9;1;1;1
250895226905;250895227065;160;9;1;1;1
250895227065;250895227371;306;9;1;1;1
250895227371;250895227441;70;9;1;1;1
250895227441;250895227695;254;9;1;1;1
250895227695;250895228172;477;9;1;1;1
250895228172;250895228189;17;9;1;1;1
250895228189;250895229605;1416;9;1;1;1
250895229605;250895230007;402;9;1;1;1
250895230007;250895230150;143;9;1;1;1
250895230150;250895231954;1804;9;1;1;1
250895231954;250895232170;216;9;1;1;1
250895232170;250895233032;862;9;1;1;1
250895233032;250895233448;416;9;1;1;1
250895233448;250895234188;740;9;1;1;1
250895234188;250895234205;17;9;1;1;1
250895234205;250895234281;76;9;1;1;1
250895234281;250895234461;180;9;1;1;1
250895234461;250895235182;721;9;1;1;1
250895235182;250895236364;1182;9;1;1;1
250895236364;250895236385;21;9;1;1;1
250895236385;250895236868;483;9;1;1;1
250895236868;250895236874;6;9;1;1;1
250895236874;250895236908;34;9;1;1;1
250895236908;250895237053;145;9;1;1;1
250895237053;250895238081;1028;9;1;1;1
250895238081;250895238579;498;9;1;1;1
250895238579;250895238800;221;9;1;1;1
250895238800;250895239080;280;9;1;1;1
250895239080;250895239338;258;9;1;1;1
250895239338;250895239938;600;9;1;1;1
250895239938;250895240244;306;9;1;1;1
250895240244;250895241091;847;9;1;1;1
250895241091;250895241101;10;9;1;1;1
250895241101;250895241551;450;9;1;1;1
250895241551;250895241760;209;9;1;1;1
250895241760;250895241938;178;9;1;1;1
250895241938;250895242397;459;9;1;1;1
250895242397;250895242628;231;9;1;1;1
250895242628;250895242960;332;9;1;1;1
250895242960;250895243448;488;9;1;1;1
250895243448;250895243573;125;9;1;1;1
250895243573;250895243634;61;9;1;1;1
250895243634;250895243731;97;9;1;1;1
250895243731;250895244981;1250;9;1;1;1
250895244981;250895245508;527;9;1;1;1
250895245508;250895245998;490;9;1;1;1
250895245998;250895246376;378;9;1;1;1
250895246376;250895246999;623;9;1;1;1
250895246999;250895247488;489;9;1;1;1
250895247488;250895247842;354;9;1;1;1
250895247842;250895248293;451;9;1;1;1
250895248293;250895248403;110;9;1;1;1
250895248403;250895248427;24;9;1;1;1
250895248427;250895248443;16;9;1;1;1
250895248443;250895248594;151;9;1;1;1
250895248594;250895249277;683;9;1;1;1
250895249277;250895249443;166;9;1;1;1
250895249443;250895250646;1203;9;1;1;1
250895250646;250895251335;689;9;1;1;1
250895251335;250895251587;252;9;1;1;1
250895251587;250895251614;27;9;1;1;1
250895251614;250895251687;73;9;1;1;1
250895251687;250895251902;215;9;1;1;1
250895251902;250895252136;234;9;1;1;1
250895252136;250895252485;349;9;1;1;1
250895252485;250895252500;15;9;1;1;1
250895252500;250895252576;76;9;1;1;1
250895252576;250895252634;58;9;1;1;1
250895252634;250895253015;381;9;1;1;1
250895253015;250895253315;300;9;1;1;1
250895253315;250895253796;481;9;1;1;1
250895253796;250895254142;346;9;1;1;1
250895254142;250895254270;128;9;1;1;1
250895254270;250895254559;289;9;1;1;1
250895254559;250895255098;539;9;1;1;1
250895255098;250895255402;304;9;1;1;1
250895255402;250895255421;19;9;1;1;1
250895255421;250895255957;536;9;1;1;1
250895255957;250895256032;75;9;1;1;1
250895256032;250895256056;24;9;1;1;1
250895256056;250895256273;217;9;1;1;1
250895256273;250895256472;199;9;1;1;1
250895256472;250895257098;626;9;1;1;1
250895257098;250895257233;135;9;1;1;1
250895257233;250895257443;210;9;1;1;1
250895257443;250895257471;28;9;1;1;1
250895257471;250895258587;1116;9;1;1;1
250895258587;250895258674;87;9;1;1;1
250895258674;250895258906;232;9;1;1;1
250895258906;250895258918;12;9;1;1;1
250895258918;250895259051;133;9;1;1;1
250895259051;250895259546;495;9;1;1;1
250895259546;250895260001;455;9;1;1;1
250895260001;250895260151;150;9;1;1;1
250895260151;250895260156;5;9;1;1;1
250895260156;250895260393;237;9;1;1;1
250895260393;250895260578;185;9;1;1;1
250895260578;250895261000;422;9;1;1;1
250895261000;250895261933;933;9;1;1;1
250895261933;250895262377;444;9;1;1;1
250895262377;250895262924;547;9;1;1;1
250895262924;250895262937;13;9;1;1;1
250895262937;250895263295;358;9;1;1;1
250895263295;250895263305;10;9;1;1;1
250895263305;250895263346;41;9;1;1;1
250895263346;250895263475;129;9;1;1;1
250895263475;250895263799;324;9;1;1;1
250895263799;250895264582;783;9;1;1;1
250895264582;250895264810;228;9;1;1;1
250895264810;250895264859;49;9;1;1;1
250895264859;250895264872;13;9;1;1;1
250895264872;250895265248;376;9;1;1;1
250895265248;250895265538;290;9;1;1;1
250895265538;250895266751;1213;9;1;1;1
250895266751;250895266765;14;9;1;1;1
250895266765;250895266950;185;9;1;1;1
250895266950;250895266969;19;9;1;1;1
250895266969;250895267203;234;9;1;1;1
250895267203;250895267554;351;9;1;1;1
250895267554;250895267847;293;9;1;1;1
250895267847;250895268114;267;9;1;1;1
250895268114;250895268141;27;9;1;1;1
250895268141;250895268605;464;9;1;1;1
250895268605;250895268731;126;9;1;1;1
250895268731;250895268900;169;9;1;1;1
250895268900;250895269296;396;9;1;1;1
250895269296;250895270058;762;9;1;1;1
250895270058;250895270073;15;9;1;1;1
250895270073;250895270373;300;9;1;1;1
250895270373;250895270917;544;9;1;1;1
250895270917;250895271260;343;9;1;1;1
250895271260;250895271428;168;9;1;1;1
250895271428;250895271691;263;9;1;1;1
250895271691;250895271836;145;9;1;1;1
250895271836;250895271845;9;9;1;1;1
250895271845;250895272198;353;9;1;1;1
250895272198;250895272402;204;9;1;1;1
250895272402;250895272472;70;9;1;1;1
250895272472;250895272565;93;9;1;1;1
250895272565;250895272635;70;9;1;1;1
250895272635;250895272827;192;9;1;1;1
250895272827;250895273128;301;9;1;1;1
250895273128;250895273392;264;9;1;1;1
250895273392;250895274308;916;9;1;1;1
250895274308;250895274430;122;9;1;1;1
250895274430;250895274871;441;9;1;1;1
250895274871;250895274878;7;9;1;1;1
250895274878;250895274985;107;9;1;1;1
250895274985;250895275093;108;9;1;1;1
250895275093;250895275237;144;9;1;1;1
250895275237;250895275662;425;9;1;1;1
250895275662;250895275862;200;9;1;1;1
250895275862;250895275926;64;9;1;1;1
250895275926;250895276726;800;9;1;1;1
250895276726;250895276966;240;9;1;1;1
250895276966;250895277332;366;9;1;1;1
250895277332;250895277851;519;9;1;1;1
250895277851;250895278080;229;9;1;1;1
250895278080;250895278484;404;9;1;1;1
250895278484;250895278673;189;9;1;1;1
250895278673;250895278734;61;9;1;1;1
250895278734;250895279039;305;9;1;1;1
250895279039;250895279196;157;9;1;1;1
250895279196;250895279300;104;9;1;1;1
250895279300;250895279793;493;9;1;1;1
250895279793;250895280272;479;9;1;1;1
250895280272;250895280290;18;9;1;1;1
250895280290;250895280345;55;9;1;1;1
250895280345;250895280422;77;9;1;1;1
250895280422;250895280575;153;9;1;1;1
250895280575;250895280863;288;9;1;1;1
250895280863;250895280894;31;9;1;1;1
250895280894;250895280937;43;9;1;1;1
250895280937;250895281412;475;9;1;1;1
250895281412;250895282082;670;9;1;1;1
250895282082;250895282172;90;9;1;1;1
250895282172;250895282437;265;9;1;1;1
250895282437;250895282594;157;9;1;1;1
250895282594;250895282860;266;9;1;1;1
250895282860;250895283014;154;9;1;1;1
250895283014;250895283764;750;9;1;1;1
250895283764;250895284340;576;9;1;1;1
250895284340;250895284474;134;9;1;1;1
250895284474;250895284778;304;9;1;1;1
250895284778;250895284851;73;9;1;1;1
250895284851;250895284908;57;9;1;1;1
250895284908;250895285307;399;9;1;1;1
250895285307;250895285520;213;9;1;1;1
250895285520;250895286101;581;9;1;1;1
250895286101;250895286642;541;9;1;1;1
250895286642;250895286846;204;9;1;1;1
250895286846;250895287533;687;9;1;1;1
250895287533;250895287546;13;9;1;1;1
250895287546;250895287767;221;9;1;1;1
250895287767;250895287808;41;9;1;1;1
250895287808;250895288279;471;9;1;1;1
250895288279;250895288452;173;9;1;1;1
250895288452;250895288779;327;9;1;1;1
250895288779;250895289571;792;9;1;1;1
250895289571;250895289575;4;9;1;1;1
250895289575;250895289821;246;9;1;1;1
250895289821;250895290152;331;9;1;1;1
250895290152;250895290246;94;9;1;1;1
250895290246;250895290618;372;9;1;1;1
250895290618;250895290735;117;9;1;1;1
250895290735;250895290891;156;9;1;1;1
250895290891;250895290929;38;9;1;1;1
250895290929;250895290989;60;9;1;1;1
250895290989;250895291004;15;9;1;1;1
250895291004;250895291612;608;9;1;1;1
250895291612;250895291651;39;9;1;1;1
250895291651;250895292972;1321;9;1;1;1
250895292972;250895293224;252;9;1;1;1
250895293224;250895293986;762;9;1;1;1
250895293986;250895294061;75;9;1;1;1
250895294061;250895294231;170;9;1;1;1
250895294231;250895294387;156;9;1;1;1
250895294387;250895294462;75;9;1;1;1
250895294462;250895294576;114;9;1;1;1
250895294576;250895294608;32;9;1;1;1
250895294608;250895294704;96;9;1;1;1
250895294704;250895295045;341;9;1;1;1
250895295045;250895295084;39;9;1;1;1
250895295084;250895295184;100;9;1;1;1
250895295184;250895295367;183;9;1;1;1
250895295367;250895295571;204;9;1;1;1
250895295571;250895295601;30;9;1;1;1
250895295601;250895295636;35;9;1;1;1
250895295636;250895296107;471;9;1;1;1
250895296107;250895296228;121;9;1;1;1
250895296228;250895296704;476;9;1;1;1
250895296704;250895297659;955;9;1;1;1
250895297659;250895297904;245;9;1;1;1
250895297904;250895298104;200;9;1;1;1
250895298104;250895298211;107;9;1;1;1
250895298211;250895298570;359;9;1;1;1
250895298570;250895298632;62;9;1;1;1
250895298632;250895299294;662;9;1;1;1
250895299294;250895299379;85;9;1;1;1
250895299379;250895299788;409;9;1;1;1
250895299788;250895299950;162;9;1;1;1
250895299950;250895300804;854;9;1;1;1
250895300804;250895301028;224;9;1;1;1
250895301028;250895301197;169;9;1;1;1
250895301197;250895301284;87;9;1;1;1
250895301284;250895301336;52;9;1;1;1
250895301336;250895301462;126;9;1;1;1
250895301462;250895301859;397;9;1;1;1
250895301859;250895302510;651;9;1;1;1
250895302510;250895302568;58;9;1;1;1
250895302568;250895302617;49;9;1;1;1
250895302617;250895302888;271;9;1;1;1
250895302888;250895303098;210;9;1;1;1
250895303098;250895303263;165;9;1;1;1
250895303263;250895303274;11;9;1;1;1
250895303274;250895303605;331;9;1;1;1
250895303605;250895304217;612;9;1;1;1
250895304217;250895304247;30;9;1;1;1
250895304247;250895304649;402;9;1;1;1
250895304649;250895305842;1193;9;1;1;1
250895305842;250895306810;968;9;1;1;1
250895306810;250895306821;11;9;1;1;1
250895306821;250895306881;60;9;1;1;1
250895306881;250895307306;425;9;1;1;1
250895307306;250895307534;228;9;1;1;1
250895307534;250895307595;61;9;1;1;1
250895307595;250895307621;26;9;1;1;1
250895307621;250895307867;246;9;1;1;1
250895307867;250895307892;25;9;1;1;1
250895307892;250895308092;200;9;1;1;1
250895308092;250895308163;71;9;1;1;1
250895308163;250895309055;892;9;1;1;1
250895309055;250895309351;296;9;1;1;1
250895309351;250895309951;600;9;1;1;1
250895309951;250895310544;593;9;1;1;1
250895310544;250895310551;7;9;1;1;1
250895310551;250895310553;2;9;1;1;1
250895310553;250895311102;549;9;1;1;1
250895311102;250895311176;74;9;1;1;1
250895311176;250895311438;262;9;1;1;1
250895311438;250895311666;228;9;1;1;1
250895311666;250895311904;238;9;1;1;1
250895311904;250895312471;567;9;1;1;1
250895312471;250895312692;221;9;1;1;1
250895312692;250895312995;303;9;1;1;1
250895312995;250895313608;613;9;1;1;1
250895313608;250895314660;1052;9;1;1;1
250895314660;250895315165;505;9;1;1;1
250895315165;250895315627;462;9;1;1;1
250895315627;250895315813;186;9;1;1;1
250895315813;250895315837;24;9;1;1;1
250895315837;250895316227;390;9;1;1;1
250895316227;250895316464;237;9;1;1;1
250895316464;250895317051;587;9;1;1;1
250895317051;250895317490;439;9;1;1;1
250895317490;250895317542;52;9;1;1;1
250895317542;250895317744;202;9;1;1;1
250895317744;250895318819;1075;9;1;1;1
250895318819;250895319372;553;9;1;1;1
250895319372;250895319487;115;9;1;1;1
250895319487;250895319694;207;9;1;1;1
250895319694;250895319769;75;9;1;1;1
250895319769;250895320955;1186;9;1;1;1
250895320955;250895321264;309;9;1;1;1
250895321264;250895321486;222;9;1;1;1
250895321486;250895322333;847;9;1;1;1
250895322333;250895322455;122;9;1;1;1
250895322455;250895322853;398;9;1;1;1
250895322853;250895323029;176;9;1;1;1
250895323029;250895324149;1120;9;1;1;1
250895324149;250895324470;321;9;1;1;1
250895324470;250895325157;687;9;1;1;1
250895325157;250895325791;634;9;1;1;1
250895325791;250895325815;24;9;1;1;1
250895325815;250895326218;403;9;1;1;1
250895326218;250895327105;887;9;1;1;1
250895327105;250895327279;174;9;1;1;1
250895327279;250895327618;339;9;1;1;1
250895327618;250895328879;1261;9;1;1;1
250895328879;250895329121;242;9;1;1;1
250895329121;250895329832;711;9;1;1;1
250895329832;250895330078;246;9;1;1;1
250895330078;250895332138;2060;9;1;1;1
250895332138;250895333138;1000;9;1;1;1
250895333138;250895333534;396;9;1;1;1
250895333534;250895334108;574;9;1;1;1
250895334108;250895334532;424;9;1;1;1
250895334532;250895336095;1563;9;1;1;1
250895336095;250895337194;1099;9;1;1;1
250895337194;250895338842;1648;9;1;1;1
250895338842;250895339501;659;9;1;1;1
250895339501;250895339638;137;9;1;1;1
250895339638;250895340221;583;9;1;1;1
250895340221;250895341180;959;9;1;1;1
250895341180;250895341412;232;9;1;1;1
250895341412;250895341849;437;9;1;1;1
250895341849;250895342231;382;9;1;1;1
250895342231;250895342479;248;9;1;1;1
250895342479;250895343396;917;9;1;1;1
250895343396;250895343495;99;9;1;1;1
250895343495;250895343560;65;9;1;1;1
250895343560;250895343611;51;9;1;1;1
250895343611;250895343958;347;9;1;1;1
250895343958;250895344900;942;9;1;1;1
250895344900;250895345062;162;9;1;1;1
250895345062;250895345351;289;9;1;1;1
250895345351;250895345467;116;9;1;1;1
250895345467;250895345662;195;9;1;1;1
250895345662;250895345865;203;9;1;1;1
250895345865;250895346029;164;9;1;1;1
250895346029;250895346608;579;9;1;1;1
250895346608;250895347004;396;9;1;1;1
250895347004;250895347260;256;9;1;1;1
250895347260;250895347356;96;9;1;1;1
250895347356;250895347736;380;9;1;1;1
250895347736;250895347805;69;9;1;1;1
250895347805;250895348296;491;9;1;1;1
250895348296;250895348732;436;9;1;1;1
250895348732;250895349168;436;9;1;1;1
250895349168;250895349176;8;9;1;1;1
250895349176;250895349827;651;9;1;1;1
250895349827;250895349881;54;9;1;1;1
250895349881;250895350149;268;9;1;1;1
250895350149;250895350962;813;9;1;1;1
250895350962;250895351246;284;9;1;1;1
250895351246;250895351530;284;9;1;1;1
250895351530;250895351711;181;9;1;1;1
250895351711;250895351839;128;9;1;1;1
250895351839;250895351995;156;9;1;1;1
250895351995;250895352486;491;9;1;1;1
250895352486;250895352943;457;9;1;1;1
250895352943;250895352969;26;9;1;1;1
250895352969;250895353140;171;9;1;1;1
250895353140;250895353803;663;9;1;1;1
250895353803;250895354084;281;9;1;1;1
250895354084;250895354175;91;9;1;1;1
250895354175;250895354410;235;9;1;1;1
250895354410;250895354643;233;9;1;1;1
250895354643;250895355352;709;9;1;1;1
250895355352;250895355706;354;9;1;1;1
250895355706;250895355923;217;9;1;1;1
250895355923;250895356249;326;9;1;1;1
250895356249;250895356301;52;9;1;1;1
250895356301;250895356600;299;9;1;1;1
250895356600;250895357856;1256;9;1;1;1
250895357856;250895358158;302;9;1;1;1
250895358158;250895358480;322;9;1;1;1
250895358480;250895358918;438;9;1;1;1
250895358918;250895359020;102;9;1;1;1
250895359020;250895359164;144;9;1;1;1
250895359164;250895359195;31;9;1;1;1
250895359195;250895359332;137;9;1;1;1
250895359332;250895359427;95;9;1;1;1
250895359427;250895359658;231;9;1;1;1
250895359658;250895360045;387;9;1;1;1
250895360045;250895361104;1059;9;1;1;1
250895361104;250895361178;74;9;1;1;1
250895361178;250895361863;685;9;1;1;1
250895361863;250895362258;395;9;1;1;1
250895362258;250895362325;67;9;1;1;1
250895362325;250895362751;426;9;1;1;1
250895362751;250895362947;196;9;1;1;1
250895362947;250895363360;413;9;1;1;1
250895363360;250895363376;16;9;1;1;1
250895363376;250895363663;287;9;1;1;1
250895363663;250895364152;489;9;1;1;1
250895364152;250895364413;261;9;1;1;1
250895364413;250895364584;171;9;1;1;1
250895364584;250895364762;178;9;1;1;1
250895364762;250895365957;1195;9;1;1;1
250895365957;250895366056;99;9;1;1;1
250895366056;250895366323;267;9;1;1;1
250895366323;250895366490;167;9;1;1;1
250895366490;250895366902;412;9;1;1;1
250895366902;250895366904;2;9;1;1;1
250895366904;250895366989;85;9;1;1;1
250895366989;250895367465;476;9;1;1;1
250895367465;250895367546;81;9;1;1;1
250895367546;250895367554;8;9;1;1;1
250895367554;250895367626;72;9;1;1;1
250895367626;250895368859;1233;9;1;1;1
250895368859;250895369283;424;9;1;1;1
250895369283;250895369311;28;9;1;1;1
250895369311;250895369993;682;9;1;1;1
250895369993;250895370216;223;9;1;1;1
250895370216;250895370558;342;9;1;1;1
250895370558;250895370747;189;9;1;1;1
250895370747;250895371164;417;9;1;1;1
250895371164;250895371210;46;9;1;1;1
250895371210;250895371242;32;9;1;1;1
250895371242;250895371461;219;9;1;1;1
250895371461;250895371540;79;9;1;1;1
250895371540;250895371786;246;9;1;1;1
250895371786;250895371787;1;9;1;1;1
250895371787;250895371930;143;9;1;1;1
250895371930;250895372063;133;9;1;1;1
250895372063;250895372220;157;9;1;1;1
250895372220;250895372768;548;9;1;1;1
250895372768;250895372906;138;9;1;1;1
250895372906;250895373261;355;9;1;1;1
250895373261;250895373829;568;9;1;1;1
250895373829;250895374053;224;9;1;1;1
250895374053;250895374177;124;9;1;1;1
250895374177;250895374318;141;9;1;1;1
250895374318;250895374759;441;9;1;1;1
250895374759;250895375244;485;9;1;1;1
250895375244;250895375517;273;9;1;1;1
250895375517;250895375562;45;9;1;1;1
250895375562;250895376848;1286;9;1;1;1
250895376848;250895376884;36;9;1;1;1
250895376884;250895377393;509;9;1;1;1
250895377393;250895378368;975;9;1;1;1
250895378368;250895378488;120;9;1;1;1
250895378488;250895378600;112;9;1;1;1
250895378600;250895379319;719;9;1;1;1
250895379319;250895379965;646;9;1;1;1
250895379965;250895379967;2;9;1;1;1
250895379967;250895379977;10;9;1;1;1
250895379977;250895380579;602;9;1;1;1
250895380579;250895381593;1014;9;1;1;1
250895381593;250895381879;286;9;1;1;1
250895381879;250895382191;312;9;1;1;1
250895382191;250895382737;546;9;1;1;1
250895382737;250895383012;275;9;1;1;1
250895383012;250895383656;644;9;1;1;1
250895383656;250895383911;255;9;1;1;1
250895383911;250895384094;183;9;1;1;1
250895384094;250895384354;260;9;1;1;1
250895384354;250895385084;730;9;1;1;1
250895385084;250895386034;950;9;1;1;1
250895386034;250895386036;2;9;1;1;1
250895386036;250895386102;66;9;1;1;1
250895386102;250895386451;349;9;1;1;1
250895386451;250895386455;4;9;1;1;1
250895386455;250895386631;176;9;1;1;1
250895386631;250895387915;1284;9;1;1;1
250895387915;250895388255;340;9;1;1;1
250895388255;250895388514;259;9;1;1;1
250895388514;250895389340;826;9;1;1;1
250895389340;250895389907;567;9;1;1;1
250895389907;250895390229;322;9;1;1;1
250895390229;250895390365;136;9;1;1;1
250895390365;250895390927;562;9;1;1;1
250895390927;250895391100;173;9;1;1;1
250895391100;250895391191;91;9;1;1;1
250895391191;250895391263;72;9;1;1;1
250895391263;250895392586;1323;9;1;1;1
250895392586;250895393326;740;9;1;1;1
250895393326;250895393469;143;9;1;1;1
250895393469;250895393732;263;9;1;1;1
250895393732;250895394120;388;9;1;1;1
250895394120;250895394535;415;9;1;1;1
250895394535;250895394613;78;9;1;1;1
250895394613;250895394693;80;9;1;1;1
250895394693;250895394889;196;9;1;1;1
250895394889;250895396049;1160;9;1;1;1
250895396049;250895396087;38;9;1;1;1
250895396087;250895397376;1289;9;1;1;1
250895397376;250895398037;661;9;1;1;1
250895398037;250895398133;96;9;1;1;1
250895398133;250895398234;101;9;1;1;1
250895398234;250895399576;1342;9;1;1;1
250895399576;250895399713;137;9;1;1;1
250895399713;250895401101;1388;9;1;1;1
250895401101;250895401206;105;9;1;1;1
250895401206;250895403069;1863;9;1;1;1
250895403069;250895403085;16;9;1;1;1
250895403085;250895403939;854;9;1;1;1
250895403939;250895407789;3850;9;1;1;1
250895407789;250895407910;121;9;1;1;1
250895407910;250895411043;3133;9;1;1;1
250895411043;250895412741;1698;9;1;1;1
250895412741;250895414106;1365;9;1;1;1
250895414106;250895416140;2034;9;1;1;1
250895416140;250895416912;772;9;1;1;1
250895416912;250895416950;38;9;1;1;1
250895416950;250895423527;6577;9;1;1;1
250895423527;250895426324;2797;9;1;1;1
250895426324;250895428911;2587;9;1;1;1
250895428911;250895436757;7846;9;1;1;1
250895436757;250895437514;757;9;1;1;1
250895437514;250895440854;3340;9;1;1;1
250895440854;250895440920;66;9;1;1;1
250895440920;250895441149;229;9;1;1;1
250895441149;250895441271;122;9;1;1;1
250895441271;250895444650;3379;9;1;1;1
250895444650;250895445065;415;9;1;1;1
250895445065;250895445286;221;9;1;1;1
250895445286;250895446035;749;9;1;1;1
250895446035;250895448598;2563;9;1;1;1
250895448598;250895448621;23;9;1;1;1
250895448621;250895449595;974;9;1;1;1
250895449595;250895449668;73;9;1;1;1
250895449668;250895451405;1737;9;1;1;1
250895451405;250895451665;260;9;1;1;1
250895451665;250895452815;1150;9;1;1;1
250895452815;250895454076;1261;9;1;1;1
250895454076;250895454567;491;9;1;1;1
250895454567;250895454700;133;9;1;1;1
250895454700;250895457507;2807;9;1;1;1
250895457507;250895458078;571;9;1;1;1
250895458078;250895458881;803;9;1;1;1
250895458881;250895459147;266;9;1;1;1
250895459147;250895459753;606;9;1;1;1
250895459753;250895461895;2142;9;1;1;1
250895461895;250895462395;500;9;1;1;1
250895462395;250895463681;1286;9;1;1;1
250895463681;250895465167;1486;9;1;1;1
250895465167;250895465787;620;9;1;1;1
250895465787;250895466778;991;9;1;1;1
250895466778;250895466960;182;9;1;1;1
250895466960;250895467555;595;9;1;1;1
250895467555;250895470156;2601;9;1;1;1
250895470156;250895471037;881;9;1;1;1
250895471240;250895471625;385;9;1;1;1
250895471625;250895475273;3648;9;1;1;1
250895475273;250895475287;14;9;1;1;1
250895483009;250895490672;7663;9;1;1;1
250895490672;250895492708;2036;9;1;1;1
252854455600;252854635545;179945;2,9;2;1;1
252854635545;252854637114;1569;2,9;2;1;1
252854637114;252854773357;136243;2,9;2;1;1
252854773357;252855648564;875207;2,9;2;1;1
252855648564;252855667473;18909;2,9;2;1;1
252855667473;252855686123;18650;2,9;2;1;1
252855686123;252855691281;5158;2,9;2;1;1
252855691281;252855891191;199910;2,9;2;1;1
252855891191;252856121574;230383;2,9;2;1;1
252856121574;252856785101;663527;2,9;2;1;1
252856785101;252856786767;1666;2,9;2;1;1
252856786767;252856832423;45656;2,9;2;1;1
252856832423;252856916559;84136;2,9;2;1;1
252856916559;252856916570;11;2,9;2;1;1
252856916570;252856916587;17;2,9;2;1;1
252856916587;252856916617;30;2,9;2;1;1
252856916617;252856916633;16;2,9;2;1;1
252856916633;252856916663;30;2,9;2;1;1
252856916663;252856916717;54;2,9;2;1;1
252856916717;252856916742;25;2,9;2;1;1
252856916742;252856916802;60;2,9;2;1;1
252856916802;252856916815;13;2,9;2;1;1
252856916815;252856916830;15;2,9;2;1;1
252856916830;252856916860;30;2,9;2;1;1
252856916860;252856916874;14;2,9;2;1;1
252856916874;252856916908;34;2,9;2;1;1
252856916908;252856916963;55;2,9;2;1;1
252856916963;252856917007;44;2,9;2;1;1
252856917007;252856917041;34;2,9;2;1;1
252856917041;252856917092;51;2,9;2;1;1
252856917092;252856917109;17;2,9;2;1;1
252856917109;252856917125;16;2,9;2;1;1
252856917125;252856917137;12;2,9;2;1;1
252856917137;252856917187;50;2,9;2;1;1
252856917187;252856917218;31;2,9;2;1;1
252856917218;252856917233;15;2,9;2;1;1
252856917233;252856917249;16;2,9;2;1;1
252856917249;252856917292;43;2,9;2;1;1
252856917292;252856917306;14;2,9;2;1;1
252856917306;252856917321;15;2,9;2;1;1
252856917321;252856917350;29;2,9;2;1;1
252856917350;252856917396;46;2,9;2;1;1
252856917396;252856917413;17;2,9;2;1;1
252856917413;252856917433;20;2,9;2;1;1
252856917433;252856917457;24;2,9;2;1;1
252856917457;252856917506;49;2,9;2;1;1
252856917506;252856917559;53;2,9;2;1;1
252856917559;252856917611;52;2,9;2;1;1
252856917611;252856917644;33;2,9;2;1;1
252856917644;252856917665;21;2,9;2;1;1
252856917665;252856917696;31;2,9;2;1;1
252856917696;252856917708;12;2,9;2;1;1
252856917708;252856917727;19;2,9;2;1;1
252856917727;252856917735;8;2,9;2;1;1
252856917735;252856917755;20;2,9;2;1;1
252856917755;252856917772;17;2,9;2;1;1
252856917772;252856917817;45;2,9;2;1;1
252856917817;252856917841;24;2,9;2;1;1
252856917841;252856917859;18;2,9;2;1;1
252856917859;252856917869;10;2,9;2;1;1
252856917869;252856917894;25;2,9;2;1;1
252856917894;252856917897;3;2,9;2;1;1
252856917897;252856917956;59;2,9;2;1;1
252856917956;252856917963;7;2,9;2;1;1
252856917963;252856917997;34;2,9;2;1;1
252856917997;252856918018;21;2,9;2;1;1
252856918018;252856918042;24;2,9;2;1;1
252856918042;252856918101;59;2,9;2;1;1
252856918101;252856918118;17;2,9;2;1;1
252856918118;252856918127;9;2,9;2;1;1
252856918127;252856918152;25;2,9;2;1;1
252856918152;252856918181;29;2,9;2;1;1
252856918181;252856918235;54;2,9;2;1;1
252856918235;252856918239;4;2,9;2;1;1
252856918239;252856918249;10;2,9;2;1;1
252856918249;252856918273;24;2,9;2;1;1
252856918273;252856918290;17;2,9;2;1;1
252856918290;252856918337;47;2,9;2;1;1
252856918337;252856918344;7;2,9;2;1;1
252856918344;252856918350;6;2,9;2;1;1
252856918350;252856918369;19;2,9;2;1;1
252856918369;252856918388;19;2,9;2;1;1
252856918388;252856918398;10;2,9;2;1;1
252856918398;252856918408;10;2,9;2;1;1
252856918408;252856918446;38;2,9;2;1;1
252856918446;252856918472;26;2,9;2;1;1
252856918472;252856918725;253;2,9;2;1;1
252856918725;252856918767;42;2,9;2;1;1
252856918767;252856918803;36;2,9;2;1;1
252856918803;252856918828;25;2,9;2;1;1
252856918828;252856918883;55;2,9;2;1;1
252856918883;252856919022;139;2,9;2;1;1
252856919022;252856919037;15;2,9;2;1;1
252856919037;252856919091;54;2,9;2;1;1
252856919091;252856919179;88;2,9;2;1;1
252856919179;252856919198;19;2,9;2;1;1
252856919198;252856919217;19;2,9;2;1;1
252856919217;252856919247;30;2,9;2;1;1
252856919247;252856919266;19;2,9;2;1;1
252856919266;252856919370;104;2,9;2;1;1
252856919370;252856919480;110;2,9;2;1;1
252856919480;252856919664;184;2,9;2;1;1
252856919664;252856919682;18;2,9;2;1;1
252856919682;252856919777;95;2,9;2;1;1
252856919777;252856919809;32;2,9;2;1;1
252856919809;252856919832;23;2,9;2;1;1
252856919832;252856919937;105;2,9;2;1;1
252856919937;252856921361;1424;2,9;2;1;1
252856921361;252856921396;35;2,9;2;1;1
252856921396;252856921478;82;2,9;2;1;1
252856921478;252856921567;89;2,9;2;1;1
252856921567;252856921585;18;2,9;2;1;1
252856921585;252856921694;109;2,9;2;1;1
252856921694;252856921717;23;2,9;2;1;1
252856921717;252856921753;36;2,9;2;1;1
252856921753;252856921829;76;2,9;2;1;1
252856921829;252856921881;52;2,9;2;1;1
252856921881;252856922006;125;2,9;2;1;1
252856922006;252856922040;34;2,9;2;1;1
252856922040;252856922117;77;2,9;2;1;1
252856922117;252856922166;49;2,9;2;1;1
252856922166;252856922325;159;2,9;2;1;1
252856922325;252856922356;31;2,9;2;1;1
252856922356;252856922458;102;2,9;2;1;1
252856922458;252856922584;126;2,9;2;1;1
252856922584;252856922700;116;2,9;2;1;1
252856922700;252856922738;38;2,9;2;1;1
252856922738;252856922773;35;2,9;2;1;1
252856922773;252856922796;23;2,9;2;1;1
252856922796;252856922824;28;2,9;2;1;1
252856922824;252856922867;43;2,9;2;1;1
252856922867;252856922990;123;2,9;2;1;1
252856922990;252856923024;34;2,9;2;1;1
252856923024;252856924064;1040;2,9;2;1;1
252856924064;252856924116;52;2,9;2;1;1
252856924116;252856924863;747;2,9;2;1;1
252856924863;252856924969;106;2,9;2;1;1
252856924969;252856958937;33968;2,9;2;1;1
252856958937;252856958946;9;2,9;2;1;1
252856958946;252856958962;16;2,9;2;1;1
252856958962;252856958989;27;2,9;2;1;1
252856958989;252856959006;17;2,9;2;1;1
252856959006;252856959053;47;2,9;2;1;1
252856959053;252856959104;51;2,9;2;1;1
252856959104;252856959117;13;2,9;2;1;1
252856959117;252856960264;1147;2,9;2;1;1
252856960264;252856960353;89;2,9;2;1;1
252856960353;252856960408;55;2,9;2;1;1
252856960408;252856960518;110;2,9;2;1;1
252856960518;252856960557;39;2,9;2;1;1
252856960557;252856960688;131;2,9;2;1;1
252856960688;252856960720;32;2,9;2;1;1
252856960720;252856960749;29;2,9;2;1;1
252856960749;252856960778;29;2,9;2;1;1
252856960778;252856960799;21;2,9;2;1;1
252856960799;252856960911;112;2,9;2;1;1
252856960911;252856960940;29;2,9;2;1;1
252856960940;252856961057;117;2,9;2;1;1
252856961057;252856961100;43;2,9;2;1;1
252856961100;252856961113;13;2,9;2;1;1
252856961113;252856961121;8;2,9;2;1;1
252856961121;252856961141;20;2,9;2;1;1
252856961141;252856961178;37;2,9;2;1;1
252856961178;252856961192;14;2,9;2;1;1
252856961192;252856961197;5;2,9;2;1;1
252856961197;252856961216;19;2,9;2;1;1
252856961216;252856961222;6;2,9;2;1;1
252856961222;252856961228;6;2,9;2;1;1
252856961228;252856961238;10;2,9;2;1;1
252856961238;252856961246;8;2,9;2;1;1
252856961246;252856961255;9;2,9;2;1;1
252856961255;252856961257;2;2,9;2;1;1
252856961257;252856961265;8;2,9;2;1;1
252856961265;252856961307;42;2,9;2;1;1
252856961307;252856961331;24;2,9;2;1;1
252856961331;252856961379;48;2,9;2;1;1
252856961379;252856961386;7;2,9;2;1;1
252856961386;252856961387;1;2,9;2;1;1
252856961387;252856961409;22;2,9;2;1;1
252856961409;252856961413;4;2,9;2;1;1
252856961413;252856961416;3;2,9;2;1;1
252856961416;252856961418;2;2,9;2;1;1
252856961418;252856961426;8;2,9;2;1;1
252856961426;252856961449;23;2,9;2;1;1
252856961449;252856961454;5;2,9;2;1;1
252856961454;252856961637;183;2,9;2;1;1
252856961637;252856961674;37;2,9;2;1;1
252856961674;252856961700;26;2,9;2;1;1
252856961700;252856961742;42;2,9;2;1;1
252856961742;252856961805;63;2,9;2;1;1
252856961805;252856961822;17;2,9;2;1;1
252856961822;252856961848;26;2,9;2;1;1
252856961848;252856961850;2;2,9;2;1;1
252856961850;252856961875;25;2,9;2;1;1
252856961875;252856961891;16;2,9;2;1;1
252856961891;252856961908;17;2,9;2;1;1
252856961908;252856961916;8;2,9;2;1;1
252856961916;252856961947;31;2,9;2;1;1
252856961947;252856961969;22;2,9;2;1;1
252856961969;252856962021;52;2,9;2;1;1
252856962021;252856962022;1;2,9;2;1;1
252856962022;252856962046;24;2,9;2;1;1
252856962046;252856962057;11;2,9;2;1;1
252856962057;252856962073;16;2,9;2;1;1
252856962073;252856962082;9;2,9;2;1;1
252856962082;252856962103;21;2,9;2;1;1
252856962103;252856962112;9;2,9;2;1;1
252856962112;252856962119;7;2,9;2;1;1
252856962119;252856962120;1;2,9;2;1;1
252856962120;252856962138;18;2,9;2;1;1
252856962138;252856962139;1;2,9;2;1;1
252856962139;252856962147;8;2,9;2;1;1
252856962147;252856962162;15;2,9;2;1;1
252856962162;252856962167;5;2,9;2;1;1
252856962167;252856962171;4;2,9;2;1;1
252856962171;252856962174;3;2,9;2;1;1
252856962174;252856962179;5;2,9;2;1;1
252856962179;252856962183;4;2,9;2;1;1
252856962183;252856962184;1;2,9;2;1;1
252856962184;252856962186;2;2,9;2;1;1
252856962186;252856962188;2;2,9;2;1;1
252856962188;252856962201;13;2,9;2;1;1
252856962201;252856962209;8;2,9;2;1;1
252856962209;252856962217;8;2,9;2;1;1
252856962217;252856962219;2;2,9;2;1;1
252856962219;252856962225;6;2,9;2;1;1
252856962225;252856962242;17;2,9;2;1;1
252856962242;252856962247;5;2,9;2;1;1
252856962247;252856962250;3;2,9;2;1;1
252856962250;252856962285;35;2,9;2;1;1
252856962285;252856962294;9;2,9;2;1;1
252856962294;252856962311;17;2,9;2;1;1
252856962311;252856962318;7;2,9;2;1;1
252856962318;252856962339;21;2,9;2;1;1
252856962339;252856962342;3;2,9;2;1;1
252856962342;252856962356;14;2,9;2;1;1
252856962356;252856962379;23;2,9;2;1;1
252856962379;252856962405;26;2,9;2;1;1
252856962405;252856962409;4;2,9;2;1;1
252856962409;252856962412;3;2,9;2;1;1
252856962412;252856962425;13;2,9;2;1;1
252856962425;252856962428;3;2,9;2;1;1
252856962428;252856962443;15;2,9;2;1;1
252856962443;252856962453;10;2,9;2;1;1
252856962453;252856962457;4;2,9;2;1;1
252856962457;252856962463;6;2,9;2;1;1
252856962463;252856962492;29;2,9;2;1;1
252856962492;252856962525;33;2,9;2;1;1
252856962525;252856962527;2;2,9;2;1;1
252856962527;252856962558;31;2,9;2;1;1
252856962558;252856962562;4;2,9;2;1;1
252856962562;252856962578;16;2,9;2;1;1
252856962578;252856962583;5;2,9;2;1;1
252856962583;252856962596;13;2,9;2;1;1
252856962596;252856962605;9;2,9;2;1;1
252856962605;252856962610;5;2,9;2;1;1
252856962610;252856962651;41;2,9;2;1;1
252856962651;252856962670;19;2,9;2;1;1
252856962670;252856962694;24;2,9;2;1;1
252856962694;252856962714;20;2,9;2;1;1
252856962714;252856962767;53;2,9;2;1;1
252856962767;252856962789;22;2,9;2;1;1
252856962789;252856962804;15;2,9;2;1;1
252856962804;252856962847;43;2,9;2;1;1
252856962847;252856962863;16;2,9;2;1;1
252856962863;252856962884;21;2,9;2;1;1
252856962884;252856962890;6;2,9;2;1;1
252856962890;252856962895;5;2,9;2;1;1
252856962895;252856962915;20;2,9;2;1;1
252856962915;252856962956;41;2,9;2;1;1
252856962956;252856963135;179;2,9;2;1;1
252856963135;252856963445;310;2,9;2;1;1
252856963445;252856963675;230;2,9;2;1;1
252856963675;252856963708;33;2,9;2;1;1
252856963708;252856963728;20;2,9;2;1;1
252856963728;252856963752;24;2,9;2;1;1
252856963752;252856963767;15;2,9;2;1;1
252856963767;252856963800;33;2,9;2;1;1
252856963800;252856963820;20;2,9;2;1;1
252856963820;252856963828;8;2,9;2;1;1
252856963828;252856964012;184;2,9;2;1;1
252856964012;252856964022;10;2,9;2;1;1
252856964022;252856964054;32;2,9;2;1;1
252856964054;252856964085;31;2,9;2;1;1
252856964085;252856964104;19;2,9;2;1;1
252856964104;252856964112;8;2,9;2;1;1
252856964112;252856964117;5;2,9;2;1;1
252856964117;252856964125;8;2,9;2;1;1
252856964125;252856964152;27;2,9;2;1;1
252856964152;252856964167;15;2,9;2;1;1
252856964167;252856964202;35;2,9;2;1;1
252856964202;252856964225;23;2,9;2;1;1
252856964225;252856964228;3;2,9;2;1;1
252856964228;252856964230;2;2,9;2;1;1
252856964230;252856964254;24;2,9;2;1;1
252856964254;252856964283;29;2,9;2;1;1
252856964283;252856964293;10;2,9;2;1;1
252856964293;252856964306;13;2,9;2;1;1
252856964306;252856964312;6;2,9;2;1;1
252856964312;252856964314;2;2,9;2;1;1
252856964314;252856964348;34;2,9;2;1;1
252856964348;252856964365;17;2,9;2;1;1
252856964365;252856964367;2;2,9;2;1;1
252856964367;252856964375;8;2,9;2;1;1
252856964375;252856964395;20;2,9;2;1;1
252856964395;252856964403;8;2,9;2;1;1
252856964403;252856964415;12;2,9;2;1;1
252856964415;252856964418;3;2,9;2;1;1
252856964418;252856964430;12;2,9;2;1;1
252856964430;252856964437;7;2,9;2;1;1
252856964437;252856964455;18;2,9;2;1;1
252856964455;252856964460;5;2,9;2;1;1
252856964460;252856964461;1;2,9;2;1;1
252856964461;252856964464;3;2,9;2;1;1
252856964464;252856964471;7;2,9;2;1;1
252856964471;252856964485;14;2,9;2;1;1
252856964485;252856964495;10;2,9;2;1;1
252856964495;252856964504;9;2,9;2;1;1
252856964504;252856964505;1;2,9;2;1;1
252856964505;252856964514;9;2,9;2;1;1
252856964514;252856964528;14;2,9;2;1;1
252856964528;252856964530;2;2,9;2;1;1
252856964530;252856964555;25;2,9;2;1;1
252856964555;252856964560;5;2,9;2;1;1
252856964560;252856964567;7;2,9;2;1;1
252856964567;252856964645;78;2,9;2;1;1
252856964645;252856964648;3;2,9;2;1;1
252856964648;252856964662;14;2,9;2;1;1
252856964662;252856964666;4;2,9;2;1;1
252856964666;252856964689;23;2,9;2;1;1
252856964689;252856964710;21;2,9;2;1;1
252856964710;252856964725;15;2,9;2;1;1
252856964725;252856964731;6;2,9;2;1;1
252856964731;252856964763;32;2,9;2;1;1
252856964763;252856964777;14;2,9;2;1;1
252856964777;252856964780;3;2,9;2;1;1
252856964780;252856964794;14;2,9;2;1;1
252856964794;252856964800;6;2,9;2;1;1
252856964800;252856964802;2;2,9;2;1;1
252856964802;252856964813;11;2,9;2;1;1
252856964813;252856964825;12;2,9;2;1;1
252856964825;252856964830;5;2,9;2;1;1
252856964830;252856964839;9;2,9;2;1;1
252856964839;252856964867;28;2,9;2;1;1
252856964867;252856964891;24;2,9;2;1;1
252856964891;252856964906;15;2,9;2;1;1
252856964906;252856964924;18;2,9;2;1;1
252856964924;252856964926;2;2,9;2;1;1
252856964926;252856964966;40;2,9;2;1;1
252856964966;252856964971;5;2,9;2;1;1
252856964971;252856964986;15;2,9;2;1;1
252856964986;252856964988;2;2,9;2;1;1
252856964988;252856964989;1;2,9;2;1;1
252856964989;252856964992;3;2,9;2;1;1
252856964992;252856965008;16;2,9;2;1;1
252856965008;252856965009;1;2,9;2;1;1
252856965009;252856965016;7;2,9;2;1;1
252856965016;252856965020;4;2,9;2;1;1
252856965020;252856965025;5;2,9;2;1;1
252856965025;252856965039;14;2,9;2;1;1
252856965039;252856965042;3;2,9;2;1;1
252856965042;252856965050;8;2,9;2;1;1
252856965050;252856965059;9;2,9;2;1;1
252856965059;252856965061;2;2,9;2;1;1
252856965061;252856965075;14;2,9;2;1;1
252856965075;252856965091;16;2,9;2;1;1
252856965091;252856965101;10;2,9;2;1;1
252856965101;252856965112;11;2,9;2;1;1
252856965112;252856965113;1;2,9;2;1;1
252856965113;252856965133;20;2,9;2;1;1
252856965133;252856965137;4;2,9;2;1;1
252856965137;252856965142;5;2,9;2;1;1
252856965142;252856965156;14;2,9;2;1;1
252856965156;252856965165;9;2,9;2;1;1
252856965165;252856965168;3;2,9;2;1;1
252856965168;252856965174;6;2,9;2;1;1
252856965174;252856965202;28;2,9;2;1;1
252856965202;252856965216;14;2,9;2;1;1
252856965216;252856965223;7;2,9;2;1;1
252856965223;252856965226;3;2,9;2;1;1
252856965226;252856965242;16;2,9;2;1;1
252856965242;252856965260;18;2,9;2;1;1
252856965260;252856965267;7;2,9;2;1;1
252856965267;252856965283;16;2,9;2;1;1
252856965283;252856965327;44;2,9;2;1;1
252856965327;252856965338;11;2,9;2;1;1
252856965338;252856965346;8;2,9;2;1;1
252856965346;252856965380;34;2,9;2;1;1
252856965380;252856965404;24;2,9;2;1;1
252856965404;252856965428;24;2,9;2;1;1
252856965428;252856965433;5;2,9;2;1;1
252856965433;252856965436;3;2,9;2;1;1
252856965436;252856965457;21;2,9;2;1;1
252856965457;252856965462;5;2,9;2;1;1
252856965462;252856965464;2;2,9;2;1;1
252856965464;252856965483;19;2,9;2;1;1
252856965483;252856965492;9;2,9;2;1;1
252856965492;252856965539;47;2,9;2;1;1
252856965539;252856965541;2;2,9;2;1;1
252856965541;252856965547;6;2,9;2;1;1
252856965547;252856965556;9;2,9;2;1;1
252856965556;252856965563;7;2,9;2;1;1
252856965563;252856965576;13;2,9;2;1;1
252856965576;252856965581;5;2,9;2;1;1
252856965581;252856965595;14;2,9;2;1;1
252856965595;252856965602;7;2,9;2;1;1
252856965602;252856965608;6;2,9;2;1;1
252856965608;252856965619;11;2,9;2;1;1
252856965619;252856965628;9;2,9;2;1;1
252856965628;252856965629;1;2,9;2;1;1
252856965629;252856965644;15;2,9;2;1;1
252856965644;252856965645;1;2,9;2;1;1
252856965645;252856965651;6;2,9;2;1;1
252856965651;252856965660;9;2,9;2;1;1
252856965660;252856965663;3;2,9;2;1;1
252856965663;252856965681;18;2,9;2;1;1
252856965681;252856965692;11;2,9;2;1;1
252856965692;252856965696;4;2,9;2;1;1
252856965696;252856965697;1;2,9;2;1;1
252856965697;252856965700;3;2,9;2;1;1
252856965700;252856965705;5;2,9;2;1;1
252856965705;252856965724;19;2,9;2;1;1
252856965724;252856965732;8;2,9;2;1;1
252856965732;252856965733;1;2,9;2;1;1
252856965733;252856965757;24;2,9;2;1;1
252856965757;252856965765;8;2,9;2;1;1
252856965765;252856965788;23;2,9;2;1;1
252856965788;252856965801;13;2,9;2;1;1
252856965801;252856965814;13;2,9;2;1;1
252856965814;252856965827;13;2,9;2;1;1
252856965827;252856965852;25;2,9;2;1;1
252856965852;252856965869;17;2,9;2;1;1
252856965869;252856965870;1;2,9;2;1;1
252856965870;252856965874;4;2,9;2;1;1
252856965874;252856965880;6;2,9;2;1;1
252856965880;252856965882;2;2,9;2;1;1
252856965882;252856965890;8;2,9;2;1;1
252856965890;252856965908;18;2,9;2;1;1
252856965908;252856965910;2;2,9;2;1;1
252856965910;252856965916;6;2,9;2;1;1
252856965916;252856965925;9;2,9;2;1;1
252856965925;252856965933;8;2,9;2;1;1
252856965933;252856965946;13;2,9;2;1;1
252856965946;252856965964;18;2,9;2;1;1
252856965964;252856965985;21;2,9;2;1;1
252856965985;252856965986;1;2,9;2;1;1
252856965986;252856965987;1;2,9;2;1;1
252856965987;252856965995;8;2,9;2;1;1
252856965995;252856965999;4;2,9;2;1;1
252856965999;252856966006;7;2,9;2;1;1
252856966006;252856966009;3;2,9;2;1;1
252856966009;252856966017;8;2,9;2;1;1
252856966017;252856966022;5;2,9;2;1;1
252856966022;252856966028;6;2,9;2;1;1
252856966028;252856966032;4;2,9;2;1;1
252856966032;252856966036;4;2,9;2;1;1
252856966036;252856966051;15;2,9;2;1;1
252856966051;252856966058;7;2,9;2;1;1
252856966058;252856966068;10;2,9;2;1;1
252856966068;252856966096;28;2,9;2;1;1
252856966096;252856966142;46;2,9;2;1;1
252856966142;252856966149;7;2,9;2;1;1
252856966149;252856966152;3;2,9;2;1;1
252856966152;252856966155;3;2,9;2;1;1
252856966155;252856966156;1;2,9;2;1;1
252856966156;252856966164;8;2,9;2;1;1
252856966164;252856966166;2;2,9;2;1;1
252856966166;252856966209;43;2,9;2;1;1
252856966209;252856966214;5;2,9;2;1;1
252856966214;252856966233;19;2,9;2;1;1
252856966233;252856966240;7;2,9;2;1;1
252856966240;252856966249;9;2,9;2;1;1
252856966249;252856966290;41;2,9;2;1;1
252856966290;252856966292;2;2,9;2;1;1
252856966292;252856966306;14;2,9;2;1;1
252856966306;252856966310;4;2,9;2;1;1
252856966310;252856966317;7;2,9;2;1;1
252856966317;252856966332;15;2,9;2;1;1
252856966332;252856966357;25;2,9;2;1;1
252856966357;252856966359;2;2,9;2;1;1
252856966359;252856966386;27;2,9;2;1;1
252856966386;252856966390;4;2,9;2;1;1
252856966390;252856966421;31;2,9;2;1;1
252856966421;252856966426;5;2,9;2;1;1
252856966426;252856966432;6;2,9;2;1;1
252856966432;252856966442;10;2,9;2;1;1
252856966442;252856966455;13;2,9;2;1;1
252856966455;252856966467;12;2,9;2;1;1
252856966467;252856966476;9;2,9;2;1;1
252856966476;252856966495;19;2,9;2;1;1
252856966495;252856966500;5;2,9;2;1;1
252856966500;252856966501;1;2,9;2;1;1
252856966501;252856966506;5;2,9;2;1;1
252856966506;252856966526;20;2,9;2;1;1
252856966526;252856966532;6;2,9;2;1;1
252856966532;252856966539;7;2,9;2;1;1
252856966539;252856966546;7;2,9;2;1;1
252856966546;252856966568;22;2,9;2;1;1
252856966568;252856966604;36;2,9;2;1;1
252856966604;252856966612;8;2,9;2;1;1
252856966612;252856966624;12;2,9;2;1;1
252856966624;252856966635;11;2,9;2;1;1
252856966635;252856966643;8;2,9;2;1;1
252856966643;252856966660;17;2,9;2;1;1
252856966660;252856966663;3;2,9;2;1;1
252856966663;252856966665;2;2,9;2;1;1
252856966665;252856966683;18;2,9;2;1;1
252856966683;252856966689;6;2,9;2;1;1
252856966689;252856966709;20;2,9;2;1;1
252856966709;252856966715;6;2,9;2;1;1
252856966715;252856966722;7;2,9;2;1;1
252856966722;252856966728;6;2,9;2;1;1
252856966728;252856966734;6;2,9;2;1;1
252856966734;252856966755;21;2,9;2;1;1
252856966755;252856966764;9;2,9;2;1;1
252856966764;252856966774;10;2,9;2;1;1
252856966774;252856966779;5;2,9;2;1;1
252856966779;252856966796;17;2,9;2;1;1
252856966796;252856966818;22;2,9;2;1;1
252856966818;252856966825;7;2,9;2;1;1
252856966825;252856966837;12;2,9;2;1;1
252856966837;252856966842;5;2,9;2;1;1
252856966842;252856966861;19;2,9;2;1;1
252856966861;252856966863;2;2,9;2;1;1
252856966863;252856966867;4;2,9;2;1;1
252856966867;252856966872;5;2,9;2;1;1
252856966872;252856966882;10;2,9;2;1;1
252856966882;252856966884;2;2,9;2;1;1
252856966884;252856966893;9;2,9;2;1;1
252856966893;252856966906;13;2,9;2;1;1
252856966906;252856966912;6;2,9;2;1;1
252856966912;252856966916;4;2,9;2;1;1
252856966916;252856966933;17;2,9;2;1;1
252856966933;252856966935;2;2,9;2;1;1
252856966935;252856966944;9;2,9;2;1;1
252856966944;252856966963;19;2,9;2;1;1
252856966963;252856966969;6;2,9;2;1;1
252856966969;252856966974;5;2,9;2;1;1
252856966974;252856967003;29;2,9;2;1;1
252856967003;252856967004;1;2,9;2;1;1
252856967004;252856967005;1;2,9;2;1;1
252856967005;252856967023;18;2,9;2;1;1
252856967023;252856967025;2;2,9;2;1;1
252856967025;252856967049;24;2,9;2;1;1
252856967049;252856967058;9;2,9;2;1;1
252856967058;252856967069;11;2,9;2;1;1
252856967069;252856967080;11;2,9;2;1;1
252856967080;252856967081;1;2,9;2;1;1
252856967081;252856967099;18;2,9;2;1;1
252856967099;252856967141;42;2,9;2;1;1
252856967141;252856967151;10;2,9;2;1;1
252856967151;252856967162;11;2,9;2;1;1
252856967162;252856967165;3;2,9;2;1;1
252856967165;252856967173;8;2,9;2;1;1
252856967173;252856967178;5;2,9;2;1;1
252856967178;252856967184;6;2,9;2;1;1
252856967184;252856967192;8;2,9;2;1;1
252856967192;252856967194;2;2,9;2;1;1
252856967194;252856967214;20;2,9;2;1;1
252856967214;252856967233;19;2,9;2;1;1
252856967233;252856967236;3;2,9;2;1;1
252856967236;252856967237;1;2,9;2;1;1
252856967237;252856967256;19;2,9;2;1;1
252856967256;252856967257;1;2,9;2;1;1
252856967257;252856967261;4;2,9;2;1;1
252856967261;252856967287;26;2,9;2;1;1
252856967287;252856967290;3;2,9;2;1;1
252856967290;252856967297;7;2,9;2;1;1
252856967297;252856967306;9;2,9;2;1;1
252856967306;252856967307;1;2,9;2;1;1
252856967307;252856967316;9;2,9;2;1;1
252856967316;252856967324;8;2,9;2;1;1
252856967324;252856967339;15;2,9;2;1;1
252856967339;252856967362;23;2,9;2;1;1
252856967362;252856967371;9;2,9;2;1;1
252856967371;252856967374;3;2,9;2;1;1
252856967374;252856967388;14;2,9;2;1;1
252856967388;252856967389;1;2,9;2;1;1
252856967389;252856967397;8;2,9;2;1;1
252856967397;252856967405;8;2,9;2;1;1
252856967405;252856967407;2;2,9;2;1;1
252856967407;252856967417;10;2,9;2;1;1
252856967417;252856967430;13;2,9;2;1;1
252856967430;252856967431;1;2,9;2;1;1
252856967431;252856967432;1;2,9;2;1;1
252856967432;252856967438;6;2,9;2;1;1
252856967438;252856967443;5;2,9;2;1;1
252856967443;252856967449;6;2,9;2;1;1
252856967449;252856967478;29;2,9;2;1;1
252856967478;252856967493;15;2,9;2;1;1
252856967493;252856967499;6;2,9;2;1;1
252856967499;252856967500;1;2,9;2;1;1
252856967500;252856967514;14;2,9;2;1;1
252856967514;252856967532;18;2,9;2;1;1
252856967532;252856967545;13;2,9;2;1;1
252856967545;252856967579;34;2,9;2;1;1
252856967579;252856967585;6;2,9;2;1;1
252856967585;252856967600;15;2,9;2;1;1
252856967600;252856967609;9;2,9;2;1;1
252856967609;252856967616;7;2,9;2;1;1
252856967616;252856967633;17;2,9;2;1;1
252856967633;252856967635;2;2,9;2;1;1
252856967635;252856967637;2;2,9;2;1;1
252856967637;252856967644;7;2,9;2;1;1
252856967644;252856967662;18;2,9;2;1;1
252856967662;252856967665;3;2,9;2;1;1
252856967665;252856967670;5;2,9;2;1;1
252856967670;252856967684;14;2,9;2;1;1
252856967684;252856967709;25;2,9;2;1;1
252856967709;252856967724;15;2,9;2;1;1
252856967724;252856967733;9;2,9;2;1;1
252856967733;252856967757;24;2,9;2;1;1
252856967757;252856967763;6;2,9;2;1;1
252856967763;252856967776;13;2,9;2;1;1
252856967776;252856967783;7;2,9;2;1;1
252856967783;252856967807;24;2,9;2;1;1
252856967807;252856967822;15;2,9;2;1;1
252856967822;252856967825;3;2,9;2;1;1
252856967825;252856967826;1;2,9;2;1;1
252856967826;252856967827;1;2,9;2;1;1
252856967827;252856967851;24;2,9;2;1;1
252856967851;252856967852;1;2,9;2;1;1
252856967852;252856967861;9;2,9;2;1;1
252856967861;252856967867;6;2,9;2;1;1
252856967867;252856967873;6;2,9;2;1;1
252856967873;252856967888;15;2,9;2;1;1
252856967888;252856967895;7;2,9;2;1;1
252856967895;252856967905;10;2,9;2;1;1
252856967905;252856967923;18;2,9;2;1;1
252856967923;252856967930;7;2,9;2;1;1
252856967930;252856967932;2;2,9;2;1;1
252856967932;252856967938;6;2,9;2;1;1
252856967938;252856967959;21;2,9;2;1;1
252856967959;252856967985;26;2,9;2;1;1
252856967985;252856967990;5;2,9;2;1;1
252856967990;252856967995;5;2,9;2;1;1
252856967995;252856968003;8;2,9;2;1;1
252856968003;252856968005;2;2,9;2;1;1
252856968005;252856968006;1;2,9;2;1;1
252856968006;252856968029;23;2,9;2;1;1
252856968029;252856968032;3;2,9;2;1;1
252856968032;252856968035;3;2,9;2;1;1
252856968035;252856968037;2;2,9;2;1;1
252856968037;252856968057;20;2,9;2;1;1
252856968057;252856968067;10;2,9;2;1;1
252856968067;252856968068;1;2,9;2;1;1
252856968068;252856968090;22;2,9;2;1;1
252856968090;252856968098;8;2,9;2;1;1
252856968098;252856968128;30;2,9;2;1;1
252856968128;252856968151;23;2,9;2;1;1
252856968151;252856968175;24;2,9;2;1;1
252856968175;252856968186;11;2,9;2;1;1
252856968186;252856968204;18;2,9;2;1;1
252856968204;252856968209;5;2,9;2;1;1
252856968209;252856968234;25;2,9;2;1;1
252856968234;252856968242;8;2,9;2;1;1
252856968242;252856968287;45;2,9;2;1;1
252856968287;252856968289;2;2,9;2;1;1
252856968289;252856968290;1;2,9;2;1;1
252856968290;252856968299;9;2,9;2;1;1
252856968299;252856968307;8;2,9;2;1;1
252856968307;252856968328;21;2,9;2;1;1
252856968328;252856968331;3;2,9;2;1;1
252856968331;252856968334;3;2,9;2;1;1
252856968334;252856968337;3;2,9;2;1;1
252856968337;252856968340;3;2,9;2;1;1
252856968340;252856968359;19;2,9;2;1;1
252856968359;252856968361;2;2,9;2;1;1
252856968361;252856968365;4;2,9;2;1;1
252856968365;252856968366;1;2,9;2;1;1
252856968366;252856968370;4;2,9;2;1;1
252856968370;252856968373;3;2,9;2;1;1
252856968373;252856968374;1;2,9;2;1;1
252856968374;252856968384;10;2,9;2;1;1
252856968384;252856968386;2;2,9;2;1;1
252856968386;252856968392;6;2,9;2;1;1
252856968392;252856968393;1;2,9;2;1;1
252856968393;252856968402;9;2,9;2;1;1
252856968402;252856968410;8;2,9;2;1;1
252856968410;252856968414;4;2,9;2;1;1
252856968414;252856968420;6;2,9;2;1;1
252856968420;252856968421;1;2,9;2;1;1
252856968421;252856968429;8;2,9;2;1;1
252856968429;252856968444;15;2,9;2;1;1
252856968444;252856968454;10;2,9;2;1;1
252856968454;252856968459;5;2,9;2;1;1
252856968459;252856968465;6;2,9;2;1;1
252856968465;252856968467;2;2,9;2;1;1
252856968467;252856968470;3;2,9;2;1;1
252856968470;252856968475;5;2,9;2;1;1
252856968475;252856968478;3;2,9;2;1;1
252856968478;252856968493;15;2,9;2;1;1
252856968493;252856968497;4;2,9;2;1;1
252856968497;252856968506;9;2,9;2;1;1
252856968506;252856968508;2;2,9;2;1;1
252856968508;252856968513;5;2,9;2;1;1
252856968513;252856968518;5;2,9;2;1;1
252856968518;252856968534;16;2,9;2;1;1
252856968534;252856968550;16;2,9;2;1;1
252856968550;252856968553;3;2,9;2;1;1
252856968553;252856968555;2;2,9;2;1;1
252856968555;252856968558;3;2,9;2;1;1
252856968558;252856968569;11;2,9;2;1;1
252856968569;252856968571;2;2,9;2;1;1
252856968571;252856968578;7;2,9;2;1;1
252856968578;252856968591;13;2,9;2;1;1
252856968591;252856968599;8;2,9;2;1;1
252856968599;252856968601;2;2,9;2;1;1
252856968601;252856968602;1;2,9;2;1;1
252856968602;252856968612;10;2,9;2;1;1
252856968612;252856968617;5;2,9;2;1;1
252856968617;252856968618;1;2,9;2;1;1
252856968618;252856968623;5;2,9;2;1;1
252856968623;252856968631;8;2,9;2;1;1
252856968631;252856968634;3;2,9;2;1;1
252856968634;252856968648;14;2,9;2;1;1
252856968648;252856968650;2;2,9;2;1;1
252856968650;252856968654;4;2,9;2;1;1
252856968654;252856968658;4;2,9;2;1;1
252856968658;252856968660;2;2,9;2;1;1
252856968660;252856968664;4;2,9;2;1;1
252856968664;252856968669;5;2,9;2;1;1
252856968669;252856968673;4;2,9;2;1;1
252856968673;252856968678;5;2,9;2;1;1
252856968678;252856968686;8;2,9;2;1;1
252856968686;252856968688;2;2,9;2;1;1
252856968688;252856968691;3;2,9;2;1;1
252856968691;252856968698;7;2,9;2;1;1
252856968698;252856968699;1;2,9;2;1;1
252856968699;252856968705;6;2,9;2;1;1
252856968705;252856968715;10;2,9;2;1;1
252856968715;252856968716;1;2,9;2;1;1
252856968716;252856968718;2;2,9;2;1;1
252856968718;252856968724;6;2,9;2;1;1
252856968724;252856968725;1;2,9;2;1;1
252856968725;252856968745;20;2,9;2;1;1
252856968745;252856968748;3;2,9;2;1;1
252856968748;252856968753;5;2,9;2;1;1
252856968753;252856968755;2;2,9;2;1;1
252856968755;252856968760;5;2,9;2;1;1
252856968760;252856968762;2;2,9;2;1;1
252856968762;252856968770;8;2,9;2;1;1
252856968770;252856968773;3;2,9;2;1;1
252856968773;252856968782;9;2,9;2;1;1
252856968782;252856968783;1;2,9;2;1;1
252856968783;252856968789;6;2,9;2;1;1
252856968789;252856968802;13;2,9;2;1;1
252856968802;252856968803;1;2,9;2;1;1
252856968803;252856968808;5;2,9;2;1;1
252856968808;252856968813;5;2,9;2;1;1
252856968813;252856968816;3;2,9;2;1;1
252856968816;252856968817;1;2,9;2;1;1
252856968817;252856968822;5;2,9;2;1;1
252856968822;252856968829;7;2,9;2;1;1
252856968829;252856968833;4;2,9;2;1;1
252856968833;252856968836;3;2,9;2;1;1
252856968836;252856968837;1;2,9;2;1;1
252856968837;252856968849;12;2,9;2;1;1
252856968849;252856968867;18;2,9;2;1;1
252856968867;252856968873;6;2,9;2;1;1
252856968873;252856968880;7;2,9;2;1;1
252856968880;252856968883;3;2,9;2;1;1
252856968883;252856968902;19;2,9;2;1;1
252856968902;252856968903;1;2,9;2;1;1
252856968903;252856968905;2;2,9;2;1;1
252856968905;252856968916;11;2,9;2;1;1
252856968916;252856968925;9;2,9;2;1;1
252856968925;252856968931;6;2,9;2;1;1
252856968931;252856968935;4;2,9;2;1;1
252856968935;252856968954;19;2,9;2;1;1
252856968954;252856968961;7;2,9;2;1;1
252856968961;252856968962;1;2,9;2;1;1
252856968962;252856968972;10;2,9;2;1;1
252856968972;252856968973;1;2,9;2;1;1
252856968973;252856969000;27;2,9;2;1;1
252856969000;252856969008;8;2,9;2;1;1
252856969008;252856969010;2;2,9;2;1;1
252856969010;252856969023;13;2,9;2;1;1
252856969023;252856969025;2;2,9;2;1;1
252856969025;252856969051;26;2,9;2;1;1
252856969051;252856969070;19;2,9;2;1;1
252856969070;252856969081;11;2,9;2;1;1
252856969081;252856969084;3;2,9;2;1;1
252856969084;252856969100;16;2,9;2;1;1
252856969100;252856969106;6;2,9;2;1;1
252856969106;252856969125;19;2,9;2;1;1
252856969125;252856969130;5;2,9;2;1;1
252856969130;252856969165;35;2,9;2;1;1
252856969165;252856969173;8;2,9;2;1;1
252856969173;252856969174;1;2,9;2;1;1
252856969174;252856969176;2;2,9;2;1;1
252856969176;252856969183;7;2,9;2;1;1
252856969183;252856969197;14;2,9;2;1;1
252856969197;252856969215;18;2,9;2;1;1
252856969215;252856969218;3;2,9;2;1;1
252856969218;252856969221;3;2,9;2;1;1
252856969221;252856969245;24;2,9;2;1;1
252856969245;252856969254;9;2,9;2;1;1
252856969254;252856969257;3;2,9;2;1;1
252856969257;252856969258;1;2,9;2;1;1
252856969258;252856969263;5;2,9;2;1;1
252856969263;252856969266;3;2,9;2;1;1
252856969266;252856969270;4;2,9;2;1;1
252856969270;252856969275;5;2,9;2;1;1
252856969275;252856969279;4;2,9;2;1;1
252856969279;252856969288;9;2,9;2;1;1
252856969288;252856969291;3;2,9;2;1;1
252856969291;252856969302;11;2,9;2;1;1
252856969302;252856969310;8;2,9;2;1;1
252856969310;252856969324;14;2,9;2;1;1
252856969324;252856969334;10;2,9;2;1;1
252856969334;252856969376;42;2,9;2;1;1
252856969376;252856969387;11;2,9;2;1;1
252856969387;252856969391;4;2,9;2;1;1
252856969391;252856969392;1;2,9;2;1;1
252856969392;252856969408;16;2,9;2;1;1
252856969408;252856969410;2;2,9;2;1;1
252856969410;252856969427;17;2,9;2;1;1
252856969427;252856969451;24;2,9;2;1;1
252856969451;252856969463;12;2,9;2;1;1
252856969463;252856969480;17;2,9;2;1;1
252856969480;252856969525;45;2,9;2;1;1
252856969525;252856969536;11;2,9;2;1;1
252856969536;252856969539;3;2,9;2;1;1
252856969539;252856969551;12;2,9;2;1;1
252856969551;252856969554;3;2,9;2;1;1
252856969554;252856969572;18;2,9;2;1;1
252856969572;252856969588;16;2,9;2;1;1
252856969588;252856969592;4;2,9;2;1;1
252856969592;252856969596;4;2,9;2;1;1
252856969596;252856969629;33;2,9;2;1;1
252856969629;252856969654;25;2,9;2;1;1
252856969654;252856969658;4;2,9;2;1;1
252856969658;252856969676;18;2,9;2;1;1
252856969676;252856969687;11;2,9;2;1;1
252856969687;252856969694;7;2,9;2;1;1
252856969694;252856969724;30;2,9;2;1;1
252856969724;252856969740;16;2,9;2;1;1
252856969740;252856969757;17;2,9;2;1;1
252856969757;252856969758;1;2,9;2;1;1
252856969758;252856969791;33;2,9;2;1;1
252856969791;252856969798;7;2,9;2;1;1
252856969798;252856969829;31;2,9;2;1;1
252856969829;252856969830;1;2,9;2;1;1
252856969830;252856969846;16;2,9;2;1;1
252856969846;252856969854;8;2,9;2;1;1
252856969854;252856969869;15;2,9;2;1;1
252856969869;252856969909;40;2,9;2;1;1
252856969909;252856969917;8;2,9;2;1;1
252856969917;252856969919;2;2,9;2;1;1
252856969919;252856969940;21;2,9;2;1;1
252856969940;252856969942;2;2,9;2;1;1
252856969942;252856969950;8;2,9;2;1;1
252856969950;252856969951;1;2,9;2;1;1
252856969951;252856969990;39;2,9;2;1;1
252856969990;252856969998;8;2,9;2;1;1
252856969998;252856970000;2;2,9;2;1;1
252856970000;252856970005;5;2,9;2;1;1
252856970005;252856970008;3;2,9;2;1;1
252856970008;252856970009;1;2,9;2;1;1
252856970009;252856970039;30;2,9;2;1;1
252856970039;252856970044;5;2,9;2;1;1
252856970044;252856970048;4;2,9;2;1;1
252856970048;252856970076;28;2,9;2;1;1
252856970076;252856970088;12;2,9;2;1;1
252856970088;252856970100;12;2,9;2;1;1
252856970100;252856970149;49;2,9;2;1;1
252856970149;252856970158;9;2,9;2;1;1
252856970158;252856970178;20;2,9;2;1;1
252856970178;252856970199;21;2,9;2;1;1
252856970199;252856970202;3;2,9;2;1;1
252856970202;252856970204;2;2,9;2;1;1
252856970204;252856970205;1;2,9;2;1;1
252856970205;252856970229;24;2,9;2;1;1
252856970229;252856970251;22;2,9;2;1;1
252856970251;252856970270;19;2,9;2;1;1
252856970270;252856970279;9;2,9;2;1;1
252856970279;252856970295;16;2,9;2;1;1
252856970295;252856970299;4;2,9;2;1;1
252856970299;252856970304;5;2,9;2;1;1
252856970304;252856970306;2;2,9;2;1;1
252856970306;252856970317;11;2,9;2;1;1
252856970317;252856970332;15;2,9;2;1;1
252856970332;252856970342;10;2,9;2;1;1
252856970342;252856970366;24;2,9;2;1;1
252856970366;252856970368;2;2,9;2;1;1
252856970368;252856970376;8;2,9;2;1;1
252856970376;252856970380;4;2,9;2;1;1
252856970380;252856970392;12;2,9;2;1;1
252856970392;252856970394;2;2,9;2;1;1
252856970394;252856970418;24;2,9;2;1;1
252856970418;252856970419;1;2,9;2;1;1
252856970419;252856970423;4;2,9;2;1;1
252856970423;252856970428;5;2,9;2;1;1
252856970428;252856970446;18;2,9;2;1;1
252856970446;252856970447;1;2,9;2;1;1
252856970447;252856970453;6;2,9;2;1;1
252856970453;252856970464;11;2,9;2;1;1
252856970464;252856970475;11;2,9;2;1;1
252856970475;252856970477;2;2,9;2;1;1
252856970477;252856970489;12;2,9;2;1;1
252856970489;252856970495;6;2,9;2;1;1
252856970495;252856970496;1;2,9;2;1;1
252856970496;252856970514;18;2,9;2;1;1
252856970514;252856970533;19;2,9;2;1;1
252856970533;252856970541;8;2,9;2;1;1
252856970541;252856970559;18;2,9;2;1;1
252856970559;252856970572;13;2,9;2;1;1
252856970572;252856970585;13;2,9;2;1;1
252856970585;252856970593;8;2,9;2;1;1
252856970593;252856970594;1;2,9;2;1;1
252856970594;252856970600;6;2,9;2;1;1
252856970600;252856970601;1;2,9;2;1;1
252856970601;252856970603;2;2,9;2;1;1
252856970603;252856970616;13;2,9;2;1;1
252856970616;252856970617;1;2,9;2;1;1
252856970617;252856970631;14;2,9;2;1;1
252856970631;252856970633;2;2,9;2;1;1
252856970633;252856970643;10;2,9;2;1;1
252856970643;252856970652;9;2,9;2;1;1
252856970652;252856970654;2;2,9;2;1;1
252856970654;252856970656;2;2,9;2;1;1
252856970656;252856970679;23;2,9;2;1;1
252856970679;252856970686;7;2,9;2;1;1
252856970686;252856970701;15;2,9;2;1;1
252856970701;252856970708;7;2,9;2;1;1
252856970708;252856970709;1;2,9;2;1;1
252856970709;252856970710;1;2,9;2;1;1
252856970710;252856970711;1;2,9;2;1;1
252856970711;252856970725;14;2,9;2;1;1
252856970725;252856970735;10;2,9;2;1;1
252856970735;252856970738;3;2,9;2;1;1
252856970738;252856970740;2;2,9;2;1;1
252856970740;252856970746;6;2,9;2;1;1
252856970746;252856970749;3;2,9;2;1;1
252856970749;252856970765;16;2,9;2;1;1
252856970765;252856970767;2;2,9;2;1;1
252856970767;252856970770;3;2,9;2;1;1
252856970770;252856970804;34;2,9;2;1;1
252856970804;252856970814;10;2,9;2;1;1
252856970814;252856970815;1;2,9;2;1;1
252856970815;252856970816;1;2,9;2;1;1
252856970816;252856970843;27;2,9;2;1;1
252856970843;252856970856;13;2,9;2;1;1
252856970856;252856970869;13;2,9;2;1;1
252856970869;252856970898;29;2,9;2;1;1
252856970898;252856970900;2;2,9;2;1;1
252856970900;252856970911;11;2,9;2;1;1
252856970911;252856970912;1;2,9;2;1;1
252856970912;252856970916;4;2,9;2;1;1
252856970916;252856970932;16;2,9;2;1;1
252856970932;252856970940;8;2,9;2;1;1
252856970940;252856970965;25;2,9;2;1;1
252856970965;252856970974;9;2,9;2;1;1
252856970974;252856970985;11;2,9;2;1;1
252856970985;252856970992;7;2,9;2;1;1
252856970992;252856970998;6;2,9;2;1;1
252856970998;252856970999;1;2,9;2;1;1
252856970999;252856971013;14;2,9;2;1;1
252856971013;252856971017;4;2,9;2;1;1
252856971017;252856971019;2;2,9;2;1;1
252856971019;252856971035;16;2,9;2;1;1
252856971035;252856971042;7;2,9;2;1;1
252856971042;252856971057;15;2,9;2;1;1
252856971057;252856971083;26;2,9;2;1;1
252856971083;252856971103;20;2,9;2;1;1
252856971103;252856971106;3;2,9;2;1;1
252856971106;252856971110;4;2,9;2;1;1
252856971110;252856971133;23;2,9;2;1;1
252856971133;252856971135;2;2,9;2;1;1
252856971135;252856971138;3;2,9;2;1;1
252856971138;252856971153;15;2,9;2;1;1
252856971153;252856971168;15;2,9;2;1;1
252856971168;252856971171;3;2,9;2;1;1
252856971171;252856971173;2;2,9;2;1;1
252856971173;252856971174;1;2,9;2;1;1
252856971174;252856971189;15;2,9;2;1;1
252856971189;252856971192;3;2,9;2;1;1
252856971192;252856971200;8;2,9;2;1;1
252856971200;252856971202;2;2,9;2;1;1
252856971202;252856971222;20;2,9;2;1;1
252856971222;252856971231;9;2,9;2;1;1
252856971231;252856971237;6;2,9;2;1;1
252856971237;252856971256;19;2,9;2;1;1
252856971256;252856971286;30;2,9;2;1;1
252856971286;252856971299;13;2,9;2;1;1
252856971299;252856971308;9;2,9;2;1;1
252856971308;252856971309;1;2,9;2;1;1
252856971309;252856971313;4;2,9;2;1;1
252856971313;252856971316;3;2,9;2;1;1
252856971316;252856971327;11;2,9;2;1;1
252856971327;252856971332;5;2,9;2;1;1
252856971332;252856971339;7;2,9;2;1;1
252856971339;252856971348;9;2,9;2;1;1
252856971348;252856971352;4;2,9;2;1;1
252856971352;252856971354;2;2,9;2;1;1
252856971354;252856971372;18;2,9;2;1;1
252856971372;252856971382;10;2,9;2;1;1
252856971382;252856971383;1;2,9;2;1;1
252856971383;252856971401;18;2,9;2;1;1
252856971401;252856971407;6;2,9;2;1;1
252856971407;252856971413;6;2,9;2;1;1
252856971413;252856971421;8;2,9;2;1;1
252856971421;252856971431;10;2,9;2;1;1
252856971431;252856971441;10;2,9;2;1;1
252856971441;252856971448;7;2,9;2;1;1
252856971448;252856971451;3;2,9;2;1;1
252856971451;252856971458;7;2,9;2;1;1
252856971458;252856971480;22;2,9;2;1;1
252856971480;252856971481;1;2,9;2;1;1
252856971481;252856971482;1;2,9;2;1;1
252856971482;252856971487;5;2,9;2;1;1
252856971487;252856971492;5;2,9;2;1;1
252856971492;252856971498;6;2,9;2;1;1
252856971498;252856971508;10;2,9;2;1;1
252856971508;252856971514;6;2,9;2;1;1
252856971514;252856971534;20;2,9;2;1;1
252856971534;252856971537;3;2,9;2;1;1
252856971537;252856971541;4;2,9;2;1;1
252856971541;252856971546;5;2,9;2;1;1
252856971546;252856971562;16;2,9;2;1;1
252856971562;252856971567;5;2,9;2;1;1
252856971567;252856971571;4;2,9;2;1;1
252856971571;252856971582;11;2,9;2;1;1
252856971582;252856971613;31;2,9;2;1;1
252856971613;252856971623;10;2,9;2;1;1
252856971623;252856971632;9;2,9;2;1;1
252856971632;252856971645;13;2,9;2;1;1
252856971645;252856971651;6;2,9;2;1;1
252856971651;252856971677;26;2,9;2;1;1
252856971677;252856971703;26;2,9;2;1;1
252856971703;252856971705;2;2,9;2;1;1
252856971705;252856971710;5;2,9;2;1;1
252856971710;252856971715;5;2,9;2;1;1
252856971715;252856971746;31;2,9;2;1;1
252856971746;252856971755;9;2,9;2;1;1
252856971755;252856971759;4;2,9;2;1;1
252856971759;252856971764;5;2,9;2;1;1
252856971764;252856971768;4;2,9;2;1;1
252856971768;252856971786;18;2,9;2;1;1
252856971786;252856971793;7;2,9;2;1;1
252856971793;252856971807;14;2,9;2;1;1
252856971807;252856971809;2;2,9;2;1;1
252856971809;252856971820;11;2,9;2;1;1
252856971820;252856971825;5;2,9;2;1;1
252856971825;252856971843;18;2,9;2;1;1
252856971843;252856971848;5;2,9;2;1;1
252856971848;252856971861;13;2,9;2;1;1
252856971861;252856971871;10;2,9;2;1;1
252856971871;252856971875;4;2,9;2;1;1
252856971875;252856971879;4;2,9;2;1;1
252856971879;252856971887;8;2,9;2;1;1
252856971887;252856971893;6;2,9;2;1;1
252856971893;252856971900;7;2,9;2;1;1
252856971900;252856971921;21;2,9;2;1;1
252856971921;252856971923;2;2,9;2;1;1
252856971923;252856971930;7;2,9;2;1;1
252856971930;252856971933;3;2,9;2;1;1
252856971933;252856971943;10;2,9;2;1;1
252856971943;252856971949;6;2,9;2;1;1
252856971949;252856971952;3;2,9;2;1;1
252856971952;252856971953;1;2,9;2;1;1
252856971953;252856971959;6;2,9;2;1;1
252856971959;252856971969;10;2,9;2;1;1
252856971969;252856971989;20;2,9;2;1;1
252856971989;252856971997;8;2,9;2;1;1
252856971997;252856972006;9;2,9;2;1;1
252856972006;252856972013;7;2,9;2;1;1
252856972013;252856972036;23;2,9;2;1;1
252856972036;252856972041;5;2,9;2;1;1
252856972041;252856972044;3;2,9;2;1;1
252856972044;252856972061;17;2,9;2;1;1
252856972061;252856972071;10;2,9;2;1;1
252856972071;252856972079;8;2,9;2;1;1
252856972079;252856972083;4;2,9;2;1;1
252856972083;252856972084;1;2,9;2;1;1
252856972084;252856972097;13;2,9;2;1;1
252856972097;252856972109;12;2,9;2;1;1
252856972109;252856972116;7;2,9;2;1;1
252856972116;252856972117;1;2,9;2;1;1
252856972117;252856972123;6;2,9;2;1;1
252856972123;252856972141;18;2,9;2;1;1
252856972141;252856972150;9;2,9;2;1;1
252856972150;252856972161;11;2,9;2;1;1
252856972161;252856972170;9;2,9;2;1;1
252856972170;252856972176;6;2,9;2;1;1
252856972176;252856972189;13;2,9;2;1;1
252856972189;252856972197;8;2,9;2;1;1
252856972197;252856972198;1;2,9;2;1;1
252856972198;252856972204;6;2,9;2;1;1
252856972204;252856972219;15;2,9;2;1;1
252856972219;252856972227;8;2,9;2;1;1
252856972227;252856972229;2;2,9;2;1;1
252856972229;252856972230;1;2,9;2;1;1
252856972230;252856972235;5;2,9;2;1;1
252856972235;252856972247;12;2,9;2;1;1
252856972247;252856972248;1;2,9;2;1;1
252856972248;252856972252;4;2,9;2;1;1
252856972252;252856972258;6;2,9;2;1;1
252856972258;252856972264;6;2,9;2;1;1
252856972264;252856972278;14;2,9;2;1;1
252856972278;252856972294;16;2,9;2;1;1
252856972294;252856972299;5;2,9;2;1;1
252856972299;252856972306;7;2,9;2;1;1
252856972306;252856972334;28;2,9;2;1;1
252856972334;252856972335;1;2,9;2;1;1
252856972335;252856972342;7;2,9;2;1;1
252856972342;252856972356;14;2,9;2;1;1
252856972356;252856972359;3;2,9;2;1;1
252856972359;252856972362;3;2,9;2;1;1
252856972362;252856972363;1;2,9;2;1;1
252856972363;252856972366;3;2,9;2;1;1
252856972366;252856972395;29;2,9;2;1;1
252856972395;252856972398;3;2,9;2;1;1
252856972398;252856972420;22;2,9;2;1;1
252856972420;252856972426;6;2,9;2;1;1
252856972426;252856972437;11;2,9;2;1;1
252856972437;252856972440;3;2,9;2;1;1
252856972440;252856972450;10;2,9;2;1;1
252856972450;252856972462;12;2,9;2;1;1
252856972462;252856972465;3;2,9;2;1;1
252856972465;252856972496;31;2,9;2;1;1
252856972496;252856972498;2;2,9;2;1;1
252856972498;252856972513;15;2,9;2;1;1
252856972513;252856972515;2;2,9;2;1;1
252856972515;252856972523;8;2,9;2;1;1
252856972523;252856972533;10;2,9;2;1;1
252856972533;252856972538;5;2,9;2;1;1
252856972538;252856972540;2;2,9;2;1;1
252856972540;252856972549;9;2,9;2;1;1
252856972549;252856972551;2;2,9;2;1;1
252856972551;252856972562;11;2,9;2;1;1
252856972562;252856972566;4;2,9;2;1;1
252856972566;252856972569;3;2,9;2;1;1
252856972569;252856972579;10;2,9;2;1;1
252856972579;252856972589;10;2,9;2;1;1
252856972589;252856972610;21;2,9;2;1;1
252856972610;252856972613;3;2,9;2;1;1
252856972613;252856972623;10;2,9;2;1;1
252856972623;252856972626;3;2,9;2;1;1
252856972626;252856972641;15;2,9;2;1;1
252856972641;252856972642;1;2,9;2;1;1
252856972642;252856972656;14;2,9;2;1;1
252856972656;252856972660;4;2,9;2;1;1
252856972660;252856972661;1;2,9;2;1;1
252856972661;252856972679;18;2,9;2;1;1
252856972679;252856972680;1;2,9;2;1;1
252856972680;252856972701;21;2,9;2;1;1
252856972701;252856972706;5;2,9;2;1;1
252856972706;252856972720;14;2,9;2;1;1
252856972720;252856972724;4;2,9;2;1;1
252856972724;252856972728;4;2,9;2;1;1
252856972728;252856972731;3;2,9;2;1;1
252856972731;252856972738;7;2,9;2;1;1
252856972738;252856972739;1;2,9;2;1;1
252856972739;252856972742;3;2,9;2;1;1
252856972742;252856972754;12;2,9;2;1;1
252856972754;252856972776;22;2,9;2;1;1
252856972776;252856972777;1;2,9;2;1;1
252856972777;252856972778;1;2,9;2;1;1
252856972778;252856972779;1;2,9;2;1;1
252856972779;252856972783;4;2,9;2;1;1
252856972783;252856972793;10;2,9;2;1;1
252856972793;252856972804;11;2,9;2;1;1
252856972804;252856972806;2;2,9;2;1;1
252856972806;252856972823;17;2,9;2;1;1
252856972823;252856972829;6;2,9;2;1;1
252856972829;252856972836;7;2,9;2;1;1
252856972836;252856972844;8;2,9;2;1;1
252856972844;252856972847;3;2,9;2;1;1
252856972847;252856972848;1;2,9;2;1;1
252856972848;252856972859;11;2,9;2;1;1
252856972859;252856972863;4;2,9;2;1;1
252856972863;252856972870;7;2,9;2;1;1
252856972870;252856972877;7;2,9;2;1;1
252856972877;252856972885;8;2,9;2;1;1
252856972885;252856972890;5;2,9;2;1;1
252856972890;252856972898;8;2,9;2;1;1
252856972898;252856972902;4;2,9;2;1;1
252856972902;252856972906;4;2,9;2;1;1
252856972906;252856972919;13;2,9;2;1;1
252856972919;252856972927;8;2,9;2;1;1
252856972927;252856972928;1;2,9;2;1;1
252856972928;252856972932;4;2,9;2;1;1
252856972932;252856972935;3;2,9;2;1;1
252856972935;252856972942;7;2,9;2;1;1
252856972942;252856972944;2;2,9;2;1;1
252856972944;252856972961;17;2,9;2;1;1
252856972961;252856972968;7;2,9;2;1;1
252856972968;252856972970;2;2,9;2;1;1
252856972970;252856972977;7;2,9;2;1;1
252856972977;252856972984;7;2,9;2;1;1
252856972984;252856972988;4;2,9;2;1;1
252856972988;252856972989;1;2,9;2;1;1
252856972989;252856972996;7;2,9;2;1;1
252856972996;252856973000;4;2,9;2;1;1
252856973000;252856973003;3;2,9;2;1;1
252856973003;252856973007;4;2,9;2;1;1
252856973007;252856973025;18;2,9;2;1;1
252856973025;252856973042;17;2,9;2;1;1
252856973042;252856973046;4;2,9;2;1;1
252856973046;252856973047;1;2,9;2;1;1
252856973047;252856973055;8;2,9;2;1;1
252856973055;252856973059;4;2,9;2;1;1
252856973059;252856973062;3;2,9;2;1;1
252856973062;252856973073;11;2,9;2;1;1
252856973073;252856973077;4;2,9;2;1;1
252856973077;252856973087;10;2,9;2;1;1
252856973087;252856973090;3;2,9;2;1;1
252856973090;252856973092;2;2,9;2;1;1
252856973092;252856973095;3;2,9;2;1;1
252856973095;252856973099;4;2,9;2;1;1
252856973099;252856973105;6;2,9;2;1;1
252856973105;252856973116;11;2,9;2;1;1
252856973116;252856973133;17;2,9;2;1;1
252856973133;252856973141;8;2,9;2;1;1
252856973141;252856973142;1;2,9;2;1;1
252856973142;252856973144;2;2,9;2;1;1
252856973144;252856973158;14;2,9;2;1;1
252856973158;252856973160;2;2,9;2;1;1
252856973160;252856973168;8;2,9;2;1;1
252856973168;252856973170;2;2,9;2;1;1
252856973170;252856973172;2;2,9;2;1;1
252856973172;252856973182;10;2,9;2;1;1
252856973182;252856973197;15;2,9;2;1;1
252856973197;252856973208;11;2,9;2;1;1
252856973208;252856973219;11;2,9;2;1;1
252856973219;252856973220;1;2,9;2;1;1
252856973220;252856973226;6;2,9;2;1;1
252856973226;252856973227;1;2,9;2;1;1
252856973227;252856973236;9;2,9;2;1;1
252856973236;252856973248;12;2,9;2;1;1
252856973248;252856973252;4;2,9;2;1;1
252856973252;252856973254;2;2,9;2;1;1
252856973254;252856973268;14;2,9;2;1;1
252856973268;252856973274;6;2,9;2;1;1
252856973274;252856973279;5;2,9;2;1;1
252856973279;252856973299;20;2,9;2;1;1
252856973299;252856973311;12;2,9;2;1;1
252856973311;252856973322;11;2,9;2;1;1
252856973322;252856973323;1;2,9;2;1;1
252856973323;252856973332;9;2,9;2;1;1
252856973332;252856973359;27;2,9;2;1;1
252856973359;252856973360;1;2,9;2;1;1
252856973360;252856973362;2;2,9;2;1;1
252856973362;252856973396;34;2,9;2;1;1
252856973396;252856973398;2;2,9;2;1;1
252856973398;252856973441;43;2,9;2;1;1
252856973441;252856973458;17;2,9;2;1;1
252856973458;252856973459;1;2,9;2;1;1
252856973459;252856973466;7;2,9;2;1;1
252856973466;252856973468;2;2,9;2;1;1
252856973468;252856973471;3;2,9;2;1;1
252856973471;252856973488;17;2,9;2;1;1
252856973488;252856973501;13;2,9;2;1;1
252856973501;252856973505;4;2,9;2;1;1
252856973505;252856973516;11;2,9;2;1;1
252856973516;252856973537;21;2,9;2;1;1
252856973537;252856973544;7;2,9;2;1;1
252856973544;252856973551;7;2,9;2;1;1
252856973551;252856973572;21;2,9;2;1;1
252856973572;252856973591;19;2,9;2;1;1
252856973591;252856973596;5;2,9;2;1;1
252856973596;252856973599;3;2,9;2;1;1
252856973599;252856973606;7;2,9;2;1;1
252856973606;252856973616;10;2,9;2;1;1
252856973616;252856973625;9;2,9;2;1;1
252856973625;252856973629;4;2,9;2;1;1
252856973629;252856973639;10;2,9;2;1;1
252856973639;252856973647;8;2,9;2;1;1
252856973647;252856973655;8;2,9;2;1;1
252856973655;252856973664;9;2,9;2;1;1
252856973664;252856973683;19;2,9;2;1;1
252856973683;252856973705;22;2,9;2;1;1
252856973705;252856973714;9;2,9;2;1;1
252856973714;252856973718;4;2,9;2;1;1
252856973718;252856973729;11;2,9;2;1;1
252856973729;252856973732;3;2,9;2;1;1
252856973732;252856973738;6;2,9;2;1;1
252856973738;252856973741;3;2,9;2;1;1
252856973741;252856973755;14;2,9;2;1;1
252856973755;252856973761;6;2,9;2;1;1
252856973761;252856973764;3;2,9;2;1;1
252856973764;252856973792;28;2,9;2;1;1
252856973792;252856973818;26;2,9;2;1;1
252856973818;252856973823;5;2,9;2;1;1
252856973823;252856973830;7;2,9;2;1;1
252856973830;252856973840;10;2,9;2;1;1
252856973840;252856973851;11;2,9;2;1;1
252856973851;252856973855;4;2,9;2;1;1
252856973855;252856973878;23;2,9;2;1;1
252856973878;252856973889;11;2,9;2;1;1
252856973889;252856973922;33;2,9;2;1;1
252856973922;252856973932;10;2,9;2;1;1
252856973932;252856973951;19;2,9;2;1;1
252856973951;252856973962;11;2,9;2;1;1
252856973962;252856973966;4;2,9;2;1;1
252856973966;252856973979;13;2,9;2;1;1
252856973979;252856974026;47;2,9;2;1;1
252856974026;252856974041;15;2,9;2;1;1
252856974041;252856974054;13;2,9;2;1;1
252856974054;252856974080;26;2,9;2;1;1
252856974080;252856974083;3;2,9;2;1;1
252856974083;252856974084;1;2,9;2;1;1
252856974084;252856974116;32;2,9;2;1;1
252856974116;252856974132;16;2,9;2;1;1
252856974132;252856974186;54;2,9;2;1;1
252856974186;252856974216;30;2,9;2;1;1
252856974216;252856974230;14;2,9;2;1;1
252856974230;252856974276;46;2,9;2;1;1
252856974276;252856974287;11;2,9;2;1;1
252856974287;252856974298;11;2,9;2;1;1
252856974298;252856974303;5;2,9;2;1;1
252856974303;252856974311;8;2,9;2;1;1
252856974311;252856974331;20;2,9;2;1;1
252856974331;252856974343;12;2,9;2;1;1
252856974343;252856974348;5;2,9;2;1;1
252856974348;252856974365;17;2,9;2;1;1
252856974365;252856974366;1;2,9;2;1;1
252856974366;252856974371;5;2,9;2;1;1
252856974371;252856974400;29;2,9;2;1;1
252856974400;252856974407;7;2,9;2;1;1
252856974407;252856974410;3;2,9;2;1;1
252856974410;252856974432;22;2,9;2;1;1
252856974432;252856974433;1;2,9;2;1;1
252856974433;252856974435;2;2,9;2;1;1
252856974435;252856974441;6;2,9;2;1;1
252856974441;252856974455;14;2,9;2;1;1
252856974455;252856974458;3;2,9;2;1;1
252856974458;252856974470;12;2,9;2;1;1
252856974470;252856974474;4;2,9;2;1;1
252856974474;252856974480;6;2,9;2;1;1
252856974480;252856974497;17;2,9;2;1;1
252856974497;252856974523;26;2,9;2;1;1
252856974523;252856974527;4;2,9;2;1;1
252856974527;252856974544;17;2,9;2;1;1
252856974544;252856974564;20;2,9;2;1;1
252856974564;252856974566;2;2,9;2;1;1
252856974566;252856974570;4;2,9;2;1;1
252856974570;252856974591;21;2,9;2;1;1
252856974591;252856974594;3;2,9;2;1;1
252856974594;252856974603;9;2,9;2;1;1
252856974603;252856974614;11;2,9;2;1;1
252856974614;252856974625;11;2,9;2;1;1
252856974625;252856974641;16;2,9;2;1;1
252856974641;252856974664;23;2,9;2;1;1
252856974664;252856974674;10;2,9;2;1;1
252856974674;252856974686;12;2,9;2;1;1
252856974686;252856974688;2;2,9;2;1;1
252856974688;252856974690;2;2,9;2;1;1
252856974690;252856974708;18;2,9;2;1;1
252856974708;252856974710;2;2,9;2;1;1
252856974710;252856974712;2;2,9;2;1;1
252856974712;252856974723;11;2,9;2;1;1
252856974723;252856974754;31;2,9;2;1;1
252856974754;252856974757;3;2,9;2;1;1
252856974757;252856974791;34;2,9;2;1;1
252856974791;252856974793;2;2,9;2;1;1
252856974793;252856974801;8;2,9;2;1;1
252856974801;252856974811;10;2,9;2;1;1
252856974811;252856974817;6;2,9;2;1;1
252856974817;252856974820;3;2,9;2;1;1
252856974820;252856974854;34;2,9;2;1;1
252856974854;252856974856;2;2,9;2;1;1
252856974856;252856974866;10;2,9;2;1;1
252856974866;252856974889;23;2,9;2;1;1
252856974889;252856974899;10;2,9;2;1;1
252856974899;252856974916;17;2,9;2;1;1
252856974916;252856974919;3;2,9;2;1;1
252856974919;252856974927;8;2,9;2;1;1
252856974927;252856974933;6;2,9;2;1;1
252856974933;252856974944;11;2,9;2;1;1
252856974944;252856974948;4;2,9;2;1;1
252856974948;252856974951;3;2,9;2;1;1
252856974951;252856974952;1;2,9;2;1;1
252856974952;252856974958;6;2,9;2;1;1
252856974958;252856974968;10;2,9;2;1;1
252856974968;252856974970;2;2,9;2;1;1
252856974970;252856974990;20;2,9;2;1;1
252856974990;252856974991;1;2,9;2;1;1
252856974991;252856974992;1;2,9;2;1;1
252856974992;252856974994;2;2,9;2;1;1
252856974994;252856974996;2;2,9;2;1;1
252856974996;252856975000;4;2,9;2;1;1
252856975000;252856975018;18;2,9;2;1;1
252856975018;252856975024;6;2,9;2;1;1
252856975024;252856975029;5;2,9;2;1;1
252856975029;252856975034;5;2,9;2;1;1
252856975034;252856975035;1;2,9;2;1;1
252856975035;252856975038;3;2,9;2;1;1
252856975038;252856975053;15;2,9;2;1;1
252856975053;252856975070;17;2,9;2;1;1
252856975070;252856975073;3;2,9;2;1;1
252856975073;252856975078;5;2,9;2;1;1
252856975078;252856975112;34;2,9;2;1;1
252856975112;252856975127;15;2,9;2;1;1
252856975127;252856975130;3;2,9;2;1;1
252856975130;252856975136;6;2,9;2;1;1
252856975136;252856975142;6;2,9;2;1;1
252856975142;252856975157;15;2,9;2;1;1
252856975157;252856975176;19;2,9;2;1;1
252856975176;252856975183;7;2,9;2;1;1
252856975183;252856975196;13;2,9;2;1;1
252856975196;252856975209;13;2,9;2;1;1
252856975209;252856975221;12;2,9;2;1;1
252856975221;252856975233;12;2,9;2;1;1
252856975233;252856975251;18;2,9;2;1;1
252856975251;252856975253;2;2,9;2;1;1
252856975253;252856975255;2;2,9;2;1;1
252856975255;252856975260;5;2,9;2;1;1
252856975260;252856975289;29;2,9;2;1;1
252856975289;252856975293;4;2,9;2;1;1
252856975293;252856975309;16;2,9;2;1;1
252856975309;252856975312;3;2,9;2;1;1
252856975312;252856975317;5;2,9;2;1;1
252856975317;252856975329;12;2,9;2;1;1
252856975329;252856975331;2;2,9;2;1;1
252856975331;252856975332;1;2,9;2;1;1
252856975332;252856975336;4;2,9;2;1;1
252856975336;252856975343;7;2,9;2;1;1
252856975343;252856975348;5;2,9;2;1;1
252856975348;252856975366;18;2,9;2;1;1
252856975366;252856975367;1;2,9;2;1;1
252856975367;252856975370;3;2,9;2;1;1
252856975370;252856975373;3;2,9;2;1;1
252856975373;252856975378;5;2,9;2;1;1
252856975378;252856975386;8;2,9;2;1;1
252856975386;252856975387;1;2,9;2;1;1
252856975387;252856975389;2;2,9;2;1;1
252856975389;252856975404;15;2,9;2;1;1
252856975404;252856975411;7;2,9;2;1;1
252856975411;252856975412;1;2,9;2;1;1
252856975412;252856975415;3;2,9;2;1;1
252856975415;252856975423;8;2,9;2;1;1
252856975423;252856975426;3;2,9;2;1;1
252856975426;252856975427;1;2,9;2;1;1
252856975427;252856975429;2;2,9;2;1;1
252856975429;252856975437;8;2,9;2;1;1
252856975437;252856975438;1;2,9;2;1;1
252856975438;252856975444;6;2,9;2;1;1
252856975444;252856975450;6;2,9;2;1;1
252856975450;252856975453;3;2,9;2;1;1
252856975453;252856975455;2;2,9;2;1;1
252856975455;252856975456;1;2,9;2;1;1
252856975456;252856975467;11;2,9;2;1;1
252856975467;252856975469;2;2,9;2;1;1
252856975469;252856975479;10;2,9;2;1;1
252856975479;252856975484;5;2,9;2;1;1
252856975484;252856975490;6;2,9;2;1;1
252856975490;252856975497;7;2,9;2;1;1
252856975497;252856975512;15;2,9;2;1;1
252856975512;252856975513;1;2,9;2;1;1
252856975513;252856975536;23;2,9;2;1;1
252856975536;252856975559;23;2,9;2;1;1
252856975559;252856975575;16;2,9;2;1;1
252856975575;252856975586;11;2,9;2;1;1
252856975586;252856975597;11;2,9;2;1;1
252856975597;252856975601;4;2,9;2;1;1
252856975601;252856975622;21;2,9;2;1;1
252856975622;252856975630;8;2,9;2;1;1
252856975630;252856975642;12;2,9;2;1;1
252856975642;252856975647;5;2,9;2;1;1
252856975647;252856975650;3;2,9;2;1;1
252856975650;252856975657;7;2,9;2;1;1
252856975657;252856975661;4;2,9;2;1;1
252856975661;252856975669;8;2,9;2;1;1
252856975669;252856975672;3;2,9;2;1;1
252856975672;252856975682;10;2,9;2;1;1
252856975682;252856975689;7;2,9;2;1;1
252856975689;252856975696;7;2,9;2;1;1
252856975696;252856975698;2;2,9;2;1;1
252856975698;252856975702;4;2,9;2;1;1
252856975702;252856975713;11;2,9;2;1;1
252856975713;252856975718;5;2,9;2;1;1
252856975718;252856975729;11;2,9;2;1;1
252856975729;252856975734;5;2,9;2;1;1
252856975734;252856975743;9;2,9;2;1;1
252856975743;252856975744;1;2,9;2;1;1
252856975744;252856975751;7;2,9;2;1;1
252856975751;252856975764;13;2,9;2;1;1
252856975764;252856975766;2;2,9;2;1;1
252856975766;252856975770;4;2,9;2;1;1
252856975770;252856975778;8;2,9;2;1;1
252856975778;252856975786;8;2,9;2;1;1
252856975786;252856975788;2;2,9;2;1;1
252856975788;252856975797;9;2,9;2;1;1
252856975797;252856975809;12;2,9;2;1;1
252856975809;252856975813;4;2,9;2;1;1
252856975813;252856975824;11;2,9;2;1;1
252856975824;252856975829;5;2,9;2;1;1
252856975829;252856975849;20;2,9;2;1;1
252856975849;252856975850;1;2,9;2;1;1
252856975850;252856975853;3;2,9;2;1;1
252856975853;252856975870;17;2,9;2;1;1
252856975870;252856975872;2;2,9;2;1;1
252856975872;252856975876;4;2,9;2;1;1
252856975876;252856975879;3;2,9;2;1;1
252856975879;252856975883;4;2,9;2;1;1
252856975883;252856975890;7;2,9;2;1;1
252856975890;252856975894;4;2,9;2;1;1
252856975894;252856975901;7;2,9;2;1;1
252856975901;252856975902;1;2,9;2;1;1
252856975902;252856975904;2;2,9;2;1;1
252856975904;252856975913;9;2,9;2;1;1
252856975913;252856975919;6;2,9;2;1;1
252856975919;252856975928;9;2,9;2;1;1
252856975928;252856975929;1;2,9;2;1;1
252856975929;252856975939;10;2,9;2;1;1
252856975939;252856975944;5;2,9;2;1;1
252856975944;252856975952;8;2,9;2;1;1
252856975952;252856975955;3;2,9;2;1;1
252856975955;252856975959;4;2,9;2;1;1
252856975959;252856975965;6;2,9;2;1;1
252856975965;252856975970;5;2,9;2;1;1
252856975970;252856975973;3;2,9;2;1;1
252856975973;252856975974;1;2,9;2;1;1
252856975974;252856975988;14;2,9;2;1;1
252856975988;252856975994;6;2,9;2;1;1
252856975994;252856976004;10;2,9;2;1;1
252856976004;252856976019;15;2,9;2;1;1
252856976019;252856976020;1;2,9;2;1;1
252856976020;252856976021;1;2,9;2;1;1
252856976021;252856976027;6;2,9;2;1;1
252856976027;252856976030;3;2,9;2;1;1
252856976030;252856976031;1;2,9;2;1;1
252856976031;252856976037;6;2,9;2;1;1
252856976037;252856976044;7;2,9;2;1;1
252856976044;252856976050;6;2,9;2;1;1
252856976050;252856976055;5;2,9;2;1;1
252856976055;252856976056;1;2,9;2;1;1
252856976056;252856976062;6;2,9;2;1;1
252856976062;252856976064;2;2,9;2;1;1
252856976064;252856976065;1;2,9;2;1;1
252856976065;252856976082;17;2,9;2;1;1
252856976082;252856976091;9;2,9;2;1;1
252856976091;252856976093;2;2,9;2;1;1
252856976093;252856976103;10;2,9;2;1;1
252856976103;252856976107;4;2,9;2;1;1
252856976107;252856976110;3;2,9;2;1;1
252856976110;252856976113;3;2,9;2;1;1
252856976113;252856976124;11;2,9;2;1;1
252856976124;252856976127;3;2,9;2;1;1
252856976127;252856976130;3;2,9;2;1;1
252856976130;252856976145;15;2,9;2;1;1
252856976145;252856976150;5;2,9;2;1;1
252856976150;252856976159;9;2,9;2;1;1
252856976159;252856976164;5;2,9;2;1;1
252856976164;252856976166;2;2,9;2;1;1
252856976166;252856976167;1;2,9;2;1;1
252856976167;252856976168;1;2,9;2;1;1
252856976168;252856976180;12;2,9;2;1;1
252856976180;252856976184;4;2,9;2;1;1
252856976184;252856976193;9;2,9;2;1;1
252856976193;252856976197;4;2,9;2;1;1
252856976197;252856976198;1;2,9;2;1;1
252856976198;252856976203;5;2,9;2;1;1
252856976203;252856976204;1;2,9;2;1;1
252856976204;252856976210;6;2,9;2;1;1
252856976210;252856976214;4;2,9;2;1;1
252856976214;252856976219;5;2,9;2;1;1
252856976219;252856976220;1;2,9;2;1;1
252856976220;252856976232;12;2,9;2;1;1
252856976232;252856976242;10;2,9;2;1;1
252856976242;252856976245;3;2,9;2;1;1
252856976245;252856976246;1;2,9;2;1;1
252856976246;252856976259;13;2,9;2;1;1
252856976259;252856976260;1;2,9;2;1;1
252856976260;252856976261;1;2,9;2;1;1
252856976261;252856976269;8;2,9;2;1;1
252856976269;252856976275;6;2,9;2;1;1
252856976275;252856976282;7;2,9;2;1;1
252856976282;252856976287;5;2,9;2;1;1
252856976287;252856976291;4;2,9;2;1;1
252856976291;252856976300;9;2,9;2;1;1
252856976300;252856976302;2;2,9;2;1;1
252856976302;252856976303;1;2,9;2;1;1
252856976303;252856976311;8;2,9;2;1;1
252856976311;252856976315;4;2,9;2;1;1
252856976315;252856976326;11;2,9;2;1;1
252856976326;252856976329;3;2,9;2;1;1
252856976329;252856976346;17;2,9;2;1;1
252856976346;252856976347;1;2,9;2;1;1
252856976347;252856976349;2;2,9;2;1;1
252856976349;252856976353;4;2,9;2;1;1
252856976353;252856976355;2;2,9;2;1;1
252856976355;252856976367;12;2,9;2;1;1
252856976367;252856976371;4;2,9;2;1;1
252856976371;252856976375;4;2,9;2;1;1
252856976375;252856976377;2;2,9;2;1;1
252856976377;252856976378;1;2,9;2;1;1
252856976378;252856976383;5;2,9;2;1;1
252856976383;252856976387;4;2,9;2;1;1
252856976387;252856976389;2;2,9;2;1;1
252856976389;252856976396;7;2,9;2;1;1
252856976396;252856976402;6;2,9;2;1;1
252856976402;252856976405;3;2,9;2;1;1
252856976405;252856976408;3;2,9;2;1;1
252856976408;252856976426;18;2,9;2;1;1
252856976426;252856976429;3;2,9;2;1;1
252856976429;252856976431;2;2,9;2;1;1
252856976431;252856976439;8;2,9;2;1;1
252856976439;252856976440;1;2,9;2;1;1
252856976440;252856976443;3;2,9;2;1;1
252856976443;252856976450;7;2,9;2;1;1
252856976450;252856976455;5;2,9;2;1;1
252856976455;252856976470;15;2,9;2;1;1
252856976470;252856976473;3;2,9;2;1;1
252856976473;252856976479;6;2,9;2;1;1
252856976479;252856976487;8;2,9;2;1;1
252856976487;252856976489;2;2,9;2;1;1
252856976489;252856976495;6;2,9;2;1;1
252856976495;252856976499;4;2,9;2;1;1
252856976499;252856976501;2;2,9;2;1;1
252856976501;252856976509;8;2,9;2;1;1
252856976509;252856976511;2;2,9;2;1;1
252856976511;252856976519;8;2,9;2;1;1
252856976519;252856976521;2;2,9;2;1;1
252856976521;252856976524;3;2,9;2;1;1
252856976524;252856976529;5;2,9;2;1;1
252856976529;252856976545;16;2,9;2;1;1
252856976545;252856976551;6;2,9;2;1;1
252856976551;252856976552;1;2,9;2;1;1
252856976552;252856976556;4;2,9;2;1;1
252856976556;252856976558;2;2,9;2;1;1
252856976558;252856976561;3;2,9;2;1;1
252856976561;252856976563;2;2,9;2;1;1
252856976563;252856976573;10;2,9;2;1;1
252856976573;252856976578;5;2,9;2;1;1
252856976578;252856976581;3;2,9;2;1;1
252856976581;252856976582;1;2,9;2;1;1
252856976582;252856976586;4;2,9;2;1;1
252856976586;252856976602;16;2,9;2;1;1
252856976602;252856976603;1;2,9;2;1;1
252856976603;252856976605;2;2,9;2;1;1
252856976605;252856976608;3;2,9;2;1;1
252856976608;252856976615;7;2,9;2;1;1
252856976615;252856976616;1;2,9;2;1;1
252856976616;252856976619;3;2,9;2;1;1
252856976619;252856976626;7;2,9;2;1;1
252856976626;252856976633;7;2,9;2;1;1
252856976633;252856976648;15;2,9;2;1;1
252856976648;252856976661;13;2,9;2;1;1
252856976661;252856976662;1;2,9;2;1;1
252856976662;252856976666;4;2,9;2;1;1
252856976666;252856976667;1;2,9;2;1;1
252856976667;252856976670;3;2,9;2;1;1
252856976670;252856976677;7;2,9;2;1;1
252856976677;252856976693;16;2,9;2;1;1
252856976693;252856976698;5;2,9;2;1;1
252856976698;252856976705;7;2,9;2;1;1
252856976705;252856976721;16;2,9;2;1;1
252856976721;252856976726;5;2,9;2;1;1
252856976726;252856976728;2;2,9;2;1;1
252856976728;252856976735;7;2,9;2;1;1
252856976735;252856976736;1;2,9;2;1;1
252856976736;252856976762;26;2,9;2;1;1
252856976762;252856976776;14;2,9;2;1;1
252856976776;252856976777;1;2,9;2;1;1
252856976777;252856976793;16;2,9;2;1;1
252856976793;252856976795;2;2,9;2;1;1
252856976795;252856976797;2;2,9;2;1;1
252856976797;252856976801;4;2,9;2;1;1
252856976801;252856976812;11;2,9;2;1;1
252856976812;252856976825;13;2,9;2;1;1
252856976825;252856976833;8;2,9;2;1;1
252856976833;252856976843;10;2,9;2;1;1
252856976843;252856976855;12;2,9;2;1;1
252856976855;252856976857;2;2,9;2;1;1
252856976857;252856976860;3;2,9;2;1;1
252856976860;252856976868;8;2,9;2;1;1
252856976868;252856976873;5;2,9;2;1;1
252856976873;252856976879;6;2,9;2;1;1
252856976879;252856976884;5;2,9;2;1;1
252856976884;252856976893;9;2,9;2;1;1
252856976893;252856976895;2;2,9;2;1;1
252856976895;252856976899;4;2,9;2;1;1
252856976899;252856976906;7;2,9;2;1;1
252856976906;252856976914;8;2,9;2;1;1
252856976914;252856976916;2;2,9;2;1;1
252856976916;252856976919;3;2,9;2;1;1
252856976919;252856976921;2;2,9;2;1;1
252856976921;252856976925;4;2,9;2;1;1
252856976925;252856976929;4;2,9;2;1;1
252856976929;252856976943;14;2,9;2;1;1
252856976943;252856976950;7;2,9;2;1;1
252856976950;252856976958;8;2,9;2;1;1
252856976958;252856976970;12;2,9;2;1;1
252856976970;252856976972;2;2,9;2;1;1
252856976972;252856976980;8;2,9;2;1;1
252856976980;252856976983;3;2,9;2;1;1
252856976983;252856976984;1;2,9;2;1;1
252856976984;252856977011;27;2,9;2;1;1
252856977011;252856977018;7;2,9;2;1;1
252856977018;252856977036;18;2,9;2;1;1
252856977036;252856977041;5;2,9;2;1;1
252856977041;252856977082;41;2,9;2;1;1
252856977082;252856977086;4;2,9;2;1;1
252856977086;252856977096;10;2,9;2;1;1
252856977096;252856977122;26;2,9;2;1;1
252856977122;252856977125;3;2,9;2;1;1
252856977125;252856977131;6;2,9;2;1;1
252856977131;252856977141;10;2,9;2;1;1
252856977141;252856977163;22;2,9;2;1;1
252856977163;252856977183;20;2,9;2;1;1
252856977183;252856977186;3;2,9;2;1;1
252856977186;252856977190;4;2,9;2;1;1
252856977190;252856977196;6;2,9;2;1;1
252856977196;252856977201;5;2,9;2;1;1
252856977201;252856977202;1;2,9;2;1;1
252856977202;252856977204;2;2,9;2;1;1
252856977204;252856977207;3;2,9;2;1;1
252856977207;252856977214;7;2,9;2;1;1
252856977214;252856977220;6;2,9;2;1;1
252856977220;252856977235;15;2,9;2;1;1
252856977235;252856977252;17;2,9;2;1;1
252856977252;252856977278;26;2,9;2;1;1
252856977278;252856977280;2;2,9;2;1;1
252856977280;252856977287;7;2,9;2;1;1
252856977287;252856977297;10;2,9;2;1;1
252856977297;252856977304;7;2,9;2;1;1
252856977304;252856977311;7;2,9;2;1;1
252856977311;252856977331;20;2,9;2;1;1
252856977331;252856977333;2;2,9;2;1;1
252856977333;252856977340;7;2,9;2;1;1
252856977340;252856977349;9;2,9;2;1;1
252856977349;252856977352;3;2,9;2;1;1
252856977352;252856977353;1;2,9;2;1;1
252856977353;252856977366;13;2,9;2;1;1
252856977366;252856977368;2;2,9;2;1;1
252856977368;252856977369;1;2,9;2;1;1
252856977369;252856977379;10;2,9;2;1;1
252856977379;252856977386;7;2,9;2;1;1
252856977386;252856977403;17;2,9;2;1;1
252856977403;252856977405;2;2,9;2;1;1
252856977405;252856977417;12;2,9;2;1;1
252856977417;252856977422;5;2,9;2;1;1
252856977422;252856977426;4;2,9;2;1;1
252856977426;252856977433;7;2,9;2;1;1
252856977433;252856977435;2;2,9;2;1;1
252856977435;252856977439;4;2,9;2;1;1
252856977439;252856977444;5;2,9;2;1;1
252856977444;252856977456;12;2,9;2;1;1
252856977456;252856977458;2;2,9;2;1;1
252856977458;252856977461;3;2,9;2;1;1
252856977461;252856977480;19;2,9;2;1;1
252856977480;252856977483;3;2,9;2;1;1
252856977483;252856977488;5;2,9;2;1;1
252856977488;252856977507;19;2,9;2;1;1
252856977507;252856977521;14;2,9;2;1;1
252856977521;252856977522;1;2,9;2;1;1
252856977522;252856977523;1;2,9;2;1;1
252856977523;252856977530;7;2,9;2;1;1
252856977530;252856977532;2;2,9;2;1;1
252856977532;252856977538;6;2,9;2;1;1
252856977538;252856977551;13;2,9;2;1;1
252856977551;252856977560;9;2,9;2;1;1
252856977560;252856977565;5;2,9;2;1;1
252856977565;252856977568;3;2,9;2;1;1
252856977568;252856977571;3;2,9;2;1;1
252856977571;252856977585;14;2,9;2;1;1
252856977585;252856977587;2;2,9;2;1;1
252856977587;252856977588;1;2,9;2;1;1
252856977588;252856977592;4;2,9;2;1;1
252856977592;252856977623;31;2,9;2;1;1
252856977623;252856977625;2;2,9;2;1;1
252856977625;252856977649;24;2,9;2;1;1
252856977649;252856977655;6;2,9;2;1;1
252856977655;252856977656;1;2,9;2;1;1
252856977656;252856977661;5;2,9;2;1;1
252856977661;252856977662;1;2,9;2;1;1
252856977662;252856977664;2;2,9;2;1;1
252856977664;252856977665;1;2,9;2;1;1
252856977665;252856977679;14;2,9;2;1;1
252856977679;252856977706;27;2,9;2;1;1
252856977706;252856977721;15;2,9;2;1;1
252856977721;252856977725;4;2,9;2;1;1
252856977725;252856977736;11;2,9;2;1;1
252856977736;252856977743;7;2,9;2;1;1
252856977743;252856977746;3;2,9;2;1;1
252856977746;252856977761;15;2,9;2;1;1
252856977761;252856977767;6;2,9;2;1;1
252856977767;252856977787;20;2,9;2;1;1
252856977787;252856977803;16;2,9;2;1;1
252856977803;252856977808;5;2,9;2;1;1
252856977808;252856977812;4;2,9;2;1;1
252856977812;252856977825;13;2,9;2;1;1
252856977825;252856977826;1;2,9;2;1;1
252856977826;252856977828;2;2,9;2;1;1
252856977828;252856977830;2;2,9;2;1;1
252856977830;252856977835;5;2,9;2;1;1
252856977835;252856977839;4;2,9;2;1;1
252856977839;252856977854;15;2,9;2;1;1
252856977854;252856977856;2;2,9;2;1;1
252856977856;252856977862;6;2,9;2;1;1
252856977862;252856977883;21;2,9;2;1;1
252856977883;252856977887;4;2,9;2;1;1
252856977887;252856977897;10;2,9;2;1;1
252856977897;252856977904;7;2,9;2;1;1
252856977904;252856977927;23;2,9;2;1;1
252856977927;252856977928;1;2,9;2;1;1
252856977928;252856977937;9;2,9;2;1;1
252856977937;252856977944;7;2,9;2;1;1
252856977944;252856977952;8;2,9;2;1;1
252856977952;252856977971;19;2,9;2;1;1
252856977971;252856977972;1;2,9;2;1;1
252856977972;252856977979;7;2,9;2;1;1
252856977979;252856977983;4;2,9;2;1;1
252856977983;252856977986;3;2,9;2;1;1
252856977986;252856977993;7;2,9;2;1;1
252856977993;252856978005;12;2,9;2;1;1
252856978005;252856978009;4;2,9;2;1;1
252856978009;252856978014;5;2,9;2;1;1
252856978014;252856978015;1;2,9;2;1;1
252856978015;252856978023;8;2,9;2;1;1
252856978023;252856978032;9;2,9;2;1;1
252856978032;252856978042;10;2,9;2;1;1
252856978042;252856978052;10;2,9;2;1;1
252856978052;252856978053;1;2,9;2;1;1
252856978053;252856978058;5;2,9;2;1;1
252856978058;252856978064;6;2,9;2;1;1
252856978064;252856978068;4;2,9;2;1;1
252856978068;252856978070;2;2,9;2;1;1
252856978070;252856978077;7;2,9;2;1;1
252856978077;252856978089;12;2,9;2;1;1
252856978089;252856978102;13;2,9;2;1;1
252856978102;252856978112;10;2,9;2;1;1
252856978112;252856978113;1;2,9;2;1;1
252856978113;252856978118;5;2,9;2;1;1
252856978118;252856978119;1;2,9;2;1;1
252856978119;252856978133;14;2,9;2;1;1
252856978133;252856978142;9;2,9;2;1;1
252856978142;252856978145;3;2,9;2;1;1
252856978145;252856978148;3;2,9;2;1;1
252856978148;252856978149;1;2,9;2;1;1
252856978149;252856978158;9;2,9;2;1;1
252856978158;252856978159;1;2,9;2;1;1
252856978159;252856978160;1;2,9;2;1;1
252856978160;252856978169;9;2,9;2;1;1
252856978169;252856978180;11;2,9;2;1;1
252856978180;252856978185;5;2,9;2;1;1
252856978185;252856978186;1;2,9;2;1;1
252856978186;252856978192;6;2,9;2;1;1
252856978192;252856978197;5;2,9;2;1;1
252856978197;252856978199;2;2,9;2;1;1
252856978199;252856978201;2;2,9;2;1;1
252856978201;252856978213;12;2,9;2;1;1
252856978213;252856978219;6;2,9;2;1;1
252856978219;252856978225;6;2,9;2;1;1
252856978225;252856978228;3;2,9;2;1;1
252856978228;252856978234;6;2,9;2;1;1
252856978234;252856978241;7;2,9;2;1;1
252856978241;252856978244;3;2,9;2;1;1
252856978244;252856978247;3;2,9;2;1;1
252856978247;252856978251;4;2,9;2;1;1
252856978251;252856978256;5;2,9;2;1;1
252856978256;252856978261;5;2,9;2;1;1
252856978261;252856978278;17;2,9;2;1;1
252856978278;252856978291;13;2,9;2;1;1
252856978291;252856978297;6;2,9;2;1;1
252856978297;252856978299;2;2,9;2;1;1
252856978299;252856978303;4;2,9;2;1;1
252856978303;252856978315;12;2,9;2;1;1
252856978315;252856978316;1;2,9;2;1;1
252856978316;252856978329;13;2,9;2;1;1
252856978329;252856978333;4;2,9;2;1;1
252856978333;252856978337;4;2,9;2;1;1
252856978337;252856978352;15;2,9;2;1;1
252856978352;252856978353;1;2,9;2;1;1
252856978353;252856978354;1;2,9;2;1;1
252856978354;252856978365;11;2,9;2;1;1
252856978365;252856978366;1;2,9;2;1;1
252856978366;252856978385;19;2,9;2;1;1
252856978385;252856978389;4;2,9;2;1;1
252856978389;252856978391;2;2,9;2;1;1
252856978391;252856978395;4;2,9;2;1;1
252856978395;252856978398;3;2,9;2;1;1
252856978398;252856978411;13;2,9;2;1;1
252856978411;252856978417;6;2,9;2;1;1
252856978417;252856978429;12;2,9;2;1;1
252856978429;252856978434;5;2,9;2;1;1
252856978434;252856978455;21;2,9;2;1;1
252856978455;252856978460;5;2,9;2;1;1
252856978460;252856978462;2;2,9;2;1;1
252856978462;252856978479;17;2,9;2;1;1
252856978479;252856978486;7;2,9;2;1;1
252856978486;252856978487;1;2,9;2;1;1
252856978487;252856978492;5;2,9;2;1;1
252856978492;252856978496;4;2,9;2;1;1
252856978496;252856978499;3;2,9;2;1;1
252856978499;252856978500;1;2,9;2;1;1
252856978500;252856978518;18;2,9;2;1;1
252856978518;252856978522;4;2,9;2;1;1
252856978522;252856978530;8;2,9;2;1;1
252856978530;252856978532;2;2,9;2;1;1
252856978532;252856978535;3;2,9;2;1;1
252856978535;252856978547;12;2,9;2;1;1
252856978547;252856978549;2;2,9;2;1;1
252856978549;252856978563;14;2,9;2;1;1
252856978563;252856978573;10;2,9;2;1;1
252856978573;252856978577;4;2,9;2;1;1
252856978577;252856978599;22;2,9;2;1;1
252856978599;252856978600;1;2,9;2;1;1
252856978600;252856978608;8;2,9;2;1;1
252856978608;252856978609;1;2,9;2;1;1
252856978609;252856978610;1;2,9;2;1;1
252856978610;252856978614;4;2,9;2;1;1
252856978614;252856978620;6;2,9;2;1;1
252856978620;252856978625;5;2,9;2;1;1
252856978625;252856978632;7;2,9;2;1;1
252856978632;252856978637;5;2,9;2;1;1
252856978637;252856978644;7;2,9;2;1;1
252856978644;252856978654;10;2,9;2;1;1
252856978654;252856978664;10;2,9;2;1;1
252856978664;252856978667;3;2,9;2;1;1
252856978667;252856978674;7;2,9;2;1;1
252856978674;252856978680;6;2,9;2;1;1
252856978680;252856978683;3;2,9;2;1;1
252856978683;252856978685;2;2,9;2;1;1
252856978685;252856978703;18;2,9;2;1;1
252856978703;252856978704;1;2,9;2;1;1
252856978704;252856978706;2;2,9;2;1;1
252856978706;252856978711;5;2,9;2;1;1
252856978711;252856978713;2;2,9;2;1;1
252856978713;252856978714;1;2,9;2;1;1
252856978714;252856978716;2;2,9;2;1;1
252856978716;252856978725;9;2,9;2;1;1
252856978725;252856978726;1;2,9;2;1;1
252856978726;252856978728;2;2,9;2;1;1
252856978728;252856978756;28;2,9;2;1;1
252856978756;252856978786;30;2,9;2;1;1
252856978786;252856978789;3;2,9;2;1;1
252856978789;252856978793;4;2,9;2;1;1
252856978793;252856978795;2;2,9;2;1;1
252856978795;252856978796;1;2,9;2;1;1
252856978796;252856978797;1;2,9;2;1;1
252856978797;252856978821;24;2,9;2;1;1
252856978821;252856978828;7;2,9;2;1;1
252856978828;252856978829;1;2,9;2;1;1
252856978829;252856978860;31;2,9;2;1;1
252856978860;252856978863;3;2,9;2;1;1
252856978863;252856978872;9;2,9;2;1;1
252856978872;252856978874;2;2,9;2;1;1
252856978874;252856978886;12;2,9;2;1;1
252856978886;252856978893;7;2,9;2;1;1
252856978893;252856978898;5;2,9;2;1;1
252856978898;252856978914;16;2,9;2;1;1
252856978914;252856978951;37;2,9;2;1;1
252856978951;252856978952;1;2,9;2;1;1
252856978952;252856978961;9;2,9;2;1;1
252856978961;252856978974;13;2,9;2;1;1
252856978974;252856978977;3;2,9;2;1;1
252856978977;252856978981;4;2,9;2;1;1
252856978981;252856978984;3;2,9;2;1;1
252856978984;252856978987;3;2,9;2;1;1
252856978987;252856978992;5;2,9;2;1;1
252856978992;252856978994;2;2,9;2;1;1
252856978994;252856979009;15;2,9;2;1;1
252856979009;252856979012;3;2,9;2;1;1
252856979012;252856979017;5;2,9;2;1;1
252856979017;252856979021;4;2,9;2;1;1
252856979021;252856979031;10;2,9;2;1;1
252856979031;252856979049;18;2,9;2;1;1
252856979049;252856979079;30;2,9;2;1;1
252856979079;252856979081;2;2,9;2;1;1
252856979081;252856979092;11;2,9;2;1;1
252856979092;252856979093;1;2,9;2;1;1
252856979093;252856979094;1;2,9;2;1;1
252856979094;252856979096;2;2,9;2;1;1
252856979096;252856979130;34;2,9;2;1;1
252856979130;252856979147;17;2,9;2;1;1
252856979147;252856979149;2;2,9;2;1;1
252856979149;252856979160;11;2,9;2;1;1
252856979160;252856979164;4;2,9;2;1;1
252856979164;252856979171;7;2,9;2;1;1
252856979171;252856979173;2;2,9;2;1;1
252856979173;252856979190;17;2,9;2;1;1
252856979190;252856979196;6;2,9;2;1;1
252856979196;252856979221;25;2,9;2;1;1
252856979221;252856979228;7;2,9;2;1;1
252856979228;252856979234;6;2,9;2;1;1
252856979234;252856979250;16;2,9;2;1;1
252856979250;252856979252;2;2,9;2;1;1
252856979252;252856979257;5;2,9;2;1;1
252856979257;252856979264;7;2,9;2;1;1
252856979264;252856979271;7;2,9;2;1;1
252856979271;252856979279;8;2,9;2;1;1
252856979279;252856979290;11;2,9;2;1;1
252856979290;252856979315;25;2,9;2;1;1
252856979315;252856979318;3;2,9;2;1;1
252856979318;252856979384;66;2,9;2;1;1
252856979384;252856979387;3;2,9;2;1;1
252856979387;252856979391;4;2,9;2;1;1
252856979391;252856979398;7;2,9;2;1;1
252856979398;252856979415;17;2,9;2;1;1
252856979415;252856979429;14;2,9;2;1;1
252856979429;252856979472;43;2,9;2;1;1
252856979472;252856979491;19;2,9;2;1;1
252856979491;252856979493;2;2,9;2;1;1
252856979493;252856979504;11;2,9;2;1;1
252856979504;252856979510;6;2,9;2;1;1
252856979510;252856979518;8;2,9;2;1;1
252856979518;252856979526;8;2,9;2;1;1
252856979526;252856979542;16;2,9;2;1;1
252856979542;252856979554;12;2,9;2;1;1
252856979554;252856979555;1;2,9;2;1;1
252856979555;252856979560;5;2,9;2;1;1
252856979560;252856979566;6;2,9;2;1;1
252856979566;252856979568;2;2,9;2;1;1
252856979568;252856979583;15;2,9;2;1;1
252856979583;252856979584;1;2,9;2;1;1
252856979584;252856979586;2;2,9;2;1;1
252856979586;252856979596;10;2,9;2;1;1
252856979596;252856979627;31;2,9;2;1;1
252856979627;252856979631;4;2,9;2;1;1
252856979631;252856979637;6;2,9;2;1;1
252856979637;252856979640;3;2,9;2;1;1
252856979640;252856979641;1;2,9;2;1;1
252856979641;252856979652;11;2,9;2;1;1
252856979652;252856979653;1;2,9;2;1;1
252856979653;252856979662;9;2,9;2;1;1
252856979662;252856979664;2;2,9;2;1;1
252856979664;252856979667;3;2,9;2;1;1
252856979667;252856979669;2;2,9;2;1;1
252856979669;252856979670;1;2,9;2;1;1
252856979670;252856979679;9;2,9;2;1;1
252856979679;252856979681;2;2,9;2;1;1
252856979681;252856979694;13;2,9;2;1;1
252856979694;252856979695;1;2,9;2;1;1
252856979695;252856979699;4;2,9;2;1;1
252856979699;252856979708;9;2,9;2;1;1
252856979708;252856979709;1;2,9;2;1;1
252856979709;252856979711;2;2,9;2;1;1
252856979711;252856979716;5;2,9;2;1;1
252856979716;252856979740;24;2,9;2;1;1
252856979740;252856979743;3;2,9;2;1;1
252856979743;252856979747;4;2,9;2;1;1
252856979747;252856979748;1;2,9;2;1;1
252856979748;252856979750;2;2,9;2;1;1
252856979750;252856979756;6;2,9;2;1;1
252856979756;252856979760;4;2,9;2;1;1
252856979760;252856979769;9;2,9;2;1;1
252856979769;252856979777;8;2,9;2;1;1
252856979777;252856979778;1;2,9;2;1;1
252856979778;252856979784;6;2,9;2;1;1
252856979784;252856979794;10;2,9;2;1;1
252856979794;252856979802;8;2,9;2;1;1
252856979802;252856979804;2;2,9;2;1;1
252856979804;252856979811;7;2,9;2;1;1
252856979811;252856979825;14;2,9;2;1;1
252856979825;252856979826;1;2,9;2;1;1
252856979826;252856979835;9;2,9;2;1;1
252856979835;252856979836;1;2,9;2;1;1
252856979836;252856979844;8;2,9;2;1;1
252856979844;252856979846;2;2,9;2;1;1
252856979846;252856979850;4;2,9;2;1;1
252856979850;252856979853;3;2,9;2;1;1
252856979853;252856979863;10;2,9;2;1;1
252856979863;252856979864;1;2,9;2;1;1
252856979864;252856979868;4;2,9;2;1;1
252856979868;252856979873;5;2,9;2;1;1
252856979873;252856979874;1;2,9;2;1;1
252856979874;252856979885;11;2,9;2;1;1
252856979885;252856979888;3;2,9;2;1;1
252856979888;252856979889;1;2,9;2;1;1
252856979889;252856979890;1;2,9;2;1;1
252856979890;252856979895;5;2,9;2;1;1
252856979895;252856979896;1;2,9;2;1;1
252856979896;252856979911;15;2,9;2;1;1
252856979911;252856979916;5;2,9;2;1;1
252856979916;252856979917;1;2,9;2;1;1
252856979917;252856979946;29;2,9;2;1;1
252856979946;252856979955;9;2,9;2;1;1
252856979955;252856979962;7;2,9;2;1;1
252856979962;252856979973;11;2,9;2;1;1
252856979973;252856979979;6;2,9;2;1;1
252856979979;252856979985;6;2,9;2;1;1
252856979985;252856979989;4;2,9;2;1;1
252856979989;252856980016;27;2,9;2;1;1
252856980016;252856980038;22;2,9;2;1;1
252856980038;252856980044;6;2,9;2;1;1
252856980044;252856980059;15;2,9;2;1;1
252856980059;252856980066;7;2,9;2;1;1
252856980066;252856980075;9;2,9;2;1;1
252856980075;252856980090;15;2,9;2;1;1
252856980090;252856980104;14;2,9;2;1;1
252856980104;252856980109;5;2,9;2;1;1
252856980109;252856980116;7;2,9;2;1;1
252856980116;252856980126;10;2,9;2;1;1
252856980126;252856980131;5;2,9;2;1;1
252856980131;252856980158;27;2,9;2;1;1
252856980158;252856980163;5;2,9;2;1;1
252856980163;252856980174;11;2,9;2;1;1
252856980174;252856980220;46;2,9;2;1;1
252856980220;252856980221;1;2,9;2;1;1
252856980221;252856980228;7;2,9;2;1;1
252856980228;252856980229;1;2,9;2;1;1
252856980229;252856980230;1;2,9;2;1;1
252856980230;252856980237;7;2,9;2;1;1
252856980237;252856980240;3;2,9;2;1;1
252856980240;252856980242;2;2,9;2;1;1
252856980242;252856980243;1;2,9;2;1;1
252856980243;252856980256;13;2,9;2;1;1
252856980256;252856980269;13;2,9;2;1;1
252856980269;252856980285;16;2,9;2;1;1
252856980285;252856980296;11;2,9;2;1;1
252856980296;252856980297;1;2,9;2;1;1
252856980297;252856980301;4;2,9;2;1;1
252856980301;252856980337;36;2,9;2;1;1
252856980337;252856980353;16;2,9;2;1;1
252856980353;252856980354;1;2,9;2;1;1
252856980354;252856980364;10;2,9;2;1;1
252856980364;252856980371;7;2,9;2;1;1
252856980371;252856980373;2;2,9;2;1;1
252856980373;252856980388;15;2,9;2;1;1
252856980388;252856980401;13;2,9;2;1;1
252856980401;252856980403;2;2,9;2;1;1
252856980403;252856980407;4;2,9;2;1;1
252856980407;252856980416;9;2,9;2;1;1
252856980416;252856980423;7;2,9;2;1;1
252856980423;252856980431;8;2,9;2;1;1
252856980431;252856980450;19;2,9;2;1;1
252856980450;252856980452;2;2,9;2;1;1
252856980452;252856980475;23;2,9;2;1;1
252856980475;252856980478;3;2,9;2;1;1
252856980478;252856980480;2;2,9;2;1;1
252856980480;252856980494;14;2,9;2;1;1
252856980494;252856980503;9;2,9;2;1;1
252856980503;252856980506;3;2,9;2;1;1
252856980506;252856980519;13;2,9;2;1;1
252856980519;252856980525;6;2,9;2;1;1
252856980525;252856980561;36;2,9;2;1;1
252856980561;252856980568;7;2,9;2;1;1
252856980568;252856980570;2;2,9;2;1;1
252856980570;252856980576;6;2,9;2;1;1
252856980576;252856980587;11;2,9;2;1;1
252856980587;252856980588;1;2,9;2;1;1
252856980588;252856980596;8;2,9;2;1;1
252856980596;252856980598;2;2,9;2;1;1
252856980598;252856980600;2;2,9;2;1;1
252856980600;252856980616;16;2,9;2;1;1
252856980616;252856980618;2;2,9;2;1;1
252856980618;252856980626;8;2,9;2;1;1
252856980626;252856980645;19;2,9;2;1;1
252856980645;252856980651;6;2,9;2;1;1
252856980651;252856980660;9;2,9;2;1;1
252856980660;252856980663;3;2,9;2;1;1
252856980663;252856980672;9;2,9;2;1;1
252856980672;252856980681;9;2,9;2;1;1
252856980681;252856980682;1;2,9;2;1;1
252856980682;252856980690;8;2,9;2;1;1
252856980690;252856980692;2;2,9;2;1;1
252856980692;252856980708;16;2,9;2;1;1
252856980708;252856980711;3;2,9;2;1;1
252856980711;252856980719;8;2,9;2;1;1
252856980719;252856980723;4;2,9;2;1;1
252856980723;252856980739;16;2,9;2;1;1
252856980739;252856980742;3;2,9;2;1;1
252856980742;252856980746;4;2,9;2;1;1
252856980746;252856980751;5;2,9;2;1;1
252856980751;252856980760;9;2,9;2;1;1
252856980760;252856980766;6;2,9;2;1;1
252856980766;252856980767;1;2,9;2;1;1
252856980767;252856980771;4;2,9;2;1;1
252856980771;252856980774;3;2,9;2;1;1
252856980774;252856980778;4;2,9;2;1;1
252856980778;252856980784;6;2,9;2;1;1
252856980784;252856980786;2;2,9;2;1;1
252856980786;252856980790;4;2,9;2;1;1
252856980790;252856980813;23;2,9;2;1;1
252856980813;252856980822;9;2,9;2;1;1
252856980822;252856980825;3;2,9;2;1;1
252856980825;252856980833;8;2,9;2;1;1
252856980833;252856980851;18;2,9;2;1;1
252856980851;252856980856;5;2,9;2;1;1
252856980856;252856980859;3;2,9;2;1;1
252856980859;252856980863;4;2,9;2;1;1
252856980863;252856980865;2;2,9;2;1;1
252856980865;252856980881;16;2,9;2;1;1
252856980881;252856980895;14;2,9;2;1;1
252856980895;252856980899;4;2,9;2;1;1
252856980899;252856980908;9;2,9;2;1;1
252856980908;252856980916;8;2,9;2;1;1
252856980916;252856980923;7;2,9;2;1;1
252856980923;252856980926;3;2,9;2;1;1
252856980926;252856980927;1;2,9;2;1;1
252856980927;252856980934;7;2,9;2;1;1
252856980934;252856980943;9;2,9;2;1;1
252856980943;252856980946;3;2,9;2;1;1
252856980946;252856980957;11;2,9;2;1;1
252856980957;252856980973;16;2,9;2;1;1
252856980973;252856980983;10;2,9;2;1;1
252856980983;252856980984;1;2,9;2;1;1
252856980984;252856980986;2;2,9;2;1;1
252856980986;252856981002;16;2,9;2;1;1
252856981002;252856981005;3;2,9;2;1;1
252856981005;252856981009;4;2,9;2;1;1
252856981009;252856981017;8;2,9;2;1;1
252856981017;252856981038;21;2,9;2;1;1
252856981038;252856981053;15;2,9;2;1;1
252856981053;252856981056;3;2,9;2;1;1
252856981056;252856981069;13;2,9;2;1;1
252856981069;252856981075;6;2,9;2;1;1
252856981075;252856981076;1;2,9;2;1;1
252856981076;252856981080;4;2,9;2;1;1
252856981080;252856981088;8;2,9;2;1;1
252856981088;252856981107;19;2,9;2;1;1
252856981107;252856981108;1;2,9;2;1;1
252856981108;252856981114;6;2,9;2;1;1
252856981114;252856981115;1;2,9;2;1;1
252856981115;252856981124;9;2,9;2;1;1
252856981124;252856981125;1;2,9;2;1;1
252856981125;252856981128;3;2,9;2;1;1
252856981128;252856981135;7;2,9;2;1;1
252856981135;252856981136;1;2,9;2;1;1
252856981136;252856981141;5;2,9;2;1;1
252856981141;252856981152;11;2,9;2;1;1
252856981152;252856981170;18;2,9;2;1;1
252856981170;252856981184;14;2,9;2;1;1
252856981184;252856981187;3;2,9;2;1;1
252856981187;252856981204;17;2,9;2;1;1
252856981204;252856981205;1;2,9;2;1;1
252856981205;252856981211;6;2,9;2;1;1
252856981211;252856981215;4;2,9;2;1;1
252856981215;252856981224;9;2,9;2;1;1
252856981224;252856981227;3;2,9;2;1;1
252856981227;252856981231;4;2,9;2;1;1
252856981231;252856981232;1;2,9;2;1;1
252856981232;252856981242;10;2,9;2;1;1
252856981242;252856981244;2;2,9;2;1;1
252856981244;252856981245;1;2,9;2;1;1
252856981245;252856981251;6;2,9;2;1;1
252856981251;252856981260;9;2,9;2;1;1
252856981260;252856981266;6;2,9;2;1;1
252856981266;252856981279;13;2,9;2;1;1
252856981279;252856981281;2;2,9;2;1;1
252856981281;252856981282;1;2,9;2;1;1
252856981282;252856981309;27;2,9;2;1;1
252856981309;252856981310;1;2,9;2;1;1
252856981310;252856981315;5;2,9;2;1;1
252856981315;252856981337;22;2,9;2;1;1
252856981337;252856981338;1;2,9;2;1;1
252856981338;252856981345;7;2,9;2;1;1
252856981345;252856981361;16;2,9;2;1;1
252856981361;252856981364;3;2,9;2;1;1
252856981364;252856981372;8;2,9;2;1;1
252856981372;252856981377;5;2,9;2;1;1
252856981377;252856981384;7;2,9;2;1;1
252856981384;252856981415;31;2,9;2;1;1
252856981415;252856981418;3;2,9;2;1;1
252856981418;252856981427;9;2,9;2;1;1
252856981427;252856981432;5;2,9;2;1;1
252856981432;252856981434;2;2,9;2;1;1
252856981434;252856981445;11;2,9;2;1;1
252856981445;252856981446;1;2,9;2;1;1
252856981446;252856981456;10;2,9;2;1;1
252856981456;252856981470;14;2,9;2;1;1
252856981470;252856981472;2;2,9;2;1;1
252856981472;252856981474;2;2,9;2;1;1
252856981474;252856981495;21;2,9;2;1;1
252856981495;252856981501;6;2,9;2;1;1
252856981501;252856981505;4;2,9;2;1;1
252856981505;252856981512;7;2,9;2;1;1
252856981512;252856981514;2;2,9;2;1;1
252856981514;252856981522;8;2,9;2;1;1
252856981522;252856981532;10;2,9;2;1;1
252856981532;252856981539;7;2,9;2;1;1
252856981539;252856981544;5;2,9;2;1;1
252856981544;252856981547;3;2,9;2;1;1
252856981547;252856981560;13;2,9;2;1;1
252856981560;252856981564;4;2,9;2;1;1
252856981564;252856981586;22;2,9;2;1;1
252856981586;252856981612;26;2,9;2;1;1
252856981612;252856981613;1;2,9;2;1;1
252856981613;252856981651;38;2,9;2;1;1
252856981651;252856981663;12;2,9;2;1;1
252856981663;252856981673;10;2,9;2;1;1
252856981673;252856981704;31;2,9;2;1;1
252856981704;252856981708;4;2,9;2;1;1
252856981708;252856981715;7;2,9;2;1;1
252856981715;252856981717;2;2,9;2;1;1
252856981717;252856981733;16;2,9;2;1;1
252856981733;252856981740;7;2,9;2;1;1
252856981740;252856981745;5;2,9;2;1;1
252856981745;252856981752;7;2,9;2;1;1
252856981752;252856981768;16;2,9;2;1;1
252856981768;252856981774;6;2,9;2;1;1
252856981774;252856981775;1;2,9;2;1;1
252856981775;252856981784;9;2,9;2;1;1
252856981784;252856981802;18;2,9;2;1;1
252856981802;252856981813;11;2,9;2;1;1
252856981813;252856981832;19;2,9;2;1;1
252856981832;252856981839;7;2,9;2;1;1
252856981839;252856981861;22;2,9;2;1;1
252856981861;252856981867;6;2,9;2;1;1
252856981867;252856981874;7;2,9;2;1;1
252856981874;252856981890;16;2,9;2;1;1
252856981890;252856981911;21;2,9;2;1;1
252856981911;252856981917;6;2,9;2;1;1
252856981917;252856981920;3;2,9;2;1;1
252856981920;252856981932;12;2,9;2;1;1
252856981932;252856981948;16;2,9;2;1;1
252856981948;252856981960;12;2,9;2;1;1
252856981960;252856981970;10;2,9;2;1;1
252856981970;252856981975;5;2,9;2;1;1
252856981975;252856981983;8;2,9;2;1;1
252856981983;252856981987;4;2,9;2;1;1
252856981987;252856981993;6;2,9;2;1;1
252856981993;252856982001;8;2,9;2;1;1
252856982001;252856982008;7;2,9;2;1;1
252856982008;252856982009;1;2,9;2;1;1
252856982009;252856982014;5;2,9;2;1;1
252856982014;252856982019;5;2,9;2;1;1
252856982019;252856982026;7;2,9;2;1;1
252856982026;252856982027;1;2,9;2;1;1
252856982027;252856982030;3;2,9;2;1;1
252856982030;252856982034;4;2,9;2;1;1
252856982034;252856982040;6;2,9;2;1;1
252856982040;252856982047;7;2,9;2;1;1
252856982047;252856982049;2;2,9;2;1;1
252856982049;252856982051;2;2,9;2;1;1
252856982051;252856982058;7;2,9;2;1;1
252856982058;252856982065;7;2,9;2;1;1
252856982065;252856982066;1;2,9;2;1;1
252856982066;252856982070;4;2,9;2;1;1
252856982070;252856982071;1;2,9;2;1;1
252856982071;252856982079;8;2,9;2;1;1
252856982079;252856982080;1;2,9;2;1;1
252856982080;252856982086;6;2,9;2;1;1
252856982086;252856982087;1;2,9;2;1;1
252856982087;252856982095;8;2,9;2;1;1
252856982095;252856982105;10;2,9;2;1;1
252856982105;252856982114;9;2,9;2;1;1
252856982114;252856982123;9;2,9;2;1;1
252856982123;252856982132;9;2,9;2;1;1
252856982132;252856982143;11;2,9;2;1;1
252856982143;252856982148;5;2,9;2;1;1
252856982148;252856982149;1;2,9;2;1;1
252856982149;252856982166;17;2,9;2;1;1
252856982166;252856982169;3;2,9;2;1;1
252856982169;252856982190;21;2,9;2;1;1
252856982190;252856982197;7;2,9;2;1;1
252856982197;252856982198;1;2,9;2;1;1
252856982198;252856982205;7;2,9;2;1;1
252856982205;252856982212;7;2,9;2;1;1
252856982212;252856982214;2;2,9;2;1;1
252856982214;252856982217;3;2,9;2;1;1
252856982217;252856982231;14;2,9;2;1;1
252856982231;252856982232;1;2,9;2;1;1
252856982232;252856982239;7;2,9;2;1;1
252856982239;252856982245;6;2,9;2;1;1
252856982245;252856982261;16;2,9;2;1;1
252856982261;252856982271;10;2,9;2;1;1
252856982271;252856982277;6;2,9;2;1;1
252856982277;252856982280;3;2,9;2;1;1
252856982280;252856982296;16;2,9;2;1;1
252856982296;252856982300;4;2,9;2;1;1
252856982300;252856982313;13;2,9;2;1;1
252856982313;252856982314;1;2,9;2;1;1
252856982314;252856982326;12;2,9;2;1;1
252856982326;252856982328;2;2,9;2;1;1
252856982328;252856982335;7;2,9;2;1;1
252856982335;252856982351;16;2,9;2;1;1
252856982351;252856982374;23;2,9;2;1;1
252856982374;252856982378;4;2,9;2;1;1
252856982378;252856982393;15;2,9;2;1;1
252856982393;252856982397;4;2,9;2;1;1
252856982397;252856982401;4;2,9;2;1;1
252856982401;252856982407;6;2,9;2;1;1
252856982407;252856982413;6;2,9;2;1;1
252856982413;252856982419;6;2,9;2;1;1
252856982419;252856982430;11;2,9;2;1;1
252856982430;252856982446;16;2,9;2;1;1
252856982446;252856982457;11;2,9;2;1;1
252856982457;252856982458;1;2,9;2;1;1
252856982458;252856982464;6;2,9;2;1;1
252856982464;252856982478;14;2,9;2;1;1
252856982478;252856982494;16;2,9;2;1;1
252856982494;252856982499;5;2,9;2;1;1
252856982499;252856982500;1;2,9;2;1;1
252856982500;252856982506;6;2,9;2;1;1
252856982506;252856982518;12;2,9;2;1;1
252856982518;252856982523;5;2,9;2;1;1
252856982523;252856982542;19;2,9;2;1;1
252856982542;252856982552;10;2,9;2;1;1
252856982552;252856982553;1;2,9;2;1;1
252856982553;252856982566;13;2,9;2;1;1
252856982566;252856982579;13;2,9;2;1;1
252856982579;252856982585;6;2,9;2;1;1
252856982585;252856982600;15;2,9;2;1;1
252856982600;252856982605;5;2,9;2;1;1
252856982605;252856982609;4;2,9;2;1;1
252856982609;252856982611;2;2,9;2;1;1
252856982611;252856982618;7;2,9;2;1;1
252856982618;252856982619;1;2,9;2;1;1
252856982619;252856982633;14;2,9;2;1;1
252856982633;252856982639;6;2,9;2;1;1
252856982639;252856982676;37;2,9;2;1;1
252856982676;252856982680;4;2,9;2;1;1
252856982680;252856982689;9;2,9;2;1;1
252856982689;252856982693;4;2,9;2;1;1
252856982693;252856982707;14;2,9;2;1;1
252856982707;252856982708;1;2,9;2;1;1
252856982708;252856982712;4;2,9;2;1;1
252856982712;252856982724;12;2,9;2;1;1
252856982724;252856982726;2;2,9;2;1;1
252856982726;252856982728;2;2,9;2;1;1
252856982728;252856982739;11;2,9;2;1;1
252856982739;252856982756;17;2,9;2;1;1
252856982756;252856982758;2;2,9;2;1;1
252856982758;252856982767;9;2,9;2;1;1
252856982767;252856982768;1;2,9;2;1;1
252856982768;252856982785;17;2,9;2;1;1
252856982785;252856982789;4;2,9;2;1;1
252856982789;252856982803;14;2,9;2;1;1
252856982803;252856982805;2;2,9;2;1;1
252856982805;252856982810;5;2,9;2;1;1
252856982810;252856982821;11;2,9;2;1;1
252856982821;252856982841;20;2,9;2;1;1
252856982841;252856982845;4;2,9;2;1;1
252856982845;252856982847;2;2,9;2;1;1
252856982847;252856982871;24;2,9;2;1;1
252856982871;252856982872;1;2,9;2;1;1
252856982872;252856982878;6;2,9;2;1;1
252856982878;252856982882;4;2,9;2;1;1
252856982882;252856982890;8;2,9;2;1;1
252856982890;252856982896;6;2,9;2;1;1
252856982896;252856982907;11;2,9;2;1;1
252856982907;252856982908;1;2,9;2;1;1
252856982908;252856982910;2;2,9;2;1;1
252856982910;252856982917;7;2,9;2;1;1
252856982917;252856982918;1;2,9;2;1;1
252856982918;252856982936;18;2,9;2;1;1
252856982936;252856982939;3;2,9;2;1;1
252856982939;252856982960;21;2,9;2;1;1
252856982960;252856982965;5;2,9;2;1;1
252856982965;252856982983;18;2,9;2;1;1
252856982983;252856982984;1;2,9;2;1;1
252856982984;252856983002;18;2,9;2;1;1
252856983002;252856983004;2;2,9;2;1;1
252856983004;252856983008;4;2,9;2;1;1
252856983008;252856983021;13;2,9;2;1;1
252856983021;252856983028;7;2,9;2;1;1
252856983028;252856983041;13;2,9;2;1;1
252856983041;252856983044;3;2,9;2;1;1
252856983044;252856983045;1;2,9;2;1;1
252856983045;252856983057;12;2,9;2;1;1
252856983057;252856983064;7;2,9;2;1;1
252856983064;252856983073;9;2,9;2;1;1
252856983073;252856983077;4;2,9;2;1;1
252856983077;252856983119;42;2,9;2;1;1
252856983119;252856983120;1;2,9;2;1;1
252856983120;252856983126;6;2,9;2;1;1
252856983126;252856983139;13;2,9;2;1;1
252856983139;252856983140;1;2,9;2;1;1
252856983140;252856983142;2;2,9;2;1;1
252856983142;252856983146;4;2,9;2;1;1
252856983146;252856983150;4;2,9;2;1;1
252856983150;252856983151;1;2,9;2;1;1
252856983151;252856983155;4;2,9;2;1;1
252856983155;252856983167;12;2,9;2;1;1
252856983167;252856983172;5;2,9;2;1;1
252856983172;252856983174;2;2,9;2;1;1
252856983174;252856983189;15;2,9;2;1;1
252856983189;252856983205;16;2,9;2;1;1
252856983205;252856983223;18;2,9;2;1;1
252856983223;252856983235;12;2,9;2;1;1
252856983235;252856983238;3;2,9;2;1;1
252856983238;252856983239;1;2,9;2;1;1
252856983239;252856983241;2;2,9;2;1;1
252856983241;252856983251;10;2,9;2;1;1
252856983251;252856983265;14;2,9;2;1;1
252856983265;252856983271;6;2,9;2;1;1
252856983271;252856983291;20;2,9;2;1;1
252856983291;252856983294;3;2,9;2;1;1
252856983294;252856983300;6;2,9;2;1;1
252856983300;252856983311;11;2,9;2;1;1
252856983311;252856983329;18;2,9;2;1;1
252856983329;252856983332;3;2,9;2;1;1
252856983332;252856983336;4;2,9;2;1;1
252856983336;252856983343;7;2,9;2;1;1
252856983343;252856983365;22;2,9;2;1;1
252856983365;252856983366;1;2,9;2;1;1
252856983366;252856983377;11;2,9;2;1;1
252856983377;252856983391;14;2,9;2;1;1
252856983391;252856983401;10;2,9;2;1;1
252856983401;252856983420;19;2,9;2;1;1
252856983420;252856983421;1;2,9;2;1;1
252856983421;252856983428;7;2,9;2;1;1
252856983428;252856983448;20;2,9;2;1;1
252856983448;252856983467;19;2,9;2;1;1
252856983467;252856983471;4;2,9;2;1;1
252856983471;252856983474;3;2,9;2;1;1
252856983474;252856983503;29;2,9;2;1;1
252856983503;252856983504;1;2,9;2;1;1
252856983504;252856983506;2;2,9;2;1;1
252856983506;252856983511;5;2,9;2;1;1
252856983511;252856983517;6;2,9;2;1;1
252856983517;252856983537;20;2,9;2;1;1
252856983537;252856983538;1;2,9;2;1;1
252856983538;252856983544;6;2,9;2;1;1
252856983544;252856983564;20;2,9;2;1;1
252856983564;252856983570;6;2,9;2;1;1
252856983570;252856983573;3;2,9;2;1;1
252856983573;252856983579;6;2,9;2;1;1
252856983579;252856983596;17;2,9;2;1;1
252856983596;252856983603;7;2,9;2;1;1
252856983603;252856983609;6;2,9;2;1;1
252856983609;252856983613;4;2,9;2;1;1
252856983613;252856983617;4;2,9;2;1;1
252856983617;252856983634;17;2,9;2;1;1
252856983634;252856983635;1;2,9;2;1;1
252856983635;252856983646;11;2,9;2;1;1
252856983646;252856983666;20;2,9;2;1;1
252856983666;252856983670;4;2,9;2;1;1
252856983670;252856983675;5;2,9;2;1;1
252856983675;252856983690;15;2,9;2;1;1
252856983690;252856983698;8;2,9;2;1;1
252856983698;252856983736;38;2,9;2;1;1
252856983736;252856983757;21;2,9;2;1;1
252856983757;252856983760;3;2,9;2;1;1
252856983760;252856983787;27;2,9;2;1;1
252856983787;252856983812;25;2,9;2;1;1
252856983812;252856983818;6;2,9;2;1;1
252856983818;252856983820;2;2,9;2;1;1
252856983820;252856983831;11;2,9;2;1;1
252856983831;252856983835;4;2,9;2;1;1
252856983835;252856983848;13;2,9;2;1;1
252856983848;252856983854;6;2,9;2;1;1
252856983854;252856983867;13;2,9;2;1;1
252856983867;252856983881;14;2,9;2;1;1
252856983881;252856983896;15;2,9;2;1;1
252856983896;252856983899;3;2,9;2;1;1
252856983899;252856983905;6;2,9;2;1;1
252856983905;252856983906;1;2,9;2;1;1
252856983906;252856983924;18;2,9;2;1;1
252856983924;252856983927;3;2,9;2;1;1
252856983927;252856983935;8;2,9;2;1;1
252856983935;252856983955;20;2,9;2;1;1
252856983955;252856983963;8;2,9;2;1;1
252856983963;252856983977;14;2,9;2;1;1
252856983977;252856983987;10;2,9;2;1;1
252856983987;252856983989;2;2,9;2;1;1
252856983989;252856983993;4;2,9;2;1;1
252856983993;252856984009;16;2,9;2;1;1
252856984009;252856984011;2;2,9;2;1;1
252856984011;252856984018;7;2,9;2;1;1
252856984018;252856984026;8;2,9;2;1;1
252856984026;252856984037;11;2,9;2;1;1
252856984037;252856984049;12;2,9;2;1;1
252856984049;252856984052;3;2,9;2;1;1
252856984052;252856984053;1;2,9;2;1;1
252856984053;252856984061;8;2,9;2;1;1
252856984061;252856984072;11;2,9;2;1;1
252856984072;252856984074;2;2,9;2;1;1
252856984074;252856984081;7;2,9;2;1;1
252856984081;252856984083;2;2,9;2;1;1
252856984083;252856984104;21;2,9;2;1;1
252856984104;252856984109;5;2,9;2;1;1
252856984109;252856984110;1;2,9;2;1;1
252856984110;252856984123;13;2,9;2;1;1
252856984123;252856984126;3;2,9;2;1;1
252856984126;252856984134;8;2,9;2;1;1
252856984134;252856984153;19;2,9;2;1;1
252856984153;252856984173;20;2,9;2;1;1
252856984173;252856984196;23;2,9;2;1;1
252856984196;252856984201;5;2,9;2;1;1
252856984201;252856984213;12;2,9;2;1;1
252856984213;252856984215;2;2,9;2;1;1
252856984215;252856984217;2;2,9;2;1;1
252856984217;252856984230;13;2,9;2;1;1
252856984230;252856984239;9;2,9;2;1;1
252856984239;252856984249;10;2,9;2;1;1
252856984249;252856984262;13;2,9;2;1;1
252856984262;252856984283;21;2,9;2;1;1
252856984283;252856984284;1;2,9;2;1;1
252856984284;252856984316;32;2,9;2;1;1
252856984316;252856984348;32;2,9;2;1;1
252856984348;252856984358;10;2,9;2;1;1
252856984358;252856984371;13;2,9;2;1;1
252856984371;252856984393;22;2,9;2;1;1
252856984393;252856984397;4;2,9;2;1;1
252856984397;252856984418;21;2,9;2;1;1
252856984418;252856984424;6;2,9;2;1;1
252856984424;252856984435;11;2,9;2;1;1
252856984435;252856984472;37;2,9;2;1;1
252856984472;252856984478;6;2,9;2;1;1
252856984478;252856984495;17;2,9;2;1;1
252856984495;252856984540;45;2,9;2;1;1
252856984540;252856984541;1;2,9;2;1;1
252856984541;252856984542;1;2,9;2;1;1
252856984542;252856984548;6;2,9;2;1;1
252856984548;252856984563;15;2,9;2;1;1
252856984563;252856984570;7;2,9;2;1;1
252856984570;252856984575;5;2,9;2;1;1
252856984575;252856984583;8;2,9;2;1;1
252856984583;252856984589;6;2,9;2;1;1
252856984589;252856984622;33;2,9;2;1;1
252856984622;252856984660;38;2,9;2;1;1
252856984660;252856984670;10;2,9;2;1;1
252856984670;252856984744;74;2,9;2;1;1
252856984744;252856984810;66;2,9;2;1;1
252856984810;252856984837;27;2,9;2;1;1
252856984837;252856984845;8;2,9;2;1;1
252856984845;252856984891;46;2,9;2;1;1
252856984891;252856984893;2;2,9;2;1;1
252856984893;252856984917;24;2,9;2;1;1
252856984917;252856984919;2;2,9;2;1;1
252856984919;252856984959;40;2,9;2;1;1
252856984959;252856984961;2;2,9;2;1;1
252856984961;252856984969;8;2,9;2;1;1
252856984969;252856984977;8;2,9;2;1;1
252856984977;252856984979;2;2,9;2;1;1
252856984979;252856984989;10;2,9;2;1;1
252856984989;252856984996;7;2,9;2;1;1
252856984996;252856984999;3;2,9;2;1;1
252856984999;252856985009;10;2,9;2;1;1
252856985009;252856985053;44;2,9;2;1;1
252856985053;252856985057;4;2,9;2;1;1
252856985057;252856985058;1;2,9;2;1;1
252856985058;252856985081;23;2,9;2;1;1
252856985081;252856985086;5;2,9;2;1;1
252856985086;252856985087;1;2,9;2;1;1
252856985087;252856985091;4;2,9;2;1;1
252856985091;252856985119;28;2,9;2;1;1
252856985119;252856985122;3;2,9;2;1;1
252856985122;252856985127;5;2,9;2;1;1
252856985127;252856985147;20;2,9;2;1;1
252856985147;252856985163;16;2,9;2;1;1
252856985163;252856985174;11;2,9;2;1;1
252856985174;252856985182;8;2,9;2;1;1
252856985182;252856985190;8;2,9;2;1;1
252856985190;252856985202;12;2,9;2;1;1
252856985202;252856985204;2;2,9;2;1;1
252856985204;252856985206;2;2,9;2;1;1
252856985206;252856985229;23;2,9;2;1;1
252856985229;252856985232;3;2,9;2;1;1
252856985232;252856985237;5;2,9;2;1;1
252856985237;252856985243;6;2,9;2;1;1
252856985243;252856985250;7;2,9;2;1;1
252856985250;252856985256;6;2,9;2;1;1
252856985256;252856985283;27;2,9;2;1;1
252856985283;252856985284;1;2,9;2;1;1
252856985284;252856985289;5;2,9;2;1;1
252856985289;252856985299;10;2,9;2;1;1
252856985299;252856985317;18;2,9;2;1;1
252856985317;252856985332;15;2,9;2;1;1
252856985332;252856985339;7;2,9;2;1;1
252856985339;252856985340;1;2,9;2;1;1
252856985340;252856985348;8;2,9;2;1;1
252856985348;252856985373;25;2,9;2;1;1
252856985373;252856985378;5;2,9;2;1;1
252856985378;252856985385;7;2,9;2;1;1
252856985385;252856985387;2;2,9;2;1;1
252856985387;252856985398;11;2,9;2;1;1
252856985398;252856985406;8;2,9;2;1;1
252856985406;252856985412;6;2,9;2;1;1
252856985412;252856985420;8;2,9;2;1;1
252856985420;252856985424;4;2,9;2;1;1
252856985424;252856985427;3;2,9;2;1;1
252856985427;252856985451;24;2,9;2;1;1
252856985451;252856985454;3;2,9;2;1;1
252856985454;252856985455;1;2,9;2;1;1
252856985455;252856985463;8;2,9;2;1;1
252856985463;252856985481;18;2,9;2;1;1
252856985481;252856985482;1;2,9;2;1;1
252856985482;252856985493;11;2,9;2;1;1
252856985493;252856985508;15;2,9;2;1;1
252856985508;252856985511;3;2,9;2;1;1
252856985511;252856985539;28;2,9;2;1;1
252856985539;252856985561;22;2,9;2;1;1
252856985561;252856985565;4;2,9;2;1;1
252856985565;252856985573;8;2,9;2;1;1
252856985573;252856985580;7;2,9;2;1;1
252856985580;252856985595;15;2,9;2;1;1
252856985595;252856985606;11;2,9;2;1;1
252856985606;252856985623;17;2,9;2;1;1
252856985623;252856985639;16;2,9;2;1;1
252856985639;252856985642;3;2,9;2;1;1
252856985642;252856985661;19;2,9;2;1;1
252856985661;252856985663;2;2,9;2;1;1
252856985663;252856985669;6;2,9;2;1;1
252856985669;252856985671;2;2,9;2;1;1
252856985671;252856985689;18;2,9;2;1;1
252856985689;252856985708;19;2,9;2;1;1
252856985708;252856985728;20;2,9;2;1;1
252856985728;252856985742;14;2,9;2;1;1
252856985742;252856985747;5;2,9;2;1;1
252856985747;252856985768;21;2,9;2;1;1
252856985768;252856985772;4;2,9;2;1;1
252856985772;252856985775;3;2,9;2;1;1
252856985775;252856985779;4;2,9;2;1;1
252856985779;252856985797;18;2,9;2;1;1
252856985797;252856985799;2;2,9;2;1;1
252856985799;252856985811;12;2,9;2;1;1
252856985811;252856985822;11;2,9;2;1;1
252856985822;252856985837;15;2,9;2;1;1
252856985837;252856985838;1;2,9;2;1;1
252856985838;252856985856;18;2,9;2;1;1
252856985856;252856985858;2;2,9;2;1;1
252856985858;252856985884;26;2,9;2;1;1
252856985884;252856985885;1;2,9;2;1;1
252856985885;252856985902;17;2,9;2;1;1
252856985902;252856985910;8;2,9;2;1;1
252856985910;252856985911;1;2,9;2;1;1
252856985911;252856985918;7;2,9;2;1;1
252856985918;252856985936;18;2,9;2;1;1
252856985936;252856985945;9;2,9;2;1;1
252856985945;252856985951;6;2,9;2;1;1
252856985951;252856985957;6;2,9;2;1;1
252856985957;252856985958;1;2,9;2;1;1
252856985958;252856985973;15;2,9;2;1;1
252856985973;252856985996;23;2,9;2;1;1
252856985996;252856985998;2;2,9;2;1;1
252856985998;252856985999;1;2,9;2;1;1
252856985999;252856986001;2;2,9;2;1;1
252856986001;252856986012;11;2,9;2;1;1
252856986012;252856986025;13;2,9;2;1;1
252856986025;252856986040;15;2,9;2;1;1
252856986040;252856986041;1;2,9;2;1;1
252856986041;252856986042;1;2,9;2;1;1
252856986042;252856986046;4;2,9;2;1;1
252856986046;252856986048;2;2,9;2;1;1
252856986048;252856986054;6;2,9;2;1;1
252856986054;252856986056;2;2,9;2;1;1
252856986056;252856986085;29;2,9;2;1;1
252856986085;252856986087;2;2,9;2;1;1
252856986087;252856986090;3;2,9;2;1;1
252856986090;252856986096;6;2,9;2;1;1
252856986096;252856986108;12;2,9;2;1;1
252856986108;252856986129;21;2,9;2;1;1
252856986129;252856986131;2;2,9;2;1;1
252856986131;252856986136;5;2,9;2;1;1
252856986136;252856986148;12;2,9;2;1;1
252856986148;252856986149;1;2,9;2;1;1
252856986149;252856986152;3;2,9;2;1;1
252856986152;252856986185;33;2,9;2;1;1
252856986185;252856986194;9;2,9;2;1;1
252856986194;252856986221;27;2,9;2;1;1
252856986221;252856986246;25;2,9;2;1;1
252856986246;252856986277;31;2,9;2;1;1
252856986277;252856986284;7;2,9;2;1;1
252856986284;252856986289;5;2,9;2;1;1
252856986289;252856986294;5;2,9;2;1;1
252856986294;252856986314;20;2,9;2;1;1
252856986314;252856986316;2;2,9;2;1;1
252856986316;252856986360;44;2,9;2;1;1
252856986360;252856986371;11;2,9;2;1;1
252856986371;252856986374;3;2,9;2;1;1
252856986374;252856986392;18;2,9;2;1;1
252856986392;252856986402;10;2,9;2;1;1
252856986402;252856986406;4;2,9;2;1;1
252856986406;252856986432;26;2,9;2;1;1
252856986432;252856986443;11;2,9;2;1;1
252856986443;252856986444;1;2,9;2;1;1
252856986444;252856986464;20;2,9;2;1;1
252856986464;252856986470;6;2,9;2;1;1
252856986470;252856986480;10;2,9;2;1;1
252856986480;252856986482;2;2,9;2;1;1
252856986482;252856986514;32;2,9;2;1;1
252856986514;252856986520;6;2,9;2;1;1
252856986520;252856986523;3;2,9;2;1;1
252856986523;252856986538;15;2,9;2;1;1
252856986538;252856986539;1;2,9;2;1;1
252856986539;252856986560;21;2,9;2;1;1
252856986560;252856986562;2;2,9;2;1;1
252856986562;252856986568;6;2,9;2;1;1
252856986568;252856986587;19;2,9;2;1;1
252856986587;252856986598;11;2,9;2;1;1
252856986598;252856986599;1;2,9;2;1;1
252856986599;252856986613;14;2,9;2;1;1
252856986613;252856986648;35;2,9;2;1;1
252856986648;252856986659;11;2,9;2;1;1
252856986659;252856986660;1;2,9;2;1;1
252856986660;252856986671;11;2,9;2;1;1
252856986671;252856986680;9;2,9;2;1;1
252856986680;252856986684;4;2,9;2;1;1
252856986684;252856986706;22;2,9;2;1;1
252856986706;252856986708;2;2,9;2;1;1
252856986708;252856986710;2;2,9;2;1;1
252856986710;252856986730;20;2,9;2;1;1
252856986730;252856986751;21;2,9;2;1;1
252856986751;252856986754;3;2,9;2;1;1
252856986754;252856986792;38;2,9;2;1;1
252856986792;252856986807;15;2,9;2;1;1
252856986807;252856986811;4;2,9;2;1;1
252856986811;252856986815;4;2,9;2;1;1
252856986815;252856986819;4;2,9;2;1;1
252856986819;252856986831;12;2,9;2;1;1
252856986831;252856986844;13;2,9;2;1;1
252856986844;252856986849;5;2,9;2;1;1
252856986849;252856986869;20;2,9;2;1;1
252856986869;252856986872;3;2,9;2;1;1
252856986872;252856986903;31;2,9;2;1;1
252856986903;252856986905;2;2,9;2;1;1
252856986905;252856986928;23;2,9;2;1;1
252856986928;252856986931;3;2,9;2;1;1
252856986931;252856986945;14;2,9;2;1;1
252856986945;252856986952;7;2,9;2;1;1
252856986952;252856986956;4;2,9;2;1;1
252856986956;252856986971;15;2,9;2;1;1
252856986971;252856986984;13;2,9;2;1;1
252856986984;252856986993;9;2,9;2;1;1
252856986993;252856987003;10;2,9;2;1;1
252856987003;252856987046;43;2,9;2;1;1
252856987046;252856987064;18;2,9;2;1;1
252856987064;252856987085;21;2,9;2;1;1
252856987085;252856987096;11;2,9;2;1;1
252856987096;252856987119;23;2,9;2;1;1
252856987119;252856987121;2;2,9;2;1;1
252856987121;252856987123;2;2,9;2;1;1
252856987123;252856987124;1;2,9;2;1;1
252856987124;252856987129;5;2,9;2;1;1
252856987129;252856987156;27;2,9;2;1;1
252856987156;252856987160;4;2,9;2;1;1
252856987160;252856987163;3;2,9;2;1;1
252856987163;252856987192;29;2,9;2;1;1
252856987192;252856987206;14;2,9;2;1;1
252856987206;252856987226;20;2,9;2;1;1
252856987226;252856987238;12;2,9;2;1;1
252856987238;252856987247;9;2,9;2;1;1
252856987247;252856987251;4;2,9;2;1;1
252856987251;252856987269;18;2,9;2;1;1
252856987269;252856987276;7;2,9;2;1;1
252856987276;252856987282;6;2,9;2;1;1
252856987282;252856987285;3;2,9;2;1;1
252856987285;252856987325;40;2,9;2;1;1
252856987325;252856987326;1;2,9;2;1;1
252856987326;252856987334;8;2,9;2;1;1
252856987334;252856987345;11;2,9;2;1;1
252856987345;252856987355;10;2,9;2;1;1
252856987355;252856987364;9;2,9;2;1;1
252856987364;252856987370;6;2,9;2;1;1
252856987370;252856987372;2;2,9;2;1;1
252856987372;252856987393;21;2,9;2;1;1
252856987393;252856987394;1;2,9;2;1;1
252856987394;252856987421;27;2,9;2;1;1
252856987421;252856987446;25;2,9;2;1;1
252856987446;252856987451;5;2,9;2;1;1
252856987451;252856987459;8;2,9;2;1;1
252856987459;252856987480;21;2,9;2;1;1
252856987480;252856987482;2;2,9;2;1;1
252856987482;252856987514;32;2,9;2;1;1
252856987514;252856987528;14;2,9;2;1;1
252856987528;252856987551;23;2,9;2;1;1
252856987551;252856987565;14;2,9;2;1;1
252856987565;252856987586;21;2,9;2;1;1
252856987586;252856987617;31;2,9;2;1;1
252856987617;252856987627;10;2,9;2;1;1
252856987627;252856987629;2;2,9;2;1;1
252856987629;252856987646;17;2,9;2;1;1
252856987646;252856987671;25;2,9;2;1;1
252856987671;252856987688;17;2,9;2;1;1
252856987688;252856987690;2;2,9;2;1;1
252856987690;252856987692;2;2,9;2;1;1
252856987692;252856987700;8;2,9;2;1;1
252856987700;252856987722;22;2,9;2;1;1
252856987722;252856987738;16;2,9;2;1;1
252856987738;252856987766;28;2,9;2;1;1
252856987766;252856987778;12;2,9;2;1;1
252856987778;252856987800;22;2,9;2;1;1
252856987800;252856987820;20;2,9;2;1;1
252856987820;252856987856;36;2,9;2;1;1
252856987856;252856987871;15;2,9;2;1;1
252856987871;252856987880;9;2,9;2;1;1
252856987880;252856987882;2;2,9;2;1;1
252856987882;252856987919;37;2,9;2;1;1
252856987919;252856987960;41;2,9;2;1;1
252856987960;252856987999;39;2,9;2;1;1
252856987999;252856988010;11;2,9;2;1;1
252856988010;252856988028;18;2,9;2;1;1
252856988028;252856988037;9;2,9;2;1;1
252856988037;252856988039;2;2,9;2;1;1
252856988039;252856988063;24;2,9;2;1;1
252856988063;252856988065;2;2,9;2;1;1
252856988065;252856988119;54;2,9;2;1;1
252856988119;252856988168;49;2,9;2;1;1
252856988168;252856988240;72;2,9;2;1;1
252856988240;252856988269;29;2,9;2;1;1
252856988269;252856988303;34;2,9;2;1;1
252856988303;252856988341;38;2,9;2;1;1
252856988341;252856988368;27;2,9;2;1;1
252856988368;252856988393;25;2,9;2;1;1
252856988393;252856988451;58;2,9;2;1;1
252856988451;252856988499;48;2,9;2;1;1
252856988499;252856988533;34;2,9;2;1;1
252856988533;252856988548;15;2,9;2;1;1
252856988548;252856988559;11;2,9;2;1;1
252856988559;252856988603;44;2,9;2;1;1
252856988603;252856988605;2;2,9;2;1;1
252856988605;252856988606;1;2,9;2;1;1
252856988606;252856988634;28;2,9;2;1;1
252856988634;252856988662;28;2,9;2;1;1
252856988662;252856988688;26;2,9;2;1;1
252856988688;252856988699;11;2,9;2;1;1
252856988699;252856988710;11;2,9;2;1;1
252856988710;252856988727;17;2,9;2;1;1
252856988727;252856988768;41;2,9;2;1;1
252856988768;252856988778;10;2,9;2;1;1
252856988778;252856988796;18;2,9;2;1;1
252856988796;252856988797;1;2,9;2;1;1
252856988797;252856988801;4;2,9;2;1;1
252856988801;252856988816;15;2,9;2;1;1
252856988816;252856988818;2;2,9;2;1;1
252856988818;252856988824;6;2,9;2;1;1
252856988824;252856988829;5;2,9;2;1;1
252856988829;252856988835;6;2,9;2;1;1
252856988835;252856988859;24;2,9;2;1;1
252856988859;252856988868;9;2,9;2;1;1
252856988868;252856988895;27;2,9;2;1;1
252856988895;252856988908;13;2,9;2;1;1
252856988908;252856988934;26;2,9;2;1;1
252856988934;252856988935;1;2,9;2;1;1
252856988935;252856988954;19;2,9;2;1;1
252856988954;252856988990;36;2,9;2;1;1
252856988990;252856989025;35;2,9;2;1;1
252856989025;252856989054;29;2,9;2;1;1
252856989054;252856989059;5;2,9;2;1;1
252856989059;252856989083;24;2,9;2;1;1
252856989083;252856989087;4;2,9;2;1;1
252856989087;252856989093;6;2,9;2;1;1
252856989093;252856989114;21;2,9;2;1;1
252856989114;252856989124;10;2,9;2;1;1
252856989124;252856989142;18;2,9;2;1;1
252856989142;252856989160;18;2,9;2;1;1
252856989160;252856989175;15;2,9;2;1;1
252856989175;252856989191;16;2,9;2;1;1
252856989191;252856989205;14;2,9;2;1;1
252856989205;252856989216;11;2,9;2;1;1
252856989216;252856989220;4;2,9;2;1;1
252856989220;252856989243;23;2,9;2;1;1
252856989243;252856989261;18;2,9;2;1;1
252856989261;252856989287;26;2,9;2;1;1
252856989287;252856989376;89;2,9;2;1;1
252856989376;252856989394;18;2,9;2;1;1
252856989394;252856989422;28;2,9;2;1;1
252856989422;252856989455;33;2,9;2;1;1
252856989455;252856989481;26;2,9;2;1;1
252856989481;252856989523;42;2,9;2;1;1
252856989523;252856989546;23;2,9;2;1;1
252856989546;252856989646;100;2,9;2;1;1
252856989646;252856989665;19;2,9;2;1;1
252856989665;252856989705;40;2,9;2;1;1
252856989705;252856989755;50;2,9;2;1;1
252856989755;252856989774;19;2,9;2;1;1
252856989774;252856989804;30;2,9;2;1;1
252856989804;252856989864;60;2,9;2;1;1
252856989864;252856989901;37;2,9;2;1;1
252856989901;252856989978;77;2,9;2;1;1
252856989978;252856990009;31;2,9;2;1;1
252856990009;252856990011;2;2,9;2;1;1
252856990011;252856990038;27;2,9;2;1;1
252856990038;252856990086;48;2,9;2;1;1
252856990086;252856990942;856;2,9;2;1;1
252856990942;252856990971;29;2,9;2;1;1
252856990971;252856991078;107;2,9;2;1;1
252856991078;252856991178;100;2,9;2;1;1
252856991178;252856991218;40;2,9;2;1;1
252856991218;252856991245;27;2,9;2;1;1
252856991245;252856991288;43;2,9;2;1;1
252856991288;252856991350;62;2,9;2;1;1
252856991350;252856991378;28;2,9;2;1;1
252856991378;252856991402;24;2,9;2;1;1
252856991402;252856991428;26;2,9;2;1;1
252856991428;252856991648;220;2,9;2;1;1
252856991648;252856991690;42;2,9;2;1;1
252856991690;252856991721;31;2,9;2;1;1
252856991721;252856991774;53;2,9;2;1;1
252856991774;252856991806;32;2,9;2;1;1
252856991806;252856991862;56;2,9;2;1;1
252856991862;252856991889;27;2,9;2;1;1
252856991889;252856991918;29;2,9;2;1;1
252856991918;252857000692;8774;2,9;2;1;1
252857000692;252857000732;40;2,9;2;1;1
252857000732;252857000780;48;2,9;2;1;1
252857000780;252857001057;277;2,9;2;1;1
252857001057;252857004387;3330;2,9;2;1;1
252857004387;252857004675;288;2,9;2;1;1
252857004675;252857005017;342;2,9;2;1;1
252857005017;252857005183;166;2,9;2;1;1
252857005183;252857005321;138;2,9;2;1;1
252857005321;252857005359;38;2,9;2;1;1
252857005359;252857005412;53;2,9;2;1;1
252857005412;252857005492;80;2,9;2;1;1
252857005492;252857005536;44;2,9;2;1;1
252857005536;252857005719;183;2,9;2;1;1
252857005719;252857005759;40;2,9;2;1;1
252857005759;252857005806;47;2,9;2;1;1
252857005806;252857005834;28;2,9;2;1;1
252857005834;252857005879;45;2,9;2;1;1
252857005879;252857005921;42;2,9;2;1;1
252857005921;252857005960;39;2,9;2;1;1
252857005960;252857005991;31;2,9;2;1;1
252857005991;252857006034;43;2,9;2;1;1
252857006034;252857006199;165;2,9;2;1;1
252857006199;252857006243;44;2,9;2;1;1
252857006243;252857006283;40;2,9;2;1;1
252857006283;252857006328;45;2,9;2;1;1
252857006328;252857006395;67;2,9;2;1;1
252857006395;252857006432;37;2,9;2;1;1
252857006432;252857006479;47;2,9;2;1;1
252857006479;252857007016;537;2,9;2;1;1
252857007016;252857007666;650;2,9;2;1;1
252857007666;252857007743;77;2,9;2;1;1
252857007743;252857007771;28;2,9;2;1;1
252857007771;252857008344;573;2,9;2;1;1
252857008344;252857008441;97;2,9;2;1;1
252857008441;252857008509;68;2,9;2;1;1
252857008509;252857008550;41;2,9;2;1;1
252857008550;252857008565;15;2,9;2;1;1
252857008565;252857008619;54;2,9;2;1;1
252857008619;252857008673;54;2,9;2;1;1
252857008673;252857008728;55;2,9;2;1;1
252857008728;252857008782;54;2,9;2;1;1
252857008782;252857008835;53;2,9;2;1;1
252857008835;252857008890;55;2,9;2;1;1
252857008890;252857008946;56;2,9;2;1;1
252857008946;252857009004;58;2,9;2;1;1
252857009004;252857009103;99;2,9;2;1;1
252857009103;252857009155;52;2,9;2;1;1
252857009155;252857009205;50;2,9;2;1;1
252857009205;252857044593;35388;2,9;2;1;1
252857044593;252857044916;323;2,9;2;1;1
252857044916;252857045060;144;2,9;2;1;1
252857045060;252857045167;107;2,9;2;1;1
252857045167;252857045256;89;2,9;2;1;1
252857045256;252857045352;96;2,9;2;1;1
252857045352;252857045405;53;2,9;2;1;1
252857045405;252857045622;217;2,9;2;1;1
252857045622;252857045765;143;2,9;2;1;1
252857045765;252857046004;239;2,9;2;1;1
252857046004;252857046238;234;2,9;2;1;1
252857046238;252857046296;58;2,9;2;1;1
252857046296;252857046437;141;2,9;2;1;1
252857046437;252857046778;341;2,9;2;1;1
252857046778;252857046959;181;2,9;2;1;1
252857046959;252857047312;353;2,9;2;1;1
252857047312;252857047500;188;2,9;2;1;1
252857047500;252857047537;37;2,9;2;1;1
252857047537;252857047587;50;2,9;2;1;1
252857047587;252857047642;55;2,9;2;1;1
252857047642;252857047679;37;2,9;2;1;1
252857047679;252857048101;422;2,9;2;1;1
252857048101;252857048230;129;2,9;2;1;1
252857048230;252857048281;51;2,9;2;1;1
252857048281;252857048349;68;2,9;2;1;1
252857048349;252857048379;30;2,9;2;1;1
252857048379;252857048415;36;2,9;2;1;1
252857048415;252857048563;148;2,9;2;1;1
252857048563;252857048689;126;2,9;2;1;1
252857048689;252857048723;34;2,9;2;1;1
252857048723;252857048903;180;2,9;2;1;1
252857048903;252857048991;88;2,9;2;1;1
252857048991;252857049097;106;2,9;2;1;1
252857049097;252857049189;92;2,9;2;1;1
252857049189;252857049225;36;2,9;2;1;1
252857049225;252857049340;115;2,9;2;1;1
252857049340;252857049452;112;2,9;2;1;1
252857049452;252857049740;288;2,9;2;1;1
252857049740;252857049834;94;2,9;2;1;1
252857049834;252857049870;36;2,9;2;1;1
252857049870;252857049933;63;2,9;2;1;1
252857049933;252857049967;34;2,9;2;1;1
252857049967;252857050210;243;2,9;2;1;1
252857050210;252857050307;97;2,9;2;1;1
252857050307;252857050950;643;2,9;2;1;1
252857050950;252857051142;192;2,9;2;1;1
252857051142;252857051338;196;2,9;2;1;1
252857051338;252857051606;268;2,9;2;1;1
252857051606;252857051795;189;2,9;2;1;1
252857051795;252857052063;268;2,9;2;1;1
252857052063;252857052157;94;2,9;2;1;1
252857052157;252857052254;97;2,9;2;1;1
252857052254;252857052311;57;2,9;2;1;1
252857052311;252857052346;35;2,9;2;1;1
252857052346;252857052411;65;2,9;2;1;1
252857052411;252857052482;71;2,9;2;1;1
252857052482;252857052539;57;2,9;2;1;1
252857052539;252857052626;87;2,9;2;1;1
252857052626;252857052664;38;2,9;2;1;1
252857052664;252857052765;101;2,9;2;1;1
252857052765;252857052839;74;2,9;2;1;1
252857052839;252857052877;38;2,9;2;1;1
252857052877;252857052939;62;2,9;2;1;1
252857052939;252857052976;37;2,9;2;1;1
252857052976;252857063308;10332;2,9;2;1;1
252857063308;252857063466;158;2,9;2;1;1
252857063466;252857063720;254;2,9;2;1;1
252857063720;252857063729;9;2,9;2;1;1
252857063729;252857063758;29;2,9;2;1;1
252857063758;252857064098;340;2,9;2;1;1
252857064098;252857064292;194;2,9;2;1;1
252857064292;252857064297;5;2,9;2;1;1
252857064297;252857064304;7;2,9;2;1;1
252857064304;252857064333;29;2,9;2;1;1
252857064333;252857064354;21;2,9;2;1;1
252857064354;252857064379;25;2,9;2;1;1
252857064379;252857064445;66;2,9;2;1;1
252857064445;252857064502;57;2,9;2;1;1
252857064502;252857064540;38;2,9;2;1;1
252857064540;252857064551;11;2,9;2;1;1
252857064551;252857064571;20;2,9;2;1;1
252857064571;252857064583;12;2,9;2;1;1
252857064583;252857064589;6;2,9;2;1;1
252857064589;252857064622;33;2,9;2;1;1
252857064622;252857064641;19;2,9;2;1;1
252857064641;252857064642;1;2,9;2;1;1
252857064642;252857064671;29;2,9;2;1;1
252857064671;252857064689;18;2,9;2;1;1
252857064689;252857064726;37;2,9;2;1;1
252857064726;252857064731;5;2,9;2;1;1
252857064731;252857064762;31;2,9;2;1;1
252857064762;252857064768;6;2,9;2;1;1
252857064768;252857064792;24;2,9;2;1;1
252857064792;252857064793;1;2,9;2;1;1
252857064793;252857064809;16;2,9;2;1;1
252857064809;252857064828;19;2,9;2;1;1
252857064828;252857064842;14;2,9;2;1;1
252857064842;252857064844;2;2,9;2;1;1
252857064844;252857064862;18;2,9;2;1;1
252857064862;252857064868;6;2,9;2;1;1
252857064868;252857064892;24;2,9;2;1;1
252857064892;252857064904;12;2,9;2;1;1
252857064904;252857064936;32;2,9;2;1;1
252857064936;252857064977;41;2,9;2;1;1
252857064977;252857064987;10;2,9;2;1;1
252857064987;252857065040;53;2,9;2;1;1
252857065040;252857065073;33;2,9;2;1;1
252857065073;252857065095;22;2,9;2;1;1
252857065095;252857065098;3;2,9;2;1;1
252857065098;252857065108;10;2,9;2;1;1
252857065108;252857065114;6;2,9;2;1;1
252857065114;252857065137;23;2,9;2;1;1
252857065137;252857065197;60;2,9;2;1;1
252857065197;252857065248;51;2,9;2;1;1
252857065248;252857065257;9;2,9;2;1;1
252857065257;252857065276;19;2,9;2;1;1
252857065276;252857065296;20;2,9;2;1;1
252857065296;252857065332;36;2,9;2;1;1
252857065332;252857065344;12;2,9;2;1;1
252857065344;252857065348;4;2,9;2;1;1
252857065348;252857065371;23;2,9;2;1;1
252857065371;252857065397;26;2,9;2;1;1
252857065397;252857065403;6;2,9;2;1;1
252857065403;252857065458;55;2,9;2;1;1
252857065458;252857065467;9;2,9;2;1;1
252857065467;252857065485;18;2,9;2;1;1
252857065485;252857065495;10;2,9;2;1;1
252857065495;252857065505;10;2,9;2;1;1
252857065505;252857065506;1;2,9;2;1;1
252857065506;252857065526;20;2,9;2;1;1
252857065526;252857065535;9;2,9;2;1;1
252857065535;252857065585;50;2,9;2;1;1
252857065585;252857065600;15;2,9;2;1;1
252857065600;252857065611;11;2,9;2;1;1
252857065611;252857065629;18;2,9;2;1;1
252857065629;252857065658;29;2,9;2;1;1
252857065658;252857065660;2;2,9;2;1;1
252857065660;252857065672;12;2,9;2;1;1
252857065672;252857065816;144;2,9;2;1;1
252857065816;252857065855;39;2,9;2;1;1
252857065855;252857065872;17;2,9;2;1;1
252857065872;252857065896;24;2,9;2;1;1
252857065896;252857065932;36;2,9;2;1;1
252857065932;252857065953;21;2,9;2;1;1
252857065953;252857065990;37;2,9;2;1;1
252857065990;252857066032;42;2,9;2;1;1
252857066032;252857066069;37;2,9;2;1;1
252857066069;252857066156;87;2,9;2;1;1
252857066156;252857066194;38;2,9;2;1;1
252857066194;252857066200;6;2,9;2;1;1
252857066200;252857066206;6;2,9;2;1;1
252857066206;252857066225;19;2,9;2;1;1
252857066225;252857066226;1;2,9;2;1;1
252857066226;252857066227;1;2,9;2;1;1
252857066227;252857066232;5;2,9;2;1;1
252857066232;252857066245;13;2,9;2;1;1
252857066245;252857066249;4;2,9;2;1;1
252857066249;252857066279;30;2,9;2;1;1
252857066279;252857066286;7;2,9;2;1;1
252857066286;252857066295;9;2,9;2;1;1
252857066295;252857066356;61;2,9;2;1;1
252857066356;252857066362;6;2,9;2;1;1
252857066362;252857066382;20;2,9;2;1;1
252857066382;252857066387;5;2,9;2;1;1
252857066387;252857066403;16;2,9;2;1;1
252857066403;252857066426;23;2,9;2;1;1
252857066426;252857066428;2;2,9;2;1;1
252857066428;252857066439;11;2,9;2;1;1
252857066439;252857066451;12;2,9;2;1;1
252857066451;252857066466;15;2,9;2;1;1
252857066466;252857066475;9;2,9;2;1;1
252857066475;252857066504;29;2,9;2;1;1
252857066504;252857066513;9;2,9;2;1;1
252857066513;252857066515;2;2,9;2;1;1
252857066515;252857066527;12;2,9;2;1;1
252857066527;252857066555;28;2,9;2;1;1
252857066555;252857066556;1;2,9;2;1;1
252857066556;252857066598;42;2,9;2;1;1
252857066598;252857066648;50;2,9;2;1;1
252857066648;252857066675;27;2,9;2;1;1
252857066675;252857066676;1;2,9;2;1;1
252857066676;252857066690;14;2,9;2;1;1
252857066690;252857066697;7;2,9;2;1;1
252857066697;252857066704;7;2,9;2;1;1
252857066704;252857066709;5;2,9;2;1;1
252857066709;252857066718;9;2,9;2;1;1
252857066718;252857066724;6;2,9;2;1;1
252857066724;252857066726;2;2,9;2;1;1
252857066726;252857066735;9;2,9;2;1;1
252857066735;252857066758;23;2,9;2;1;1
252857066758;252857066759;1;2,9;2;1;1
252857066759;252857066762;3;2,9;2;1;1
252857066762;252857066821;59;2,9;2;1;1
252857066821;252857066843;22;2,9;2;1;1
252857066843;252857066875;32;2,9;2;1;1
252857066875;252857066877;2;2,9;2;1;1
252857066877;252857066918;41;2,9;2;1;1
252857066918;252857066921;3;2,9;2;1;1
252857066921;252857066931;10;2,9;2;1;1
252857066931;252857066939;8;2,9;2;1;1
252857066939;252857066943;4;2,9;2;1;1
252857066943;252857066959;16;2,9;2;1;1
252857066959;252857066963;4;2,9;2;1;1
252857066963;252857066968;5;2,9;2;1;1
252857066968;252857066989;21;2,9;2;1;1
252857066989;252857066997;8;2,9;2;1;1
252857066997;252857067010;13;2,9;2;1;1
252857067010;252857067016;6;2,9;2;1;1
252857067016;252857067028;12;2,9;2;1;1
252857067028;252857067038;10;2,9;2;1;1
252857067038;252857067048;10;2,9;2;1;1
252857067048;252857067105;57;2,9;2;1;1
252857067105;252857067128;23;2,9;2;1;1
252857067128;252857067180;52;2,9;2;1;1
252857067180;252857067196;16;2,9;2;1;1
252857067196;252857067209;13;2,9;2;1;1
252857067209;252857067223;14;2,9;2;1;1
252857067223;252857067266;43;2,9;2;1;1
252857067266;252857067268;2;2,9;2;1;1
252857067268;252857067296;28;2,9;2;1;1
252857067296;252857067416;120;2,9;2;1;1
252857067416;252857067421;5;2,9;2;1;1
252857067421;252857067455;34;2,9;2;1;1
252857067455;252857067481;26;2,9;2;1;1
252857067481;252857067511;30;2,9;2;1;1
252857067511;252857067532;21;2,9;2;1;1
252857067532;252857067551;19;2,9;2;1;1
252857067551;252857067557;6;2,9;2;1;1
252857067557;252857067569;12;2,9;2;1;1
252857067569;252857067611;42;2,9;2;1;1
252857067611;252857067636;25;2,9;2;1;1
252857067636;252857067643;7;2,9;2;1;1
252857067643;252857067688;45;2,9;2;1;1
252857067688;252857067737;49;2,9;2;1;1
252857067737;252857067739;2;2,9;2;1;1
252857067739;252857067767;28;2,9;2;1;1
252857067767;252857067772;5;2,9;2;1;1
252857067772;252857067777;5;2,9;2;1;1
252857067777;252857067793;16;2,9;2;1;1
252857067793;252857067797;4;2,9;2;1;1
252857067797;252857067800;3;2,9;2;1;1
252857067800;252857067802;2;2,9;2;1;1
252857067802;252857067816;14;2,9;2;1;1
252857067816;252857067837;21;2,9;2;1;1
252857067837;252857067858;21;2,9;2;1;1
252857067858;252857067911;53;2,9;2;1;1
252857067911;252857067921;10;2,9;2;1;1
252857067921;252857067938;17;2,9;2;1;1
252857067938;252857067941;3;2,9;2;1;1
252857067941;252857067953;12;2,9;2;1;1
252857067953;252857067961;8;2,9;2;1;1
252857067961;252857067968;7;2,9;2;1;1
252857067968;252857067979;11;2,9;2;1;1
252857067979;252857068005;26;2,9;2;1;1
252857068005;252857068008;3;2,9;2;1;1
252857068008;252857068014;6;2,9;2;1;1
252857068014;252857068037;23;2,9;2;1;1
252857068037;252857068047;10;2,9;2;1;1
252857068047;252857068066;19;2,9;2;1;1
252857068066;252857068086;20;2,9;2;1;1
252857068086;252857068128;42;2,9;2;1;1
252857068128;252857068163;35;2,9;2;1;1
252857068163;252857068183;20;2,9;2;1;1
252857068183;252857068187;4;2,9;2;1;1
252857068187;252857068230;43;2,9;2;1;1
252857068230;252857068231;1;2,9;2;1;1
252857068231;252857068241;10;2,9;2;1;1
252857068241;252857068277;36;2,9;2;1;1
252857068277;252857068287;10;2,9;2;1;1
252857068287;252857068321;34;2,9;2;1;1
252857068321;252857068349;28;2,9;2;1;1
252857068349;252857068368;19;2,9;2;1;1
252857068368;252857068373;5;2,9;2;1;1
252857068373;252857068428;55;2,9;2;1;1
252857068428;252857068442;14;2,9;2;1;1
252857068442;252857068462;20;2,9;2;1;1
252857068462;252857068473;11;2,9;2;1;1
252857068473;252857068476;3;2,9;2;1;1
252857068476;252857068477;1;2,9;2;1;1
252857068477;252857068485;8;2,9;2;1;1
252857068485;252857068500;15;2,9;2;1;1
252857068500;252857068508;8;2,9;2;1;1
252857068508;252857068509;1;2,9;2;1;1
252857068509;252857068516;7;2,9;2;1;1
252857068516;252857068524;8;2,9;2;1;1
252857068524;252857068530;6;2,9;2;1;1
252857068530;252857068532;2;2,9;2;1;1
252857068532;252857068544;12;2,9;2;1;1
252857068544;252857068568;24;2,9;2;1;1
252857068568;252857068571;3;2,9;2;1;1
252857068571;252857068572;1;2,9;2;1;1
252857068572;252857068583;11;2,9;2;1;1
252857068583;252857068585;2;2,9;2;1;1
252857068585;252857068597;12;2,9;2;1;1
252857068597;252857068618;21;2,9;2;1;1
252857068618;252857068622;4;2,9;2;1;1
252857068622;252857068629;7;2,9;2;1;1
252857068629;252857068635;6;2,9;2;1;1
252857068635;252857068638;3;2,9;2;1;1
252857068638;252857068639;1;2,9;2;1;1
252857068639;252857068640;1;2,9;2;1;1
252857068640;252857068652;12;2,9;2;1;1
252857068652;252857068662;10;2,9;2;1;1
252857068662;252857068665;3;2,9;2;1;1
252857068665;252857068670;5;2,9;2;1;1
252857068670;252857068674;4;2,9;2;1;1
252857068674;252857068675;1;2,9;2;1;1
252857068675;252857068678;3;2,9;2;1;1
252857068678;252857068681;3;2,9;2;1;1
252857068681;252857068684;3;2,9;2;1;1
252857068684;252857068706;22;2,9;2;1;1
252857068706;252857068711;5;2,9;2;1;1
252857068711;252857068722;11;2,9;2;1;1
252857068722;252857068728;6;2,9;2;1;1
252857068728;252857068733;5;2,9;2;1;1
252857068733;252857068736;3;2,9;2;1;1
252857068736;252857068741;5;2,9;2;1;1
252857068741;252857068744;3;2,9;2;1;1
252857068744;252857068751;7;2,9;2;1;1
252857068751;252857068754;3;2,9;2;1;1
252857068754;252857068762;8;2,9;2;1;1
252857068762;252857068772;10;2,9;2;1;1
252857068772;252857068783;11;2,9;2;1;1
252857068783;252857068785;2;2,9;2;1;1
252857068785;252857068787;2;2,9;2;1;1
252857068787;252857068792;5;2,9;2;1;1
252857068792;252857068802;10;2,9;2;1;1
252857068802;252857068803;1;2,9;2;1;1
252857068803;252857068815;12;2,9;2;1;1
252857068815;252857068817;2;2,9;2;1;1
252857068817;252857068838;21;2,9;2;1;1
252857068838;252857068845;7;2,9;2;1;1
252857068845;252857068848;3;2,9;2;1;1
252857068848;252857068867;19;2,9;2;1;1
252857068867;252857068871;4;2,9;2;1;1
252857068871;252857068896;25;2,9;2;1;1
252857068896;252857068904;8;2,9;2;1;1
252857068904;252857068923;19;2,9;2;1;1
252857068923;252857068929;6;2,9;2;1;1
252857068929;252857068942;13;2,9;2;1;1
252857068942;252857068944;2;2,9;2;1;1
252857068944;252857068945;1;2,9;2;1;1
252857068945;252857068972;27;2,9;2;1;1
252857068972;252857068973;1;2,9;2;1;1
252857068973;252857068975;2;2,9;2;1;1
252857068975;252857068988;13;2,9;2;1;1
252857068988;252857068993;5;2,9;2;1;1
252857068993;252857068995;2;2,9;2;1;1
252857068995;252857068997;2;2,9;2;1;1
252857068997;252857069027;30;2,9;2;1;1
252857069027;252857069028;1;2,9;2;1;1
252857069028;252857069036;8;2,9;2;1;1
252857069036;252857069046;10;2,9;2;1;1
252857069046;252857069052;6;2,9;2;1;1
252857069052;252857069056;4;2,9;2;1;1
252857069056;252857069075;19;2,9;2;1;1
252857069075;252857069079;4;2,9;2;1;1
252857069079;252857069081;2;2,9;2;1;1
252857069081;252857069096;15;2,9;2;1;1
252857069096;252857069104;8;2,9;2;1;1
252857069104;252857069116;12;2,9;2;1;1
252857069116;252857069133;17;2,9;2;1;1
252857069133;252857069160;27;2,9;2;1;1
252857069160;252857069168;8;2,9;2;1;1
252857069168;252857069220;52;2,9;2;1;1
252857069220;252857069224;4;2,9;2;1;1
252857069224;252857069233;9;2,9;2;1;1
252857069233;252857069247;14;2,9;2;1;1
252857069247;252857069266;19;2,9;2;1;1
252857069266;252857069280;14;2,9;2;1;1
252857069280;252857069290;10;2,9;2;1;1
252857069290;252857069300;10;2,9;2;1;1
252857069300;252857069304;4;2,9;2;1;1
252857069304;252857069313;9;2,9;2;1;1
252857069313;252857069318;5;2,9;2;1;1
252857069318;252857069330;12;2,9;2;1;1
252857069330;252857069338;8;2,9;2;1;1
252857069338;252857069347;9;2,9;2;1;1
252857069347;252857069377;30;2,9;2;1;1
252857069377;252857069380;3;2,9;2;1;1
252857069380;252857069389;9;2,9;2;1;1
252857069389;252857069397;8;2,9;2;1;1
252857069397;252857069400;3;2,9;2;1;1
252857069400;252857069406;6;2,9;2;1;1
252857069406;252857069407;1;2,9;2;1;1
252857069407;252857069420;13;2,9;2;1;1
252857069420;252857069421;1;2,9;2;1;1
252857069421;252857069431;10;2,9;2;1;1
252857069431;252857069435;4;2,9;2;1;1
252857069435;252857069474;39;2,9;2;1;1
252857069474;252857069510;36;2,9;2;1;1
252857069510;252857069514;4;2,9;2;1;1
252857069514;252857069519;5;2,9;2;1;1
252857069519;252857069522;3;2,9;2;1;1
252857069522;252857069530;8;2,9;2;1;1
252857069530;252857069542;12;2,9;2;1;1
252857069542;252857069554;12;2,9;2;1;1
252857069554;252857069557;3;2,9;2;1;1
252857069557;252857069565;8;2,9;2;1;1
252857069565;252857069569;4;2,9;2;1;1
252857069569;252857069579;10;2,9;2;1;1
252857069579;252857069581;2;2,9;2;1;1
252857069581;252857069600;19;2,9;2;1;1
252857069600;252857069606;6;2,9;2;1;1
252857069606;252857069626;20;2,9;2;1;1
252857069626;252857069635;9;2,9;2;1;1
252857069635;252857069639;4;2,9;2;1;1
252857069639;252857069661;22;2,9;2;1;1
252857069661;252857069664;3;2,9;2;1;1
252857069664;252857069682;18;2,9;2;1;1
252857069682;252857069688;6;2,9;2;1;1
252857069688;252857069691;3;2,9;2;1;1
252857069691;252857069699;8;2,9;2;1;1
252857069699;252857069701;2;2,9;2;1;1
252857069701;252857069728;27;2,9;2;1;1
252857069728;252857069740;12;2,9;2;1;1
252857069740;252857069746;6;2,9;2;1;1
252857069746;252857069751;5;2,9;2;1;1
252857069751;252857069773;22;2,9;2;1;1
252857069773;252857069789;16;2,9;2;1;1
252857069789;252857069794;5;2,9;2;1;1
252857069794;252857069797;3;2,9;2;1;1
252857069797;252857069801;4;2,9;2;1;1
252857069801;252857069804;3;2,9;2;1;1
252857069804;252857069820;16;2,9;2;1;1
252857069820;252857069826;6;2,9;2;1;1
252857069826;252857069835;9;2,9;2;1;1
252857069835;252857069839;4;2,9;2;1;1
252857069839;252857069850;11;2,9;2;1;1
252857069850;252857069855;5;2,9;2;1;1
252857069855;252857069864;9;2,9;2;1;1
252857069864;252857069878;14;2,9;2;1;1
252857069878;252857069907;29;2,9;2;1;1
252857069907;252857069908;1;2,9;2;1;1
252857069908;252857069920;12;2,9;2;1;1
252857069920;252857069925;5;2,9;2;1;1
252857069925;252857069947;22;2,9;2;1;1
252857069947;252857069954;7;2,9;2;1;1
252857069954;252857069963;9;2,9;2;1;1
252857069963;252857069964;1;2,9;2;1;1
252857069964;252857069980;16;2,9;2;1;1
252857069980;252857069985;5;2,9;2;1;1
252857069985;252857069987;2;2,9;2;1;1
252857069987;252857069992;5;2,9;2;1;1
252857069992;252857070011;19;2,9;2;1;1
252857070011;252857070017;6;2,9;2;1;1
252857070017;252857070018;1;2,9;2;1;1
252857070018;252857070027;9;2,9;2;1;1
252857070027;252857070040;13;2,9;2;1;1
252857070040;252857070049;9;2,9;2;1;1
252857070049;252857070052;3;2,9;2;1;1
252857070052;252857070056;4;2,9;2;1;1
252857070056;252857070069;13;2,9;2;1;1
252857070069;252857070075;6;2,9;2;1;1
252857070075;252857070076;1;2,9;2;1;1
252857070076;252857070077;1;2,9;2;1;1
252857070077;252857070098;21;2,9;2;1;1
252857070098;252857070101;3;2,9;2;1;1
252857070101;252857070108;7;2,9;2;1;1
252857070108;252857070121;13;2,9;2;1;1
252857070121;252857070128;7;2,9;2;1;1
252857070128;252857070140;12;2,9;2;1;1
252857070140;252857070162;22;2,9;2;1;1
252857070162;252857070181;19;2,9;2;1;1
252857070181;252857070186;5;2,9;2;1;1
252857070186;252857070187;1;2,9;2;1;1
252857070187;252857070191;4;2,9;2;1;1
252857070191;252857070196;5;2,9;2;1;1
252857070196;252857070201;5;2,9;2;1;1
252857070201;252857070209;8;2,9;2;1;1
252857070209;252857070215;6;2,9;2;1;1
252857070215;252857070218;3;2,9;2;1;1
252857070218;252857070219;1;2,9;2;1;1
252857070219;252857070221;2;2,9;2;1;1
252857070221;252857070237;16;2,9;2;1;1
252857070237;252857070239;2;2,9;2;1;1
252857070239;252857070242;3;2,9;2;1;1
252857070242;252857070243;1;2,9;2;1;1
252857070243;252857070245;2;2,9;2;1;1
252857070245;252857070248;3;2,9;2;1;1
252857070248;252857070251;3;2,9;2;1;1
252857070251;252857070255;4;2,9;2;1;1
252857070255;252857070259;4;2,9;2;1;1
252857070259;252857070265;6;2,9;2;1;1
252857070265;252857070273;8;2,9;2;1;1
252857070273;252857070275;2;2,9;2;1;1
252857070275;252857070280;5;2,9;2;1;1
252857070280;252857070284;4;2,9;2;1;1
252857070284;252857070293;9;2,9;2;1;1
252857070293;252857070295;2;2,9;2;1;1
252857070295;252857070299;4;2,9;2;1;1
252857070299;252857070306;7;2,9;2;1;1
252857070306;252857070307;1;2,9;2;1;1
252857070307;252857070319;12;2,9;2;1;1
252857070319;252857070324;5;2,9;2;1;1
252857070324;252857070336;12;2,9;2;1;1
252857070336;252857070340;4;2,9;2;1;1
252857070340;252857070345;5;2,9;2;1;1
252857070345;252857070351;6;2,9;2;1;1
252857070351;252857070356;5;2,9;2;1;1
252857070356;252857070359;3;2,9;2;1;1
252857070359;252857070367;8;2,9;2;1;1
252857070367;252857070379;12;2,9;2;1;1
252857070379;252857070389;10;2,9;2;1;1
252857070389;252857070391;2;2,9;2;1;1
252857070391;252857070396;5;2,9;2;1;1
252857070396;252857070413;17;2,9;2;1;1
252857070413;252857070417;4;2,9;2;1;1
252857070417;252857070421;4;2,9;2;1;1
252857070421;252857070422;1;2,9;2;1;1
252857070422;252857070426;4;2,9;2;1;1
252857070426;252857070432;6;2,9;2;1;1
252857070432;252857070438;6;2,9;2;1;1
252857070438;252857070441;3;2,9;2;1;1
252857070441;252857070442;1;2,9;2;1;1
252857070442;252857070447;5;2,9;2;1;1
252857070447;252857070450;3;2,9;2;1;1
252857070450;252857070460;10;2,9;2;1;1
252857070460;252857070461;1;2,9;2;1;1
252857070461;252857070475;14;2,9;2;1;1
252857070475;252857070485;10;2,9;2;1;1
252857070485;252857070495;10;2,9;2;1;1
252857070495;252857070498;3;2,9;2;1;1
252857070498;252857070502;4;2,9;2;1;1
252857070502;252857070538;36;2,9;2;1;1
252857070538;252857070539;1;2,9;2;1;1
252857070539;252857070549;10;2,9;2;1;1
252857070549;252857070550;1;2,9;2;1;1
252857070550;252857070551;1;2,9;2;1;1
252857070551;252857070552;1;2,9;2;1;1
252857070552;252857070556;4;2,9;2;1;1
252857070556;252857070567;11;2,9;2;1;1
252857070567;252857070578;11;2,9;2;1;1
252857070578;252857070581;3;2,9;2;1;1
252857070581;252857070585;4;2,9;2;1;1
252857070585;252857070597;12;2,9;2;1;1
252857070597;252857070606;9;2,9;2;1;1
252857070606;252857070607;1;2,9;2;1;1
252857070607;252857070617;10;2,9;2;1;1
252857070617;252857070627;10;2,9;2;1;1
252857070627;252857070628;1;2,9;2;1;1
252857070628;252857070631;3;2,9;2;1;1
252857070631;252857070634;3;2,9;2;1;1
252857070634;252857070639;5;2,9;2;1;1
252857070639;252857070652;13;2,9;2;1;1
252857070652;252857070660;8;2,9;2;1;1
252857070660;252857070663;3;2,9;2;1;1
252857070663;252857070670;7;2,9;2;1;1
252857070670;252857070678;8;2,9;2;1;1
252857070678;252857070683;5;2,9;2;1;1
252857070683;252857070688;5;2,9;2;1;1
252857070688;252857070701;13;2,9;2;1;1
252857070701;252857070715;14;2,9;2;1;1
252857070715;252857070716;1;2,9;2;1;1
252857070716;252857070721;5;2,9;2;1;1
252857070721;252857070724;3;2,9;2;1;1
252857070724;252857070729;5;2,9;2;1;1
252857070729;252857070739;10;2,9;2;1;1
252857070739;252857070746;7;2,9;2;1;1
252857070746;252857070762;16;2,9;2;1;1
252857070762;252857070764;2;2,9;2;1;1
252857070764;252857070768;4;2,9;2;1;1
252857070768;252857070769;1;2,9;2;1;1
252857070769;252857070787;18;2,9;2;1;1
252857070787;252857070789;2;2,9;2;1;1
252857070789;252857070804;15;2,9;2;1;1
252857070804;252857070806;2;2,9;2;1;1
252857070806;252857070812;6;2,9;2;1;1
252857070812;252857070828;16;2,9;2;1;1
252857070828;252857070831;3;2,9;2;1;1
252857070831;252857070839;8;2,9;2;1;1
252857070839;252857070840;1;2,9;2;1;1
252857070840;252857070846;6;2,9;2;1;1
252857070846;252857070854;8;2,9;2;1;1
252857070854;252857070855;1;2,9;2;1;1
252857070855;252857070856;1;2,9;2;1;1
252857070856;252857070874;18;2,9;2;1;1
252857070874;252857070882;8;2,9;2;1;1
252857070882;252857070890;8;2,9;2;1;1
252857070890;252857070891;1;2,9;2;1;1
252857070891;252857070908;17;2,9;2;1;1
252857070908;252857070933;25;2,9;2;1;1
252857070933;252857070944;11;2,9;2;1;1
252857070944;252857070953;9;2,9;2;1;1
252857070953;252857070980;27;2,9;2;1;1
252857070980;252857070982;2;2,9;2;1;1
252857070982;252857070986;4;2,9;2;1;1
252857070986;252857071004;18;2,9;2;1;1
252857071004;252857071008;4;2,9;2;1;1
252857071008;252857071021;13;2,9;2;1;1
252857071021;252857071026;5;2,9;2;1;1
252857071026;252857071027;1;2,9;2;1;1
252857071027;252857071037;10;2,9;2;1;1
252857071037;252857071038;1;2,9;2;1;1
252857071038;252857071060;22;2,9;2;1;1
252857071060;252857071063;3;2,9;2;1;1
252857071063;252857071064;1;2,9;2;1;1
252857071064;252857071066;2;2,9;2;1;1
252857071066;252857071077;11;2,9;2;1;1
252857071077;252857071082;5;2,9;2;1;1
252857071082;252857071084;2;2,9;2;1;1
252857071084;252857071112;28;2,9;2;1;1
252857071112;252857071124;12;2,9;2;1;1
252857071124;252857071137;13;2,9;2;1;1
252857071137;252857071147;10;2,9;2;1;1
252857071147;252857071148;1;2,9;2;1;1
252857071148;252857071155;7;2,9;2;1;1
252857071155;252857071164;9;2,9;2;1;1
252857071164;252857071168;4;2,9;2;1;1
252857071168;252857071169;1;2,9;2;1;1
252857071169;252857071174;5;2,9;2;1;1
252857071174;252857071184;10;2,9;2;1;1
252857071184;252857071195;11;2,9;2;1;1
252857071195;252857071198;3;2,9;2;1;1
252857071198;252857071203;5;2,9;2;1;1
252857071203;252857071211;8;2,9;2;1;1
252857071211;252857071214;3;2,9;2;1;1
252857071214;252857071222;8;2,9;2;1;1
252857071222;252857071239;17;2,9;2;1;1
252857071239;252857071245;6;2,9;2;1;1
252857071245;252857071246;1;2,9;2;1;1
252857071246;252857071249;3;2,9;2;1;1
252857071249;252857071257;8;2,9;2;1;1
252857071257;252857071265;8;2,9;2;1;1
252857071265;252857071270;5;2,9;2;1;1
252857071270;252857071271;1;2,9;2;1;1
252857071271;252857071280;9;2,9;2;1;1
252857071280;252857071294;14;2,9;2;1;1
252857071294;252857071297;3;2,9;2;1;1
252857071297;252857071300;3;2,9;2;1;1
252857071300;252857071304;4;2,9;2;1;1
252857071304;252857071311;7;2,9;2;1;1
252857071311;252857071318;7;2,9;2;1;1
252857071318;252857071339;21;2,9;2;1;1
252857071339;252857071351;12;2,9;2;1;1
252857071351;252857071353;2;2,9;2;1;1
252857071353;252857071375;22;2,9;2;1;1
252857071375;252857071376;1;2,9;2;1;1
252857071376;252857071384;8;2,9;2;1;1
252857071384;252857071391;7;2,9;2;1;1
252857071391;252857071397;6;2,9;2;1;1
252857071397;252857071408;11;2,9;2;1;1
252857071408;252857071411;3;2,9;2;1;1
252857071411;252857071431;20;2,9;2;1;1
252857071431;252857071433;2;2,9;2;1;1
252857071433;252857071450;17;2,9;2;1;1
252857071450;252857071451;1;2,9;2;1;1
252857071451;252857071456;5;2,9;2;1;1
252857071456;252857071473;17;2,9;2;1;1
252857071473;252857071474;1;2,9;2;1;1
252857071474;252857071481;7;2,9;2;1;1
252857071481;252857071487;6;2,9;2;1;1
252857071487;252857071514;27;2,9;2;1;1
252857071514;252857071517;3;2,9;2;1;1
252857071517;252857071533;16;2,9;2;1;1
252857071533;252857071536;3;2,9;2;1;1
252857071536;252857071542;6;2,9;2;1;1
252857071542;252857071543;1;2,9;2;1;1
252857071543;252857071546;3;2,9;2;1;1
252857071546;252857071555;9;2,9;2;1;1
252857071555;252857071563;8;2,9;2;1;1
252857071563;252857071575;12;2,9;2;1;1
252857071575;252857071576;1;2,9;2;1;1
252857071576;252857071581;5;2,9;2;1;1
252857071581;252857071591;10;2,9;2;1;1
252857071591;252857071598;7;2,9;2;1;1
252857071598;252857071599;1;2,9;2;1;1
252857071599;252857071603;4;2,9;2;1;1
252857071603;252857071609;6;2,9;2;1;1
252857071609;252857071614;5;2,9;2;1;1
252857071614;252857071615;1;2,9;2;1;1
252857071615;252857071616;1;2,9;2;1;1
252857071616;252857071630;14;2,9;2;1;1
252857071630;252857071642;12;2,9;2;1;1
252857071642;252857071649;7;2,9;2;1;1
252857071649;252857071650;1;2,9;2;1;1
252857071650;252857071653;3;2,9;2;1;1
252857071653;252857071665;12;2,9;2;1;1
252857071665;252857071671;6;2,9;2;1;1
252857071671;252857071675;4;2,9;2;1;1
252857071675;252857071676;1;2,9;2;1;1
252857071676;252857071680;4;2,9;2;1;1
252857071680;252857071696;16;2,9;2;1;1
252857071696;252857071697;1;2,9;2;1;1
252857071697;252857071709;12;2,9;2;1;1
252857071709;252857071729;20;2,9;2;1;1
252857071729;252857071730;1;2,9;2;1;1
252857071730;252857071735;5;2,9;2;1;1
252857071735;252857071738;3;2,9;2;1;1
252857071738;252857071739;1;2,9;2;1;1
252857071739;252857071749;10;2,9;2;1;1
252857071749;252857071759;10;2,9;2;1;1
252857071759;252857071766;7;2,9;2;1;1
252857071766;252857071767;1;2,9;2;1;1
252857071767;252857071772;5;2,9;2;1;1
252857071772;252857071773;1;2,9;2;1;1
252857071773;252857071777;4;2,9;2;1;1
252857071777;252857071807;30;2,9;2;1;1
252857071807;252857071816;9;2,9;2;1;1
252857071816;252857071818;2;2,9;2;1;1
252857071818;252857071819;1;2,9;2;1;1
252857071819;252857071826;7;2,9;2;1;1
252857071826;252857071827;1;2,9;2;1;1
252857071827;252857071837;10;2,9;2;1;1
252857071837;252857071847;10;2,9;2;1;1
252857071847;252857071850;3;2,9;2;1;1
252857071850;252857071851;1;2,9;2;1;1
252857071851;252857071853;2;2,9;2;1;1
252857071853;252857071855;2;2,9;2;1;1
252857071855;252857071866;11;2,9;2;1;1
252857071866;252857071877;11;2,9;2;1;1
252857071877;252857071884;7;2,9;2;1;1
252857071884;252857071888;4;2,9;2;1;1
252857071888;252857071892;4;2,9;2;1;1
252857071892;252857071900;8;2,9;2;1;1
252857071900;252857071906;6;2,9;2;1;1
252857071906;252857071913;7;2,9;2;1;1
252857071913;252857071915;2;2,9;2;1;1
252857071915;252857071916;1;2,9;2;1;1
252857071916;252857071920;4;2,9;2;1;1
252857071920;252857071925;5;2,9;2;1;1
252857071925;252857071928;3;2,9;2;1;1
252857071928;252857071930;2;2,9;2;1;1
252857071930;252857071934;4;2,9;2;1;1
252857071934;252857071939;5;2,9;2;1;1
252857071939;252857071945;6;2,9;2;1;1
252857071945;252857071947;2;2,9;2;1;1
252857071947;252857071952;5;2,9;2;1;1
252857071952;252857071955;3;2,9;2;1;1
252857071955;252857071965;10;2,9;2;1;1
252857071965;252857071969;4;2,9;2;1;1
252857071969;252857071972;3;2,9;2;1;1
252857071972;252857071974;2;2,9;2;1;1
252857071974;252857071979;5;2,9;2;1;1
252857071979;252857071980;1;2,9;2;1;1
252857071980;252857071982;2;2,9;2;1;1
252857071982;252857071989;7;2,9;2;1;1
252857071989;252857072004;15;2,9;2;1;1
252857072004;252857072010;6;2,9;2;1;1
252857072010;252857072015;5;2,9;2;1;1
252857072015;252857072016;1;2,9;2;1;1
252857072016;252857072017;1;2,9;2;1;1
252857072017;252857072021;4;2,9;2;1;1
252857072021;252857072024;3;2,9;2;1;1
252857072024;252857072027;3;2,9;2;1;1
252857072027;252857072031;4;2,9;2;1;1
252857072031;252857072032;1;2,9;2;1;1
252857072032;252857072039;7;2,9;2;1;1
252857072039;252857072041;2;2,9;2;1;1
252857072041;252857072044;3;2,9;2;1;1
252857072044;252857072045;1;2,9;2;1;1
252857072045;252857072048;3;2,9;2;1;1
252857072048;252857072054;6;2,9;2;1;1
252857072054;252857072063;9;2,9;2;1;1
252857072063;252857072066;3;2,9;2;1;1
252857072066;252857072070;4;2,9;2;1;1
252857072070;252857072071;1;2,9;2;1;1
252857072071;252857072078;7;2,9;2;1;1
252857072078;252857072080;2;2,9;2;1;1
252857072080;252857072094;14;2,9;2;1;1
252857072094;252857072097;3;2,9;2;1;1
252857072097;252857072100;3;2,9;2;1;1
252857072100;252857072103;3;2,9;2;1;1
252857072103;252857072119;16;2,9;2;1;1
252857072119;252857072125;6;2,9;2;1;1
252857072125;252857072131;6;2,9;2;1;1
252857072131;252857072133;2;2,9;2;1;1
252857072133;252857072134;1;2,9;2;1;1
252857072134;252857072150;16;2,9;2;1;1
252857072150;252857072154;4;2,9;2;1;1
252857072154;252857072161;7;2,9;2;1;1
252857072161;252857072180;19;2,9;2;1;1
252857072180;252857072188;8;2,9;2;1;1
252857072188;252857072195;7;2,9;2;1;1
252857072195;252857072196;1;2,9;2;1;1
252857072196;252857072202;6;2,9;2;1;1
252857072202;252857072208;6;2,9;2;1;1
252857072208;252857072212;4;2,9;2;1;1
252857072212;252857072214;2;2,9;2;1;1
252857072214;252857072215;1;2,9;2;1;1
252857072215;252857072222;7;2,9;2;1;1
252857072222;252857072228;6;2,9;2;1;1
252857072228;252857072237;9;2,9;2;1;1
252857072237;252857072243;6;2,9;2;1;1
252857072243;252857072247;4;2,9;2;1;1
252857072247;252857072248;1;2,9;2;1;1
252857072248;252857072249;1;2,9;2;1;1
252857072249;252857072251;2;2,9;2;1;1
252857072251;252857072252;1;2,9;2;1;1
252857072252;252857072259;7;2,9;2;1;1
252857072259;252857072269;10;2,9;2;1;1
252857072269;252857072271;2;2,9;2;1;1
252857072271;252857072273;2;2,9;2;1;1
252857072273;252857072275;2;2,9;2;1;1
252857072275;252857072280;5;2,9;2;1;1
252857072280;252857072281;1;2,9;2;1;1
252857072281;252857072297;16;2,9;2;1;1
252857072297;252857072298;1;2,9;2;1;1
252857072298;252857072303;5;2,9;2;1;1
252857072303;252857072311;8;2,9;2;1;1
252857072311;252857072312;1;2,9;2;1;1
252857072312;252857072313;1;2,9;2;1;1
252857072313;252857072314;1;2,9;2;1;1
252857072314;252857072329;15;2,9;2;1;1
252857072329;252857072331;2;2,9;2;1;1
252857072331;252857072339;8;2,9;2;1;1
252857072339;252857072340;1;2,9;2;1;1
252857072340;252857072342;2;2,9;2;1;1
252857072342;252857072353;11;2,9;2;1;1
252857072353;252857072357;4;2,9;2;1;1
252857072357;252857072386;29;2,9;2;1;1
252857072386;252857072398;12;2,9;2;1;1
252857072398;252857072399;1;2,9;2;1;1
252857072399;252857072404;5;2,9;2;1;1
252857072404;252857072410;6;2,9;2;1;1
252857072410;252857072422;12;2,9;2;1;1
252857072422;252857072425;3;2,9;2;1;1
252857072425;252857072436;11;2,9;2;1;1
252857072436;252857072446;10;2,9;2;1;1
252857072446;252857072462;16;2,9;2;1;1
252857072462;252857072463;1;2,9;2;1;1
252857072463;252857072485;22;2,9;2;1;1
252857072485;252857072495;10;2,9;2;1;1
252857072495;252857072496;1;2,9;2;1;1
252857072496;252857072516;20;2,9;2;1;1
252857072516;252857072517;1;2,9;2;1;1
252857072517;252857072528;11;2,9;2;1;1
252857072528;252857072545;17;2,9;2;1;1
252857072545;252857072558;13;2,9;2;1;1
252857072558;252857072564;6;2,9;2;1;1
252857072564;252857072567;3;2,9;2;1;1
252857072567;252857072583;16;2,9;2;1;1
252857072583;252857072584;1;2,9;2;1;1
252857072584;252857072587;3;2,9;2;1;1
252857072587;252857072598;11;2,9;2;1;1
252857072598;252857072606;8;2,9;2;1;1
252857072606;252857072611;5;2,9;2;1;1
252857072611;252857072614;3;2,9;2;1;1
252857072614;252857072617;3;2,9;2;1;1
252857072617;252857072618;1;2,9;2;1;1
252857072618;252857072619;1;2,9;2;1;1
252857072619;252857072628;9;2,9;2;1;1
252857072628;252857072629;1;2,9;2;1;1
252857072629;252857072632;3;2,9;2;1;1
252857072632;252857072643;11;2,9;2;1;1
252857072643;252857072646;3;2,9;2;1;1
252857072646;252857072648;2;2,9;2;1;1
252857072648;252857072660;12;2,9;2;1;1
252857072660;252857072661;1;2,9;2;1;1
252857072661;252857072668;7;2,9;2;1;1
252857072668;252857072671;3;2,9;2;1;1
252857072671;252857072672;1;2,9;2;1;1
252857072672;252857072677;5;2,9;2;1;1
252857072677;252857072680;3;2,9;2;1;1
252857072680;252857072686;6;2,9;2;1;1
252857072686;252857072692;6;2,9;2;1;1
252857072692;252857072694;2;2,9;2;1;1
252857072694;252857072698;4;2,9;2;1;1
252857072698;252857072702;4;2,9;2;1;1
252857072702;252857072705;3;2,9;2;1;1
252857072705;252857072725;20;2,9;2;1;1
252857072725;252857072726;1;2,9;2;1;1
252857072726;252857072731;5;2,9;2;1;1
252857072731;252857072736;5;2,9;2;1;1
252857072736;252857072740;4;2,9;2;1;1
252857072740;252857072744;4;2,9;2;1;1
252857072744;252857072756;12;2,9;2;1;1
252857072756;252857072758;2;2,9;2;1;1
252857072758;252857072766;8;2,9;2;1;1
252857072766;252857072780;14;2,9;2;1;1
252857072780;252857072781;1;2,9;2;1;1
252857072781;252857072782;1;2,9;2;1;1
252857072782;252857072790;8;2,9;2;1;1
252857072790;252857072792;2;2,9;2;1;1
252857072792;252857072793;1;2,9;2;1;1
252857072793;252857072794;1;2,9;2;1;1
252857072794;252857072798;4;2,9;2;1;1
252857072798;252857072801;3;2,9;2;1;1
252857072801;252857072802;1;2,9;2;1;1
252857072802;252857072812;10;2,9;2;1;1
252857072812;252857072817;5;2,9;2;1;1
252857072817;252857072819;2;2,9;2;1;1
252857072819;252857072826;7;2,9;2;1;1
252857072826;252857072830;4;2,9;2;1;1
252857072830;252857072833;3;2,9;2;1;1
252857072833;252857072842;9;2,9;2;1;1
252857072842;252857072855;13;2,9;2;1;1
252857072855;252857072856;1;2,9;2;1;1
252857072856;252857072865;9;2,9;2;1;1
252857072865;252857072867;2;2,9;2;1;1
252857072867;252857072871;4;2,9;2;1;1
252857072871;252857072881;10;2,9;2;1;1
252857072881;252857072882;1;2,9;2;1;1
252857072882;252857072891;9;2,9;2;1;1
252857072891;252857072893;2;2,9;2;1;1
252857072893;252857072901;8;2,9;2;1;1
252857072901;252857072902;1;2,9;2;1;1
252857072902;252857072905;3;2,9;2;1;1
252857072905;252857072907;2;2,9;2;1;1
252857072907;252857072910;3;2,9;2;1;1
252857072910;252857072917;7;2,9;2;1;1
252857072917;252857072927;10;2,9;2;1;1
252857072927;252857072936;9;2,9;2;1;1
252857072936;252857072937;1;2,9;2;1;1
252857072937;252857072945;8;2,9;2;1;1
252857072945;252857072948;3;2,9;2;1;1
252857072948;252857072959;11;2,9;2;1;1
252857072959;252857072970;11;2,9;2;1;1
252857072970;252857072977;7;2,9;2;1;1
252857072977;252857072979;2;2,9;2;1;1
252857072979;252857072980;1;2,9;2;1;1
252857072980;252857072983;3;2,9;2;1;1
252857072983;252857072985;2;2,9;2;1;1
252857072985;252857072987;2;2,9;2;1;1
252857072987;252857072988;1;2,9;2;1;1
252857072988;252857073012;24;2,9;2;1;1
252857073012;252857073014;2;2,9;2;1;1
252857073014;252857073015;1;2,9;2;1;1
252857073015;252857073026;11;2,9;2;1;1
252857073026;252857073027;1;2,9;2;1;1
252857073027;252857073031;4;2,9;2;1;1
252857073031;252857073034;3;2,9;2;1;1
252857073034;252857073040;6;2,9;2;1;1
252857073040;252857073043;3;2,9;2;1;1
252857073043;252857073053;10;2,9;2;1;1
252857073053;252857073054;1;2,9;2;1;1
252857073054;252857073056;2;2,9;2;1;1
252857073056;252857073062;6;2,9;2;1;1
252857073062;252857073063;1;2,9;2;1;1
252857073063;252857073066;3;2,9;2;1;1
252857073066;252857073081;15;2,9;2;1;1
252857073081;252857073086;5;2,9;2;1;1
252857073086;252857073087;1;2,9;2;1;1
252857073087;252857073096;9;2,9;2;1;1
252857073096;252857073103;7;2,9;2;1;1
252857073103;252857073107;4;2,9;2;1;1
252857073107;252857073109;2;2,9;2;1;1
252857073109;252857073122;13;2,9;2;1;1
252857073122;252857073132;10;2,9;2;1;1
252857073132;252857073134;2;2,9;2;1;1
252857073134;252857073135;1;2,9;2;1;1
252857073135;252857073149;14;2,9;2;1;1
252857073149;252857073156;7;2,9;2;1;1
252857073156;252857073159;3;2,9;2;1;1
252857073159;252857073163;4;2,9;2;1;1
252857073163;252857073166;3;2,9;2;1;1
252857073166;252857073168;2;2,9;2;1;1
252857073168;252857073175;7;2,9;2;1;1
252857073175;252857073176;1;2,9;2;1;1
252857073176;252857073184;8;2,9;2;1;1
252857073184;252857073192;8;2,9;2;1;1
252857073192;252857073201;9;2,9;2;1;1
252857073201;252857073205;4;2,9;2;1;1
252857073205;252857073214;9;2,9;2;1;1
252857073214;252857073217;3;2,9;2;1;1
252857073217;252857073223;6;2,9;2;1;1
252857073223;252857073224;1;2,9;2;1;1
252857073224;252857073231;7;2,9;2;1;1
252857073231;252857073233;2;2,9;2;1;1
252857073233;252857073244;11;2,9;2;1;1
252857073244;252857073245;1;2,9;2;1;1
252857073245;252857073246;1;2,9;2;1;1
252857073246;252857073264;18;2,9;2;1;1
252857073264;252857073267;3;2,9;2;1;1
252857073267;252857073272;5;2,9;2;1;1
252857073272;252857073275;3;2,9;2;1;1
252857073275;252857073287;12;2,9;2;1;1
252857073287;252857073288;1;2,9;2;1;1
252857073288;252857073296;8;2,9;2;1;1
252857073296;252857073298;2;2,9;2;1;1
252857073298;252857073306;8;2,9;2;1;1
252857073306;252857073317;11;2,9;2;1;1
252857073317;252857073322;5;2,9;2;1;1
252857073322;252857073325;3;2,9;2;1;1
252857073325;252857073327;2;2,9;2;1;1
252857073327;252857073334;7;2,9;2;1;1
252857073334;252857073336;2;2,9;2;1;1
252857073336;252857073347;11;2,9;2;1;1
252857073347;252857073351;4;2,9;2;1;1
252857073351;252857073352;1;2,9;2;1;1
252857073352;252857073358;6;2,9;2;1;1
252857073358;252857073365;7;2,9;2;1;1
252857073365;252857073369;4;2,9;2;1;1
252857073369;252857073392;23;2,9;2;1;1
252857073392;252857073395;3;2,9;2;1;1
252857073395;252857073400;5;2,9;2;1;1
252857073400;252857073403;3;2,9;2;1;1
252857073403;252857073415;12;2,9;2;1;1
252857073415;252857073427;12;2,9;2;1;1
252857073427;252857073428;1;2,9;2;1;1
252857073428;252857073435;7;2,9;2;1;1
252857073435;252857073440;5;2,9;2;1;1
252857073440;252857073443;3;2,9;2;1;1
252857073443;252857073453;10;2,9;2;1;1
252857073453;252857073465;12;2,9;2;1;1
252857073465;252857073469;4;2,9;2;1;1
252857073469;252857073484;15;2,9;2;1;1
252857073484;252857073485;1;2,9;2;1;1
252857073485;252857073494;9;2,9;2;1;1
252857073494;252857073517;23;2,9;2;1;1
252857073517;252857073522;5;2,9;2;1;1
252857073522;252857073531;9;2,9;2;1;1
252857073531;252857073552;21;2,9;2;1;1
252857073552;252857073569;17;2,9;2;1;1
252857073569;252857073570;1;2,9;2;1;1
252857073570;252857073573;3;2,9;2;1;1
252857073573;252857073574;1;2,9;2;1;1
252857073574;252857073585;11;2,9;2;1;1
252857073585;252857073604;19;2,9;2;1;1
252857073604;252857073610;6;2,9;2;1;1
252857073610;252857073611;1;2,9;2;1;1
252857073611;252857073622;11;2,9;2;1;1
252857073622;252857073624;2;2,9;2;1;1
252857073624;252857073640;16;2,9;2;1;1
252857073640;252857073657;17;2,9;2;1;1
252857073657;252857073667;10;2,9;2;1;1
252857073667;252857073672;5;2,9;2;1;1
252857073672;252857073675;3;2,9;2;1;1
252857073675;252857073680;5;2,9;2;1;1
252857073680;252857073685;5;2,9;2;1;1
252857073685;252857073701;16;2,9;2;1;1
252857073701;252857073702;1;2,9;2;1;1
252857073702;252857073704;2;2,9;2;1;1
252857073704;252857073719;15;2,9;2;1;1
252857073719;252857073723;4;2,9;2;1;1
252857073723;252857073728;5;2,9;2;1;1
252857073728;252857073739;11;2,9;2;1;1
252857073739;252857073746;7;2,9;2;1;1
252857073746;252857073755;9;2,9;2;1;1
252857073755;252857073756;1;2,9;2;1;1
252857073756;252857073757;1;2,9;2;1;1
252857073757;252857073758;1;2,9;2;1;1
252857073758;252857073770;12;2,9;2;1;1
252857073770;252857073777;7;2,9;2;1;1
252857073777;252857073780;3;2,9;2;1;1
252857073780;252857073782;2;2,9;2;1;1
252857073782;252857073783;1;2,9;2;1;1
252857073783;252857073793;10;2,9;2;1;1
252857073793;252857073798;5;2,9;2;1;1
252857073798;252857073809;11;2,9;2;1;1
252857073809;252857073813;4;2,9;2;1;1
252857073813;252857073824;11;2,9;2;1;1
252857073824;252857073830;6;2,9;2;1;1
252857073830;252857073833;3;2,9;2;1;1
252857073833;252857073836;3;2,9;2;1;1
252857073836;252857073838;2;2,9;2;1;1
252857073838;252857073839;1;2,9;2;1;1
252857073839;252857073848;9;2,9;2;1;1
252857073848;252857073850;2;2,9;2;1;1
252857073850;252857073852;2;2,9;2;1;1
252857073852;252857073873;21;2,9;2;1;1
252857073873;252857073882;9;2,9;2;1;1
252857073882;252857073887;5;2,9;2;1;1
252857073887;252857073889;2;2,9;2;1;1
252857073889;252857073890;1;2,9;2;1;1
252857073890;252857073893;3;2,9;2;1;1
252857073893;252857073895;2;2,9;2;1;1
252857073895;252857073899;4;2,9;2;1;1
252857073899;252857073911;12;2,9;2;1;1
252857073911;252857073913;2;2,9;2;1;1
252857073913;252857073917;4;2,9;2;1;1
252857073917;252857073923;6;2,9;2;1;1
252857073923;252857073927;4;2,9;2;1;1
252857073927;252857073931;4;2,9;2;1;1
252857073931;252857073938;7;2,9;2;1;1
252857073938;252857073939;1;2,9;2;1;1
252857073939;252857073950;11;2,9;2;1;1
252857073950;252857073964;14;2,9;2;1;1
252857073964;252857073978;14;2,9;2;1;1
252857073978;252857073988;10;2,9;2;1;1
252857073988;252857073992;4;2,9;2;1;1
252857073992;252857073994;2;2,9;2;1;1
252857073994;252857074016;22;2,9;2;1;1
252857074016;252857074018;2;2,9;2;1;1
252857074018;252857074022;4;2,9;2;1;1
252857074022;252857074035;13;2,9;2;1;1
252857074035;252857074039;4;2,9;2;1;1
252857074039;252857074050;11;2,9;2;1;1
252857074050;252857074059;9;2,9;2;1;1
252857074059;252857074064;5;2,9;2;1;1
252857074064;252857074068;4;2,9;2;1;1
252857074068;252857074089;21;2,9;2;1;1
252857074089;252857074097;8;2,9;2;1;1
252857074097;252857074102;5;2,9;2;1;1
252857074102;252857074113;11;2,9;2;1;1
252857074113;252857074121;8;2,9;2;1;1
252857074121;252857074137;16;2,9;2;1;1
252857074137;252857074138;1;2,9;2;1;1
252857074138;252857074145;7;2,9;2;1;1
252857074145;252857074149;4;2,9;2;1;1
252857074149;252857074153;4;2,9;2;1;1
252857074153;252857074157;4;2,9;2;1;1
252857074157;252857074167;10;2,9;2;1;1
252857074167;252857074174;7;2,9;2;1;1
252857074174;252857074177;3;2,9;2;1;1
252857074177;252857074184;7;2,9;2;1;1
252857074184;252857074194;10;2,9;2;1;1
252857074194;252857074197;3;2,9;2;1;1
252857074197;252857074202;5;2,9;2;1;1
252857074202;252857074219;17;2,9;2;1;1
252857074219;252857074247;28;2,9;2;1;1
252857074247;252857074260;13;2,9;2;1;1
252857074260;252857074262;2;2,9;2;1;1
252857074262;252857074266;4;2,9;2;1;1
252857074266;252857074280;14;2,9;2;1;1
252857074280;252857074293;13;2,9;2;1;1
252857074293;252857074304;11;2,9;2;1;1
252857074304;252857074312;8;2,9;2;1;1
252857074312;252857074318;6;2,9;2;1;1
252857074318;252857074320;2;2,9;2;1;1
252857074320;252857074324;4;2,9;2;1;1
252857074324;252857074334;10;2,9;2;1;1
252857074334;252857074340;6;2,9;2;1;1
252857074340;252857074347;7;2,9;2;1;1
252857074347;252857074350;3;2,9;2;1;1
252857074350;252857074362;12;2,9;2;1;1
252857074362;252857074363;1;2,9;2;1;1
252857074363;252857074373;10;2,9;2;1;1
252857074373;252857074403;30;2,9;2;1;1
252857074403;252857074407;4;2,9;2;1;1
252857074407;252857074414;7;2,9;2;1;1
252857074414;252857074419;5;2,9;2;1;1
252857074419;252857074450;31;2,9;2;1;1
252857074450;252857074470;20;2,9;2;1;1
252857074470;252857074492;22;2,9;2;1;1
252857074492;252857074507;15;2,9;2;1;1
252857074507;252857074512;5;2,9;2;1;1
252857074512;252857074514;2;2,9;2;1;1
252857074514;252857074532;18;2,9;2;1;1
252857074532;252857074535;3;2,9;2;1;1
252857074535;252857074536;1;2,9;2;1;1
252857074536;252857074543;7;2,9;2;1;1
252857074543;252857074565;22;2,9;2;1;1
252857074565;252857074567;2;2,9;2;1;1
252857074567;252857074581;14;2,9;2;1;1
252857074581;252857074583;2;2,9;2;1;1
252857074583;252857074584;1;2,9;2;1;1
252857074584;252857074599;15;2,9;2;1;1
252857074599;252857074608;9;2,9;2;1;1
252857074608;252857074621;13;2,9;2;1;1
252857074621;252857074623;2;2,9;2;1;1
252857074623;252857074634;11;2,9;2;1;1
252857074634;252857074636;2;2,9;2;1;1
252857074636;252857074646;10;2,9;2;1;1
252857074646;252857074654;8;2,9;2;1;1
252857074654;252857074656;2;2,9;2;1;1
252857074656;252857074657;1;2,9;2;1;1
252857074657;252857074668;11;2,9;2;1;1
252857074668;252857074678;10;2,9;2;1;1
252857074678;252857074684;6;2,9;2;1;1
252857074684;252857074689;5;2,9;2;1;1
252857074689;252857074706;17;2,9;2;1;1
252857074706;252857074718;12;2,9;2;1;1
252857074718;252857074722;4;2,9;2;1;1
252857074722;252857074738;16;2,9;2;1;1
252857074738;252857074741;3;2,9;2;1;1
252857074741;252857074760;19;2,9;2;1;1
252857074760;252857074778;18;2,9;2;1;1
252857074778;252857074797;19;2,9;2;1;1
252857074797;252857074804;7;2,9;2;1;1
252857074804;252857074805;1;2,9;2;1;1
252857074805;252857074815;10;2,9;2;1;1
252857074815;252857074825;10;2,9;2;1;1
252857074825;252857074841;16;2,9;2;1;1
252857074841;252857074846;5;2,9;2;1;1
252857074846;252857074853;7;2,9;2;1;1
252857074853;252857074870;17;2,9;2;1;1
252857074870;252857074884;14;2,9;2;1;1
252857074884;252857074886;2;2,9;2;1;1
252857074886;252857074892;6;2,9;2;1;1
252857074892;252857074924;32;2,9;2;1;1
252857074924;252857074932;8;2,9;2;1;1
252857074932;252857074933;1;2,9;2;1;1
252857074933;252857074952;19;2,9;2;1;1
252857074952;252857074953;1;2,9;2;1;1
252857074953;252857074977;24;2,9;2;1;1
252857074977;252857074978;1;2,9;2;1;1
252857074978;252857074989;11;2,9;2;1;1
252857074989;252857075014;25;2,9;2;1;1
252857075014;252857075026;12;2,9;2;1;1
252857075026;252857075040;14;2,9;2;1;1
252857075040;252857075042;2;2,9;2;1;1
252857075042;252857075055;13;2,9;2;1;1
252857075055;252857075058;3;2,9;2;1;1
252857075058;252857075067;9;2,9;2;1;1
252857075067;252857075071;4;2,9;2;1;1
252857075071;252857075072;1;2,9;2;1;1
252857075072;252857075077;5;2,9;2;1;1
252857075077;252857075078;1;2,9;2;1;1
252857075078;252857075088;10;2,9;2;1;1
252857075088;252857075096;8;2,9;2;1;1
252857075096;252857075098;2;2,9;2;1;1
252857075098;252857075106;8;2,9;2;1;1
252857075106;252857075117;11;2,9;2;1;1
252857075117;252857075118;1;2,9;2;1;1
252857075118;252857075119;1;2,9;2;1;1
252857075119;252857075130;11;2,9;2;1;1
252857075130;252857075141;11;2,9;2;1;1
252857075141;252857075147;6;2,9;2;1;1
252857075147;252857075150;3;2,9;2;1;1
252857075150;252857075157;7;2,9;2;1;1
252857075157;252857075160;3;2,9;2;1;1
252857075160;252857075161;1;2,9;2;1;1
252857075161;252857075162;1;2,9;2;1;1
252857075162;252857075168;6;2,9;2;1;1
252857075168;252857075170;2;2,9;2;1;1
252857075170;252857075173;3;2,9;2;1;1
252857075173;252857075176;3;2,9;2;1;1
252857075176;252857075177;1;2,9;2;1;1
252857075177;252857075179;2;2,9;2;1;1
252857075179;252857075186;7;2,9;2;1;1
252857075186;252857075193;7;2,9;2;1;1
252857075193;252857075202;9;2,9;2;1;1
252857075202;252857075203;1;2,9;2;1;1
252857075203;252857075206;3;2,9;2;1;1
252857075206;252857075207;1;2,9;2;1;1
252857075207;252857075219;12;2,9;2;1;1
252857075219;252857075220;1;2,9;2;1;1
252857075220;252857075227;7;2,9;2;1;1
252857075227;252857075228;1;2,9;2;1;1
252857075228;252857075229;1;2,9;2;1;1
252857075229;252857075231;2;2,9;2;1;1
252857075231;252857075235;4;2,9;2;1;1
252857075235;252857075245;10;2,9;2;1;1
252857075245;252857075251;6;2,9;2;1;1
252857075251;252857075255;4;2,9;2;1;1
252857075255;252857075264;9;2,9;2;1;1
252857075264;252857075268;4;2,9;2;1;1
252857075268;252857075280;12;2,9;2;1;1
252857075280;252857075284;4;2,9;2;1;1
252857075284;252857075293;9;2,9;2;1;1
252857075293;252857075297;4;2,9;2;1;1
252857075297;252857075304;7;2,9;2;1;1
252857075304;252857075306;2;2,9;2;1;1
252857075306;252857075311;5;2,9;2;1;1
252857075311;252857075313;2;2,9;2;1;1
252857075313;252857075318;5;2,9;2;1;1
252857075318;252857075321;3;2,9;2;1;1
252857075321;252857075322;1;2,9;2;1;1
252857075322;252857075323;1;2,9;2;1;1
252857075323;252857075334;11;2,9;2;1;1
252857075334;252857075337;3;2,9;2;1;1
252857075337;252857075341;4;2,9;2;1;1
252857075341;252857075350;9;2,9;2;1;1
252857075350;252857075352;2;2,9;2;1;1
252857075352;252857075356;4;2,9;2;1;1
252857075356;252857075357;1;2,9;2;1;1
252857075357;252857075359;2;2,9;2;1;1
252857075359;252857075368;9;2,9;2;1;1
252857075368;252857075377;9;2,9;2;1;1
252857075377;252857075384;7;2,9;2;1;1
252857075384;252857075392;8;2,9;2;1;1
252857075392;252857075397;5;2,9;2;1;1
252857075397;252857075400;3;2,9;2;1;1
252857075400;252857075402;2;2,9;2;1;1
252857075402;252857075404;2;2,9;2;1;1
252857075404;252857075412;8;2,9;2;1;1
252857075412;252857075422;10;2,9;2;1;1
252857075422;252857075426;4;2,9;2;1;1
252857075426;252857075429;3;2,9;2;1;1
252857075429;252857075434;5;2,9;2;1;1
252857075434;252857075437;3;2,9;2;1;1
252857075437;252857075446;9;2,9;2;1;1
252857075446;252857075458;12;2,9;2;1;1
252857075458;252857075465;7;2,9;2;1;1
252857075465;252857075466;1;2,9;2;1;1
252857075466;252857075482;16;2,9;2;1;1
252857075482;252857075485;3;2,9;2;1;1
252857075485;252857075498;13;2,9;2;1;1
252857075498;252857075506;8;2,9;2;1;1
252857075506;252857075509;3;2,9;2;1;1
252857075509;252857075534;25;2,9;2;1;1
252857075534;252857075538;4;2,9;2;1;1
252857075538;252857075547;9;2,9;2;1;1
252857075547;252857075564;17;2,9;2;1;1
252857075564;252857075566;2;2,9;2;1;1
252857075566;252857075572;6;2,9;2;1;1
252857075572;252857075573;1;2,9;2;1;1
252857075573;252857075580;7;2,9;2;1;1
252857075580;252857075581;1;2,9;2;1;1
252857075581;252857075594;13;2,9;2;1;1
252857075594;252857075600;6;2,9;2;1;1
252857075600;252857075615;15;2,9;2;1;1
252857075615;252857075616;1;2,9;2;1;1
252857075616;252857075621;5;2,9;2;1;1
252857075621;252857075622;1;2,9;2;1;1
252857075622;252857075636;14;2,9;2;1;1
252857075636;252857075643;7;2,9;2;1;1
252857075643;252857075644;1;2,9;2;1;1
252857075644;252857075650;6;2,9;2;1;1
252857075650;252857075671;21;2,9;2;1;1
252857075671;252857075672;1;2,9;2;1;1
252857075672;252857075674;2;2,9;2;1;1
252857075674;252857075684;10;2,9;2;1;1
252857075684;252857075693;9;2,9;2;1;1
252857075693;252857075697;4;2,9;2;1;1
252857075697;252857075705;8;2,9;2;1;1
252857075705;252857075710;5;2,9;2;1;1
252857075710;252857075722;12;2,9;2;1;1
252857075722;252857075724;2;2,9;2;1;1
252857075724;252857075726;2;2,9;2;1;1
252857075726;252857075730;4;2,9;2;1;1
252857075730;252857075742;12;2,9;2;1;1
252857075742;252857075749;7;2,9;2;1;1
252857075749;252857075761;12;2,9;2;1;1
252857075761;252857075763;2;2,9;2;1;1
252857075763;252857075767;4;2,9;2;1;1
252857075767;252857075776;9;2,9;2;1;1
252857075776;252857075784;8;2,9;2;1;1
252857075784;252857075792;8;2,9;2;1;1
252857075792;252857075797;5;2,9;2;1;1
252857075797;252857075804;7;2,9;2;1;1
252857075804;252857075809;5;2,9;2;1;1
252857075809;252857075815;6;2,9;2;1;1
252857075815;252857075817;2;2,9;2;1;1
252857075817;252857075829;12;2,9;2;1;1
252857075829;252857075831;2;2,9;2;1;1
252857075831;252857075837;6;2,9;2;1;1
252857075837;252857075847;10;2,9;2;1;1
252857075847;252857075849;2;2,9;2;1;1
252857075849;252857075872;23;2,9;2;1;1
252857075872;252857075875;3;2,9;2;1;1
252857075875;252857075882;7;2,9;2;1;1
252857075882;252857075889;7;2,9;2;1;1
252857075889;252857075907;18;2,9;2;1;1
252857075907;252857075910;3;2,9;2;1;1
252857075910;252857075912;2;2,9;2;1;1
252857075912;252857075930;18;2,9;2;1;1
252857075930;252857075951;21;2,9;2;1;1
252857075951;252857075952;1;2,9;2;1;1
252857075952;252857075957;5;2,9;2;1;1
252857075957;252857075958;1;2,9;2;1;1
252857075958;252857075965;7;2,9;2;1;1
252857075965;252857075979;14;2,9;2;1;1
252857075979;252857075982;3;2,9;2;1;1
252857075982;252857075983;1;2,9;2;1;1
252857075983;252857075993;10;2,9;2;1;1
252857075993;252857075998;5;2,9;2;1;1
252857075998;252857075999;1;2,9;2;1;1
252857075999;252857076007;8;2,9;2;1;1
252857076007;252857076023;16;2,9;2;1;1
252857076023;252857076025;2;2,9;2;1;1
252857076025;252857076026;1;2,9;2;1;1
252857076026;252857076028;2;2,9;2;1;1
252857076028;252857076038;10;2,9;2;1;1
252857076038;252857076053;15;2,9;2;1;1
252857076053;252857076056;3;2,9;2;1;1
252857076056;252857076064;8;2,9;2;1;1
252857076064;252857076068;4;2,9;2;1;1
252857076068;252857076083;15;2,9;2;1;1
252857076083;252857076097;14;2,9;2;1;1
252857076097;252857076108;11;2,9;2;1;1
252857076108;252857076109;1;2,9;2;1;1
252857076109;252857076113;4;2,9;2;1;1
252857076113;252857076119;6;2,9;2;1;1
252857076119;252857076140;21;2,9;2;1;1
252857076140;252857076163;23;2,9;2;1;1
252857076163;252857076167;4;2,9;2;1;1
252857076167;252857076169;2;2,9;2;1;1
252857076169;252857076184;15;2,9;2;1;1
252857076184;252857076192;8;2,9;2;1;1
252857076192;252857076199;7;2,9;2;1;1
252857076199;252857076219;20;2,9;2;1;1
252857076219;252857076220;1;2,9;2;1;1
252857076220;252857076221;1;2,9;2;1;1
252857076221;252857076223;2;2,9;2;1;1
252857076223;252857076246;23;2,9;2;1;1
252857076246;252857076251;5;2,9;2;1;1
252857076251;252857076261;10;2,9;2;1;1
252857076261;252857076266;5;2,9;2;1;1
252857076266;252857076274;8;2,9;2;1;1
252857076274;252857076279;5;2,9;2;1;1
252857076279;252857076299;20;2,9;2;1;1
252857076299;252857076315;16;2,9;2;1;1
252857076315;252857076319;4;2,9;2;1;1
252857076319;252857076357;38;2,9;2;1;1
252857076357;252857076373;16;2,9;2;1;1
252857076373;252857076380;7;2,9;2;1;1
252857076380;252857076382;2;2,9;2;1;1
252857076382;252857076385;3;2,9;2;1;1
252857076385;252857076404;19;2,9;2;1;1
252857076404;252857076408;4;2,9;2;1;1
252857076408;252857076409;1;2,9;2;1;1
252857076409;252857076432;23;2,9;2;1;1
252857076432;252857076455;23;2,9;2;1;1
252857076455;252857076473;18;2,9;2;1;1
252857076473;252857076475;2;2,9;2;1;1
252857076475;252857076484;9;2,9;2;1;1
252857076484;252857076488;4;2,9;2;1;1
252857076488;252857076493;5;2,9;2;1;1
252857076493;252857076526;33;2,9;2;1;1
252857076526;252857076530;4;2,9;2;1;1
252857076530;252857076531;1;2,9;2;1;1
252857076531;252857076572;41;2,9;2;1;1
252857076572;252857076578;6;2,9;2;1;1
252857076578;252857076606;28;2,9;2;1;1
252857076606;252857076616;10;2,9;2;1;1
252857076616;252857076644;28;2,9;2;1;1
252857076644;252857076648;4;2,9;2;1;1
252857076648;252857076665;17;2,9;2;1;1
252857076665;252857076673;8;2,9;2;1;1
252857076673;252857076684;11;2,9;2;1;1
252857076684;252857076691;7;2,9;2;1;1
252857076691;252857076693;2;2,9;2;1;1
252857076693;252857076704;11;2,9;2;1;1
252857076704;252857076711;7;2,9;2;1;1
252857076711;252857076713;2;2,9;2;1;1
252857076713;252857076714;1;2,9;2;1;1
252857076714;252857076725;11;2,9;2;1;1
252857076725;252857076752;27;2,9;2;1;1
252857076752;252857076754;2;2,9;2;1;1
252857076754;252857076760;6;2,9;2;1;1
252857076760;252857076773;13;2,9;2;1;1
252857076773;252857076780;7;2,9;2;1;1
252857076780;252857076801;21;2,9;2;1;1
252857076801;252857076803;2;2,9;2;1;1
252857076803;252857076806;3;2,9;2;1;1
252857076806;252857076820;14;2,9;2;1;1
252857076820;252857076835;15;2,9;2;1;1
252857076835;252857076846;11;2,9;2;1;1
252857076846;252857076852;6;2,9;2;1;1
252857076852;252857076869;17;2,9;2;1;1
252857076869;252857076871;2;2,9;2;1;1
252857076871;252857076876;5;2,9;2;1;1
252857076876;252857076882;6;2,9;2;1;1
252857076882;252857076892;10;2,9;2;1;1
252857076892;252857076896;4;2,9;2;1;1
252857076896;252857076915;19;2,9;2;1;1
252857076915;252857076955;40;2,9;2;1;1
252857076955;252857076981;26;2,9;2;1;1
252857076981;252857077010;29;2,9;2;1;1
252857077010;252857077040;30;2,9;2;1;1
252857077040;252857077089;49;2,9;2;1;1
252857077089;252857077100;11;2,9;2;1;1
252857077100;252857077111;11;2,9;2;1;1
252857077111;252857077142;31;2,9;2;1;1
252857077142;252857077158;16;2,9;2;1;1
252857077158;252857077177;19;2,9;2;1;1
252857077177;252857077187;10;2,9;2;1;1
252857077187;252857077215;28;2,9;2;1;1
252857077215;252857077216;1;2,9;2;1;1
252857077216;252857077218;2;2,9;2;1;1
252857077218;252857077231;13;2,9;2;1;1
252857077231;252857077236;5;2,9;2;1;1
252857077236;252857077251;15;2,9;2;1;1
252857077251;252857077261;10;2,9;2;1;1
252857077261;252857077264;3;2,9;2;1;1
252857077264;252857077280;16;2,9;2;1;1
252857077280;252857077305;25;2,9;2;1;1
252857077305;252857077309;4;2,9;2;1;1
252857077309;252857077330;21;2,9;2;1;1
252857077330;252857077343;13;2,9;2;1;1
252857077343;252857077360;17;2,9;2;1;1
252857077360;252857077371;11;2,9;2;1;1
252857077371;252857077383;12;2,9;2;1;1
252857077383;252857077394;11;2,9;2;1;1
252857077394;252857077396;2;2,9;2;1;1
252857077396;252857077403;7;2,9;2;1;1
252857077403;252857077424;21;2,9;2;1;1
252857077424;252857077425;1;2,9;2;1;1
252857077425;252857077426;1;2,9;2;1;1
252857077426;252857077445;19;2,9;2;1;1
252857077445;252857077458;13;2,9;2;1;1
252857077458;252857077474;16;2,9;2;1;1
252857077474;252857077477;3;2,9;2;1;1
252857077477;252857077498;21;2,9;2;1;1
252857077498;252857077517;19;2,9;2;1;1
252857077517;252857077547;30;2,9;2;1;1
252857077547;252857077574;27;2,9;2;1;1
252857077574;252857077595;21;2,9;2;1;1
252857077595;252857077622;27;2,9;2;1;1
252857077622;252857077667;45;2,9;2;1;1
252857077667;252857077698;31;2,9;2;1;1
252857077698;252857077713;15;2,9;2;1;1
252857077713;252857077718;5;2,9;2;1;1
252857077718;252857077736;18;2,9;2;1;1
252857077736;252857077749;13;2,9;2;1;1
252857077749;252857077768;19;2,9;2;1;1
252857077768;252857077781;13;2,9;2;1;1
252857077781;252857077790;9;2,9;2;1;1
252857077790;252857077810;20;2,9;2;1;1
252857077810;252857077818;8;2,9;2;1;1
252857077818;252857077843;25;2,9;2;1;1
252857077843;252857077846;3;2,9;2;1;1
252857077846;252857077864;18;2,9;2;1;1
252857077864;252857077879;15;2,9;2;1;1
252857077879;252857077882;3;2,9;2;1;1
252857077882;252857077917;35;2,9;2;1;1
252857077917;252857077937;20;2,9;2;1;1
252857077937;252857077938;1;2,9;2;1;1
252857077938;252857077956;18;2,9;2;1;1
252857077956;252857077957;1;2,9;2;1;1
252857077957;252857077980;23;2,9;2;1;1
252857077980;252857077986;6;2,9;2;1;1
252857077986;252857078007;21;2,9;2;1;1
252857078007;252857078010;3;2,9;2;1;1
252857078010;252857078026;16;2,9;2;1;1
252857078026;252857078032;6;2,9;2;1;1
252857078032;252857078050;18;2,9;2;1;1
252857078050;252857078052;2;2,9;2;1;1
252857078052;252857078069;17;2,9;2;1;1
252857078069;252857078090;21;2,9;2;1;1
252857078090;252857078116;26;2,9;2;1;1
252857078116;252857078136;20;2,9;2;1;1
252857078136;252857078153;17;2,9;2;1;1
252857078153;252857081228;3075;2,9;2;1;1
252857081228;252857081345;117;2,9;2;1;1
252857081345;252857081406;61;2,9;2;1;1
252857081406;252857081407;1;2,9;2;1;1
252857081407;252857081539;132;2,9;2;1;1
252857081539;252857081599;60;2,9;2;1;1
252857081599;252857081605;6;2,9;2;1;1
252857081605;252857081638;33;2,9;2;1;1
252857081638;252857081639;1;2,9;2;1;1
252857081639;252857081740;101;2,9;2;1;1
252857081740;252857081815;75;2,9;2;1;1
252857081815;252857081820;5;2,9;2;1;1
252857081820;252857081851;31;2,9;2;1;1
252857081851;252857081866;15;2,9;2;1;1
252857081866;252857081875;9;2,9;2;1;1
252857081875;252857081895;20;2,9;2;1;1
252857081895;252857081917;22;2,9;2;1;1
252857081917;252857081971;54;2,9;2;1;1
252857081971;252857081986;15;2,9;2;1;1
252857081986;252857082007;21;2,9;2;1;1
252857082007;252857082014;7;2,9;2;1;1
252857082014;252857082020;6;2,9;2;1;1
252857082020;252857082041;21;2,9;2;1;1
252857082041;252857082055;14;2,9;2;1;1
252857082055;252857082056;1;2,9;2;1;1
252857082056;252857082063;7;2,9;2;1;1
252857082063;252857082064;1;2,9;2;1;1
252857082064;252857082073;9;2,9;2;1;1
252857082073;252857082074;1;2,9;2;1;1
252857082074;252857082101;27;2,9;2;1;1
252857082101;252857082104;3;2,9;2;1;1
252857082104;252857082106;2;2,9;2;1;1
252857082106;252857082107;1;2,9;2;1;1
252857082107;252857082151;44;2,9;2;1;1
252857082151;252857082171;20;2,9;2;1;1
252857082171;252857082177;6;2,9;2;1;1
252857082177;252857082183;6;2,9;2;1;1
252857082183;252857082194;11;2,9;2;1;1
252857082194;252857082203;9;2,9;2;1;1
252857082203;252857082230;27;2,9;2;1;1
252857082230;252857082246;16;2,9;2;1;1
252857082246;252857082270;24;2,9;2;1;1
252857082270;252857082276;6;2,9;2;1;1
252857082276;252857082288;12;2,9;2;1;1
252857082288;252857082306;18;2,9;2;1;1
252857082306;252857082307;1;2,9;2;1;1
252857082307;252857082314;7;2,9;2;1;1
252857082314;252857082323;9;2,9;2;1;1
252857082323;252857082329;6;2,9;2;1;1
252857082329;252857082331;2;2,9;2;1;1
252857082331;252857082340;9;2,9;2;1;1
252857082340;252857082355;15;2,9;2;1;1
252857082355;252857082361;6;2,9;2;1;1
252857082361;252857082375;14;2,9;2;1;1
252857082375;252857082377;2;2,9;2;1;1
252857082377;252857082383;6;2,9;2;1;1
252857082383;252857082400;17;2,9;2;1;1
252857082400;252857082405;5;2,9;2;1;1
252857082405;252857082447;42;2,9;2;1;1
252857082447;252857082448;1;2,9;2;1;1
252857082448;252857082517;69;2,9;2;1;1
252857082517;252857082519;2;2,9;2;1;1
252857082519;252857082529;10;2,9;2;1;1
252857082529;252857082533;4;2,9;2;1;1
252857082533;252857082543;10;2,9;2;1;1
252857082543;252857082544;1;2,9;2;1;1
252857082544;252857082552;8;2,9;2;1;1
252857082552;252857082564;12;2,9;2;1;1
252857082564;252857082569;5;2,9;2;1;1
252857082569;252857082587;18;2,9;2;1;1
252857082587;252857082588;1;2,9;2;1;1
252857082588;252857082590;2;2,9;2;1;1
252857082590;252857082593;3;2,9;2;1;1
252857082593;252857082609;16;2,9;2;1;1
252857082609;252857082624;15;2,9;2;1;1
252857082624;252857082625;1;2,9;2;1;1
252857082625;252857082638;13;2,9;2;1;1
252857082638;252857082644;6;2,9;2;1;1
252857082644;252857082652;8;2,9;2;1;1
252857082652;252857082670;18;2,9;2;1;1
252857082670;252857082685;15;2,9;2;1;1
252857082685;252857082695;10;2,9;2;1;1
252857082695;252857082720;25;2,9;2;1;1
252857082720;252857082722;2;2,9;2;1;1
252857082722;252857082748;26;2,9;2;1;1
252857082748;252857082754;6;2,9;2;1;1
252857082754;252857082783;29;2,9;2;1;1
252857082783;252857082794;11;2,9;2;1;1
252857082794;252857082802;8;2,9;2;1;1
252857082802;252857082811;9;2,9;2;1;1
252857082811;252857082818;7;2,9;2;1;1
252857082818;252857082826;8;2,9;2;1;1
252857082826;252857082839;13;2,9;2;1;1
252857082839;252857082842;3;2,9;2;1;1
252857082842;252857082845;3;2,9;2;1;1
252857082845;252857082864;19;2,9;2;1;1
252857082864;252857082882;18;2,9;2;1;1
252857082882;252857082887;5;2,9;2;1;1
252857082887;252857082890;3;2,9;2;1;1
252857082890;252857082895;5;2,9;2;1;1
252857082895;252857082899;4;2,9;2;1;1
252857082899;252857082915;16;2,9;2;1;1
252857082915;252857082942;27;2,9;2;1;1
252857082942;252857082950;8;2,9;2;1;1
252857082950;252857082954;4;2,9;2;1;1
252857082954;252857082966;12;2,9;2;1;1
252857082966;252857082969;3;2,9;2;1;1
252857082969;252857082983;14;2,9;2;1;1
252857082983;252857082990;7;2,9;2;1;1
252857082990;252857082996;6;2,9;2;1;1
252857082996;252857083000;4;2,9;2;1;1
252857083000;252857083001;1;2,9;2;1;1
252857083001;252857083020;19;2,9;2;1;1
252857083020;252857083049;29;2,9;2;1;1
252857083049;252857083053;4;2,9;2;1;1
252857083053;252857083056;3;2,9;2;1;1
252857083056;252857083057;1;2,9;2;1;1
252857083057;252857083062;5;2,9;2;1;1
252857083062;252857083065;3;2,9;2;1;1
252857083065;252857083072;7;2,9;2;1;1
252857083072;252857083075;3;2,9;2;1;1
252857083075;252857083079;4;2,9;2;1;1
252857083079;252857083086;7;2,9;2;1;1
252857083086;252857083097;11;2,9;2;1;1
252857083097;252857083105;8;2,9;2;1;1
252857083105;252857083109;4;2,9;2;1;1
252857083109;252857083121;12;2,9;2;1;1
252857083121;252857083125;4;2,9;2;1;1
252857083125;252857083129;4;2,9;2;1;1
252857083129;252857083148;19;2,9;2;1;1
252857083148;252857083158;10;2,9;2;1;1
252857083158;252857083165;7;2,9;2;1;1
252857083165;252857083176;11;2,9;2;1;1
252857083176;252857083184;8;2,9;2;1;1
252857083184;252857083186;2;2,9;2;1;1
252857083186;252857083189;3;2,9;2;1;1
252857083189;252857083203;14;2,9;2;1;1
252857083203;252857083208;5;2,9;2;1;1
252857083208;252857083214;6;2,9;2;1;1
252857083214;252857083218;4;2,9;2;1;1
252857083218;252857083219;1;2,9;2;1;1
252857083219;252857083226;7;2,9;2;1;1
252857083226;252857083240;14;2,9;2;1;1
252857083240;252857083252;12;2,9;2;1;1
252857083252;252857083280;28;2,9;2;1;1
252857083280;252857083303;23;2,9;2;1;1
252857083303;252857083316;13;2,9;2;1;1
252857083316;252857083320;4;2,9;2;1;1
252857083320;252857083346;26;2,9;2;1;1
252857083346;252857083347;1;2,9;2;1;1
252857083347;252857083349;2;2,9;2;1;1
252857083349;252857083370;21;2,9;2;1;1
252857083370;252857083377;7;2,9;2;1;1
252857083377;252857083398;21;2,9;2;1;1
252857083398;252857083403;5;2,9;2;1;1
252857083403;252857083407;4;2,9;2;1;1
252857083407;252857083422;15;2,9;2;1;1
252857083422;252857083430;8;2,9;2;1;1
252857083430;252857083447;17;2,9;2;1;1
252857083447;252857083456;9;2,9;2;1;1
252857083456;252857083475;19;2,9;2;1;1
252857083475;252857083492;17;2,9;2;1;1
252857083492;252857083495;3;2,9;2;1;1
252857083495;252857083506;11;2,9;2;1;1
252857083506;252857083514;8;2,9;2;1;1
252857083514;252857083515;1;2,9;2;1;1
252857083515;252857083521;6;2,9;2;1;1
252857083521;252857083522;1;2,9;2;1;1
252857083522;252857083523;1;2,9;2;1;1
252857083523;252857083528;5;2,9;2;1;1
252857083528;252857083531;3;2,9;2;1;1
252857083531;252857083553;22;2,9;2;1;1
252857083553;252857083555;2;2,9;2;1;1
252857083555;252857083571;16;2,9;2;1;1
252857083571;252857083572;1;2,9;2;1;1
252857083572;252857083574;2;2,9;2;1;1
252857083574;252857083575;1;2,9;2;1;1
252857083575;252857083578;3;2,9;2;1;1
252857083578;252857083581;3;2,9;2;1;1
252857083581;252857083596;15;2,9;2;1;1
252857083596;252857083616;20;2,9;2;1;1
252857083616;252857083620;4;2,9;2;1;1
252857083620;252857083622;2;2,9;2;1;1
252857083622;252857083638;16;2,9;2;1;1
252857083638;252857083642;4;2,9;2;1;1
252857083642;252857083666;24;2,9;2;1;1
252857083666;252857083679;13;2,9;2;1;1
252857083679;252857083692;13;2,9;2;1;1
252857083692;252857083695;3;2,9;2;1;1
252857083695;252857083705;10;2,9;2;1;1
252857083705;252857083724;19;2,9;2;1;1
252857083724;252857083739;15;2,9;2;1;1
252857083739;252857083742;3;2,9;2;1;1
252857083742;252857083753;11;2,9;2;1;1
252857083753;252857083765;12;2,9;2;1;1
252857083765;252857083784;19;2,9;2;1;1
252857083784;252857083791;7;2,9;2;1;1
252857083791;252857083793;2;2,9;2;1;1
252857083793;252857083805;12;2,9;2;1;1
252857083805;252857083810;5;2,9;2;1;1
252857083810;252857083811;1;2,9;2;1;1
252857083811;252857083816;5;2,9;2;1;1
252857083816;252857083828;12;2,9;2;1;1
252857083828;252857083829;1;2,9;2;1;1
252857083829;252857083840;11;2,9;2;1;1
252857083840;252857083845;5;2,9;2;1;1
252857083845;252857083858;13;2,9;2;1;1
252857083858;252857083860;2;2,9;2;1;1
252857083860;252857083863;3;2,9;2;1;1
252857083863;252857083864;1;2,9;2;1;1
252857083864;252857083869;5;2,9;2;1;1
252857083869;252857083872;3;2,9;2;1;1
252857083872;252857083880;8;2,9;2;1;1
252857083880;252857083886;6;2,9;2;1;1
252857083886;252857083887;1;2,9;2;1;1
252857083887;252857083888;1;2,9;2;1;1
252857083888;252857083898;10;2,9;2;1;1
252857083898;252857083908;10;2,9;2;1;1
252857083908;252857083918;10;2,9;2;1;1
252857083918;252857083928;10;2,9;2;1;1
252857083928;252857083947;19;2,9;2;1;1
252857083947;252857083957;10;2,9;2;1;1
252857083957;252857083958;1;2,9;2;1;1
252857083958;252857083959;1;2,9;2;1;1
252857083959;252857083964;5;2,9;2;1;1
252857083964;252857083992;28;2,9;2;1;1
252857083992;252857083996;4;2,9;2;1;1
252857083996;252857084008;12;2,9;2;1;1
252857084008;252857084009;1;2,9;2;1;1
252857084009;252857084015;6;2,9;2;1;1
252857084015;252857084017;2;2,9;2;1;1
252857084017;252857084018;1;2,9;2;1;1
252857084018;252857084042;24;2,9;2;1;1
252857084042;252857084043;1;2,9;2;1;1
252857084043;252857084044;1;2,9;2;1;1
252857084044;252857084052;8;2,9;2;1;1
252857084052;252857084059;7;2,9;2;1;1
252857084059;252857084060;1;2,9;2;1;1
252857084060;252857084067;7;2,9;2;1;1
252857084067;252857084068;1;2,9;2;1;1
252857084068;252857084072;4;2,9;2;1;1
252857084072;252857084074;2;2,9;2;1;1
252857084074;252857084079;5;2,9;2;1;1
252857084079;252857084080;1;2,9;2;1;1
252857084080;252857084097;17;2,9;2;1;1
252857084097;252857084099;2;2,9;2;1;1
252857084099;252857084104;5;2,9;2;1;1
252857084104;252857084118;14;2,9;2;1;1
252857084118;252857084137;19;2,9;2;1;1
252857084137;252857084138;1;2,9;2;1;1
252857084138;252857084150;12;2,9;2;1;1
252857084150;252857084155;5;2,9;2;1;1
252857084155;252857084156;1;2,9;2;1;1
252857084156;252857084157;1;2,9;2;1;1
252857084157;252857084170;13;2,9;2;1;1
252857084170;252857084172;2;2,9;2;1;1
252857084172;252857084174;2;2,9;2;1;1
252857084174;252857084175;1;2,9;2;1;1
252857084175;252857084178;3;2,9;2;1;1
252857084178;252857084180;2;2,9;2;1;1
252857084180;252857084187;7;2,9;2;1;1
252857084187;252857084209;22;2,9;2;1;1
252857084209;252857084228;19;2,9;2;1;1
252857084228;252857084236;8;2,9;2;1;1
252857084236;252857084242;6;2,9;2;1;1
252857084242;252857084252;10;2,9;2;1;1
252857084252;252857084253;1;2,9;2;1;1
252857084253;252857084262;9;2,9;2;1;1
252857084262;252857084267;5;2,9;2;1;1
252857084267;252857084278;11;2,9;2;1;1
252857084278;252857084286;8;2,9;2;1;1
252857084286;252857084289;3;2,9;2;1;1
252857084289;252857084290;1;2,9;2;1;1
252857084290;252857084293;3;2,9;2;1;1
252857084293;252857084305;12;2,9;2;1;1
252857084305;252857084311;6;2,9;2;1;1
252857084311;252857084314;3;2,9;2;1;1
252857084314;252857084317;3;2,9;2;1;1
252857084317;252857084323;6;2,9;2;1;1
252857084323;252857084328;5;2,9;2;1;1
252857084328;252857084329;1;2,9;2;1;1
252857084329;252857084339;10;2,9;2;1;1
252857084339;252857084344;5;2,9;2;1;1
252857084344;252857084359;15;2,9;2;1;1
252857084359;252857084371;12;2,9;2;1;1
252857084371;252857084373;2;2,9;2;1;1
252857084373;252857084378;5;2,9;2;1;1
252857084378;252857084387;9;2,9;2;1;1
252857084387;252857084389;2;2,9;2;1;1
252857084389;252857084391;2;2,9;2;1;1
252857084391;252857084394;3;2,9;2;1;1
252857084394;252857084399;5;2,9;2;1;1
252857084399;252857084405;6;2,9;2;1;1
252857084405;252857084407;2;2,9;2;1;1
252857084407;252857084410;3;2,9;2;1;1
252857084410;252857084414;4;2,9;2;1;1
252857084414;252857084452;38;2,9;2;1;1
252857084452;252857084457;5;2,9;2;1;1
252857084457;252857084460;3;2,9;2;1;1
252857084460;252857084470;10;2,9;2;1;1
252857084470;252857084478;8;2,9;2;1;1
252857084478;252857084482;4;2,9;2;1;1
252857084482;252857084486;4;2,9;2;1;1
252857084486;252857084492;6;2,9;2;1;1
252857084492;252857084497;5;2,9;2;1;1
252857084497;252857084502;5;2,9;2;1;1
252857084502;252857084505;3;2,9;2;1;1
252857084505;252857084520;15;2,9;2;1;1
252857084520;252857084529;9;2,9;2;1;1
252857084529;252857084538;9;2,9;2;1;1
252857084538;252857084539;1;2,9;2;1;1
252857084539;252857084552;13;2,9;2;1;1
252857084552;252857084558;6;2,9;2;1;1
252857084558;252857084566;8;2,9;2;1;1
252857084566;252857084568;2;2,9;2;1;1
252857084568;252857084569;1;2,9;2;1;1
252857084569;252857084571;2;2,9;2;1;1
252857084571;252857084579;8;2,9;2;1;1
252857084579;252857084580;1;2,9;2;1;1
252857084580;252857084583;3;2,9;2;1;1
252857084583;252857084587;4;2,9;2;1;1
252857084587;252857084605;18;2,9;2;1;1
252857084605;252857084618;13;2,9;2;1;1
252857084618;252857084629;11;2,9;2;1;1
252857084629;252857084636;7;2,9;2;1;1
252857084636;252857084640;4;2,9;2;1;1
252857084640;252857084658;18;2,9;2;1;1
252857084658;252857084662;4;2,9;2;1;1
252857084662;252857084663;1;2,9;2;1;1
252857084663;252857084672;9;2,9;2;1;1
252857084672;252857084676;4;2,9;2;1;1
252857084676;252857084678;2;2,9;2;1;1
252857084678;252857084683;5;2,9;2;1;1
252857084683;252857084684;1;2,9;2;1;1
252857084684;252857084686;2;2,9;2;1;1
252857084686;252857084702;16;2,9;2;1;1
252857084702;252857084718;16;2,9;2;1;1
252857084718;252857084720;2;2,9;2;1;1
252857084720;252857084722;2;2,9;2;1;1
252857084722;252857084726;4;2,9;2;1;1
252857084726;252857084735;9;2,9;2;1;1
252857084735;252857084740;5;2,9;2;1;1
252857084740;252857084752;12;2,9;2;1;1
252857084752;252857084756;4;2,9;2;1;1
252857084756;252857084763;7;2,9;2;1;1
252857084763;252857084765;2;2,9;2;1;1
252857084765;252857084775;10;2,9;2;1;1
252857084775;252857084776;1;2,9;2;1;1
252857084776;252857084783;7;2,9;2;1;1
252857084783;252857084798;15;2,9;2;1;1
252857084798;252857084807;9;2,9;2;1;1
252857084807;252857084809;2;2,9;2;1;1
252857084809;252857084810;1;2,9;2;1;1
252857084810;252857084814;4;2,9;2;1;1
252857084814;252857084816;2;2,9;2;1;1
252857084816;252857084819;3;2,9;2;1;1
252857084819;252857084821;2;2,9;2;1;1
252857084821;252857084824;3;2,9;2;1;1
252857084824;252857084829;5;2,9;2;1;1
252857084829;252857084875;46;2,9;2;1;1
252857084875;252857084877;2;2,9;2;1;1
252857084877;252857084881;4;2,9;2;1;1
252857084881;252857084885;4;2,9;2;1;1
252857084885;252857084887;2;2,9;2;1;1
252857084887;252857084894;7;2,9;2;1;1
252857084894;252857084898;4;2,9;2;1;1
252857084898;252857084908;10;2,9;2;1;1
252857084908;252857084911;3;2,9;2;1;1
252857084911;252857084914;3;2,9;2;1;1
252857084914;252857084925;11;2,9;2;1;1
252857084925;252857084938;13;2,9;2;1;1
252857084938;252857084939;1;2,9;2;1;1
252857084939;252857084942;3;2,9;2;1;1
252857084942;252857084944;2;2,9;2;1;1
252857084944;252857084947;3;2,9;2;1;1
252857084947;252857084950;3;2,9;2;1;1
252857084950;252857084970;20;2,9;2;1;1
252857084970;252857084973;3;2,9;2;1;1
252857084973;252857084981;8;2,9;2;1;1
252857084981;252857084999;18;2,9;2;1;1
252857084999;252857085001;2;2,9;2;1;1
252857085001;252857085012;11;2,9;2;1;1
252857085012;252857085013;1;2,9;2;1;1
252857085013;252857085026;13;2,9;2;1;1
252857085026;252857085030;4;2,9;2;1;1
252857085030;252857085031;1;2,9;2;1;1
252857085031;252857085049;18;2,9;2;1;1
252857085049;252857085053;4;2,9;2;1;1
252857085053;252857085060;7;2,9;2;1;1
252857085060;252857085064;4;2,9;2;1;1
252857085064;252857085065;1;2,9;2;1;1
252857085065;252857085068;3;2,9;2;1;1
252857085068;252857085081;13;2,9;2;1;1
252857085081;252857085085;4;2,9;2;1;1
252857085085;252857085086;1;2,9;2;1;1
252857085086;252857085110;24;2,9;2;1;1
252857085110;252857085113;3;2,9;2;1;1
252857085113;252857085116;3;2,9;2;1;1
252857085116;252857085129;13;2,9;2;1;1
252857085129;252857085130;1;2,9;2;1;1
252857085130;252857085131;1;2,9;2;1;1
252857085131;252857085139;8;2,9;2;1;1
252857085139;252857085143;4;2,9;2;1;1
252857085143;252857085150;7;2,9;2;1;1
252857085150;252857085152;2;2,9;2;1;1
252857085152;252857085168;16;2,9;2;1;1
252857085168;252857085171;3;2,9;2;1;1
252857085171;252857085172;1;2,9;2;1;1
252857085172;252857085179;7;2,9;2;1;1
252857085179;252857085180;1;2,9;2;1;1
252857085180;252857085183;3;2,9;2;1;1
252857085183;252857085189;6;2,9;2;1;1
252857085189;252857085196;7;2,9;2;1;1
252857085196;252857085197;1;2,9;2;1;1
252857085197;252857085198;1;2,9;2;1;1
252857085198;252857085204;6;2,9;2;1;1
252857085204;252857085217;13;2,9;2;1;1
252857085217;252857085219;2;2,9;2;1;1
252857085219;252857085232;13;2,9;2;1;1
252857085232;252857085233;1;2,9;2;1;1
252857085233;252857085234;1;2,9;2;1;1
252857085234;252857085240;6;2,9;2;1;1
252857085240;252857085245;5;2,9;2;1;1
252857085245;252857085247;2;2,9;2;1;1
252857085247;252857085261;14;2,9;2;1;1
252857085261;252857085262;1;2,9;2;1;1
252857085262;252857085270;8;2,9;2;1;1
252857085270;252857085277;7;2,9;2;1;1
252857085277;252857085278;1;2,9;2;1;1
252857085278;252857085281;3;2,9;2;1;1
252857085281;252857085290;9;2,9;2;1;1
252857085290;252857085292;2;2,9;2;1;1
252857085292;252857085295;3;2,9;2;1;1
252857085295;252857085298;3;2,9;2;1;1
252857085298;252857085309;11;2,9;2;1;1
252857085309;252857085317;8;2,9;2;1;1
252857085317;252857085321;4;2,9;2;1;1
252857085321;252857085325;4;2,9;2;1;1
252857085325;252857085327;2;2,9;2;1;1
252857085327;252857085331;4;2,9;2;1;1
252857085331;252857085338;7;2,9;2;1;1
252857085338;252857085340;2;2,9;2;1;1
252857085340;252857085344;4;2,9;2;1;1
252857085344;252857085347;3;2,9;2;1;1
252857085347;252857085352;5;2,9;2;1;1
252857085352;252857085353;1;2,9;2;1;1
252857085353;252857085357;4;2,9;2;1;1
252857085357;252857085358;1;2,9;2;1;1
252857085358;252857085360;2;2,9;2;1;1
252857085360;252857085365;5;2,9;2;1;1
252857085365;252857085370;5;2,9;2;1;1
252857085370;252857085379;9;2,9;2;1;1
252857085379;252857085390;11;2,9;2;1;1
252857085390;252857085396;6;2,9;2;1;1
252857085396;252857085401;5;2,9;2;1;1
252857085401;252857085405;4;2,9;2;1;1
252857085405;252857085407;2;2,9;2;1;1
252857085407;252857085416;9;2,9;2;1;1
252857085416;252857085417;1;2,9;2;1;1
252857085417;252857085423;6;2,9;2;1;1
252857085423;252857085430;7;2,9;2;1;1
252857085430;252857085432;2;2,9;2;1;1
252857085432;252857085433;1;2,9;2;1;1
252857085433;252857085434;1;2,9;2;1;1
252857085434;252857085443;9;2,9;2;1;1
252857085443;252857085455;12;2,9;2;1;1
252857085455;252857085457;2;2,9;2;1;1
252857085457;252857085461;4;2,9;2;1;1
252857085461;252857085463;2;2,9;2;1;1
252857085463;252857085464;1;2,9;2;1;1
252857085464;252857085469;5;2,9;2;1;1
252857085469;252857085471;2;2,9;2;1;1
252857085471;252857085477;6;2,9;2;1;1
252857085477;252857085481;4;2,9;2;1;1
252857085481;252857085489;8;2,9;2;1;1
252857085489;252857085494;5;2,9;2;1;1
252857085494;252857085497;3;2,9;2;1;1
252857085497;252857085503;6;2,9;2;1;1
252857085503;252857085506;3;2,9;2;1;1
252857085506;252857085507;1;2,9;2;1;1
252857085507;252857085509;2;2,9;2;1;1
252857085509;252857085520;11;2,9;2;1;1
252857085520;252857085521;1;2,9;2;1;1
252857085521;252857085526;5;2,9;2;1;1
252857085526;252857085536;10;2,9;2;1;1
252857085536;252857085545;9;2,9;2;1;1
252857085545;252857085546;1;2,9;2;1;1
252857085546;252857085548;2;2,9;2;1;1
252857085548;252857085555;7;2,9;2;1;1
252857085555;252857085556;1;2,9;2;1;1
252857085556;252857085567;11;2,9;2;1;1
252857085567;252857085572;5;2,9;2;1;1
252857085572;252857085575;3;2,9;2;1;1
252857085575;252857085580;5;2,9;2;1;1
252857085580;252857085586;6;2,9;2;1;1
252857085586;252857085592;6;2,9;2;1;1
252857085592;252857085595;3;2,9;2;1;1
252857085595;252857085599;4;2,9;2;1;1
252857085599;252857085617;18;2,9;2;1;1
252857085617;252857085623;6;2,9;2;1;1
252857085623;252857085626;3;2,9;2;1;1
252857085626;252857085628;2;2,9;2;1;1
252857085628;252857085645;17;2,9;2;1;1
252857085645;252857085646;1;2,9;2;1;1
252857085646;252857085648;2;2,9;2;1;1
252857085648;252857085654;6;2,9;2;1;1
252857085654;252857085657;3;2,9;2;1;1
252857085657;252857085658;1;2,9;2;1;1
252857085658;252857085669;11;2,9;2;1;1
252857085669;252857085670;1;2,9;2;1;1
252857085670;252857085672;2;2,9;2;1;1
252857085672;252857085676;4;2,9;2;1;1
252857085676;252857085682;6;2,9;2;1;1
252857085682;252857085687;5;2,9;2;1;1
252857085687;252857085690;3;2,9;2;1;1
252857085690;252857085692;2;2,9;2;1;1
252857085692;252857085695;3;2,9;2;1;1
252857085695;252857085699;4;2,9;2;1;1
252857085699;252857085701;2;2,9;2;1;1
252857085701;252857085705;4;2,9;2;1;1
252857085705;252857085712;7;2,9;2;1;1
252857085712;252857085718;6;2,9;2;1;1
252857085718;252857085721;3;2,9;2;1;1
252857085721;252857085722;1;2,9;2;1;1
252857085722;252857085727;5;2,9;2;1;1
252857085727;252857085740;13;2,9;2;1;1
252857085740;252857085742;2;2,9;2;1;1
252857085742;252857085745;3;2,9;2;1;1
252857085745;252857085748;3;2,9;2;1;1
252857085748;252857085759;11;2,9;2;1;1
252857085759;252857085762;3;2,9;2;1;1
252857085762;252857085763;1;2,9;2;1;1
252857085763;252857085764;1;2,9;2;1;1
252857085764;252857085770;6;2,9;2;1;1
252857085770;252857085775;5;2,9;2;1;1
252857085775;252857085778;3;2,9;2;1;1
252857085778;252857085799;21;2,9;2;1;1
252857085799;252857085817;18;2,9;2;1;1
252857085817;252857085819;2;2,9;2;1;1
252857085819;252857085821;2;2,9;2;1;1
252857085821;252857085822;1;2,9;2;1;1
252857085822;252857085824;2;2,9;2;1;1
252857085824;252857085826;2;2,9;2;1;1
252857085826;252857085838;12;2,9;2;1;1
252857085838;252857085843;5;2,9;2;1;1
252857085843;252857085844;1;2,9;2;1;1
252857085844;252857085850;6;2,9;2;1;1
252857085850;252857085851;1;2,9;2;1;1
252857085851;252857085862;11;2,9;2;1;1
252857085862;252857085870;8;2,9;2;1;1
252857085870;252857085876;6;2,9;2;1;1
252857085876;252857085879;3;2,9;2;1;1
252857085879;252857085881;2;2,9;2;1;1
252857085881;252857085884;3;2,9;2;1;1
252857085884;252857085885;1;2,9;2;1;1
252857085885;252857085905;20;2,9;2;1;1
252857085905;252857085920;15;2,9;2;1;1
252857085920;252857085923;3;2,9;2;1;1
252857085923;252857085932;9;2,9;2;1;1
252857085932;252857085942;10;2,9;2;1;1
252857085942;252857085950;8;2,9;2;1;1
252857085950;252857085952;2;2,9;2;1;1
252857085952;252857085956;4;2,9;2;1;1
252857085956;252857085960;4;2,9;2;1;1
252857085960;252857085961;1;2,9;2;1;1
252857085961;252857085963;2;2,9;2;1;1
252857085963;252857085965;2;2,9;2;1;1
252857085965;252857085967;2;2,9;2;1;1
252857085967;252857085971;4;2,9;2;1;1
252857085971;252857085973;2;2,9;2;1;1
252857085973;252857085984;11;2,9;2;1;1
252857085984;252857085986;2;2,9;2;1;1
252857085986;252857085991;5;2,9;2;1;1
252857085991;252857085993;2;2,9;2;1;1
252857085993;252857086001;8;2,9;2;1;1
252857086001;252857086003;2;2,9;2;1;1
252857086003;252857086004;1;2,9;2;1;1
252857086004;252857086006;2;2,9;2;1;1
252857086006;252857086021;15;2,9;2;1;1
252857086021;252857086025;4;2,9;2;1;1
252857086025;252857086032;7;2,9;2;1;1
252857086032;252857086034;2;2,9;2;1;1
252857086034;252857086036;2;2,9;2;1;1
252857086036;252857086042;6;2,9;2;1;1
252857086042;252857086050;8;2,9;2;1;1
252857086050;252857086059;9;2,9;2;1;1
252857086059;252857086060;1;2,9;2;1;1
252857086060;252857086067;7;2,9;2;1;1
252857086067;252857086070;3;2,9;2;1;1
252857086070;252857086073;3;2,9;2;1;1
252857086073;252857086080;7;2,9;2;1;1
252857086080;252857086085;5;2,9;2;1;1
252857086085;252857086086;1;2,9;2;1;1
252857086086;252857086099;13;2,9;2;1;1
252857086099;252857086102;3;2,9;2;1;1
252857086102;252857086104;2;2,9;2;1;1
252857086104;252857086109;5;2,9;2;1;1
252857086109;252857086113;4;2,9;2;1;1
252857086113;252857086118;5;2,9;2;1;1
252857086118;252857086123;5;2,9;2;1;1
252857086123;252857086124;1;2,9;2;1;1
252857086124;252857086128;4;2,9;2;1;1
252857086128;252857086130;2;2,9;2;1;1
252857086130;252857086134;4;2,9;2;1;1
252857086134;252857086139;5;2,9;2;1;1
252857086139;252857086145;6;2,9;2;1;1
252857086145;252857086159;14;2,9;2;1;1
252857086159;252857086162;3;2,9;2;1;1
252857086162;252857086164;2;2,9;2;1;1
252857086164;252857086174;10;2,9;2;1;1
252857086174;252857086177;3;2,9;2;1;1
252857086177;252857086180;3;2,9;2;1;1
252857086180;252857086183;3;2,9;2;1;1
252857086183;252857086184;1;2,9;2;1;1
252857086184;252857086187;3;2,9;2;1;1
252857086187;252857086192;5;2,9;2;1;1
252857086192;252857086194;2;2,9;2;1;1
252857086194;252857086198;4;2,9;2;1;1
252857086198;252857086199;1;2,9;2;1;1
252857086199;252857086201;2;2,9;2;1;1
252857086201;252857086208;7;2,9;2;1;1
252857086208;252857086213;5;2,9;2;1;1
252857086213;252857086215;2;2,9;2;1;1
252857086215;252857086216;1;2,9;2;1;1
252857086216;252857086218;2;2,9;2;1;1
252857086218;252857086221;3;2,9;2;1;1
252857086221;252857086226;5;2,9;2;1;1
252857086226;252857086235;9;2,9;2;1;1
252857086235;252857086237;2;2,9;2;1;1
252857086237;252857086241;4;2,9;2;1;1
252857086241;252857086247;6;2,9;2;1;1
252857086247;252857086253;6;2,9;2;1;1
252857086253;252857086257;4;2,9;2;1;1
252857086257;252857086259;2;2,9;2;1;1
252857086259;252857086273;14;2,9;2;1;1
252857086273;252857086274;1;2,9;2;1;1
252857086274;252857086278;4;2,9;2;1;1
252857086278;252857086279;1;2,9;2;1;1
252857086279;252857086281;2;2,9;2;1;1
252857086281;252857086285;4;2,9;2;1;1
252857086285;252857086289;4;2,9;2;1;1
252857086289;252857086299;10;2,9;2;1;1
252857086299;252857086301;2;2,9;2;1;1
252857086301;252857086303;2;2,9;2;1;1
252857086303;252857086304;1;2,9;2;1;1
252857086304;252857086310;6;2,9;2;1;1
252857086310;252857086312;2;2,9;2;1;1
252857086312;252857086317;5;2,9;2;1;1
252857086317;252857086318;1;2,9;2;1;1
252857086318;252857086331;13;2,9;2;1;1
252857086331;252857086348;17;2,9;2;1;1
252857086348;252857086361;13;2,9;2;1;1
252857086361;252857086363;2;2,9;2;1;1
252857086363;252857086367;4;2,9;2;1;1
252857086367;252857086372;5;2,9;2;1;1
252857086372;252857086376;4;2,9;2;1;1
252857086376;252857086377;1;2,9;2;1;1
252857086377;252857086379;2;2,9;2;1;1
252857086379;252857086381;2;2,9;2;1;1
252857086381;252857086383;2;2,9;2;1;1
252857086383;252857086384;1;2,9;2;1;1
252857086384;252857086392;8;2,9;2;1;1
252857086392;252857086398;6;2,9;2;1;1
252857086398;252857086405;7;2,9;2;1;1
252857086405;252857086406;1;2,9;2;1;1
252857086406;252857086410;4;2,9;2;1;1
252857086410;252857086418;8;2,9;2;1;1
252857086418;252857086420;2;2,9;2;1;1
252857086420;252857086424;4;2,9;2;1;1
252857086424;252857086429;5;2,9;2;1;1
252857086429;252857086430;1;2,9;2;1;1
252857086430;252857086431;1;2,9;2;1;1
252857086431;252857086436;5;2,9;2;1;1
252857086436;252857086446;10;2,9;2;1;1
252857086446;252857086448;2;2,9;2;1;1
252857086448;252857086449;1;2,9;2;1;1
252857086449;252857086452;3;2,9;2;1;1
252857086452;252857086456;4;2,9;2;1;1
252857086456;252857086457;1;2,9;2;1;1
252857086457;252857086461;4;2,9;2;1;1
252857086461;252857086463;2;2,9;2;1;1
252857086463;252857086465;2;2,9;2;1;1
252857086465;252857086467;2;2,9;2;1;1
252857086467;252857086473;6;2,9;2;1;1
252857086473;252857086475;2;2,9;2;1;1
252857086475;252857086480;5;2,9;2;1;1
252857086480;252857086481;1;2,9;2;1;1
252857086481;252857086487;6;2,9;2;1;1
252857086487;252857086489;2;2,9;2;1;1
252857086489;252857086491;2;2,9;2;1;1
252857086491;252857086492;1;2,9;2;1;1
252857086492;252857086493;1;2,9;2;1;1
252857086493;252857086494;1;2,9;2;1;1
252857086494;252857086495;1;2,9;2;1;1
252857086495;252857086501;6;2,9;2;1;1
252857086501;252857086502;1;2,9;2;1;1
252857086502;252857086503;1;2,9;2;1;1
252857086503;252857086505;2;2,9;2;1;1
252857086505;252857086506;1;2,9;2;1;1
252857086506;252857086509;3;2,9;2;1;1
252857086509;252857086510;1;2,9;2;1;1
252857086510;252857086512;2;2,9;2;1;1
252857086512;252857086518;6;2,9;2;1;1
252857086518;252857086520;2;2,9;2;1;1
252857086520;252857086521;1;2,9;2;1;1
252857086521;252857086524;3;2,9;2;1;1
252857086524;252857086528;4;2,9;2;1;1
252857086528;252857086534;6;2,9;2;1;1
252857086534;252857086542;8;2,9;2;1;1
252857086542;252857086548;6;2,9;2;1;1
252857086548;252857086549;1;2,9;2;1;1
252857086549;252857086550;1;2,9;2;1;1
252857086550;252857086551;1;2,9;2;1;1
252857086551;252857086552;1;2,9;2;1;1
252857086552;252857086556;4;2,9;2;1;1
252857086556;252857086558;2;2,9;2;1;1
252857086558;252857086567;9;2,9;2;1;1
252857086567;252857086575;8;2,9;2;1;1
252857086575;252857086576;1;2,9;2;1;1
252857086576;252857086577;1;2,9;2;1;1
252857086577;252857086584;7;2,9;2;1;1
252857086584;252857086585;1;2,9;2;1;1
252857086585;252857086589;4;2,9;2;1;1
252857086589;252857086592;3;2,9;2;1;1
252857086592;252857086593;1;2,9;2;1;1
252857086593;252857086595;2;2,9;2;1;1
252857086595;252857086596;1;2,9;2;1;1
252857086596;252857086601;5;2,9;2;1;1
252857086601;252857086604;3;2,9;2;1;1
252857086604;252857086608;4;2,9;2;1;1
252857086608;252857086616;8;2,9;2;1;1
252857086616;252857086622;6;2,9;2;1;1
252857086622;252857086627;5;2,9;2;1;1
252857086627;252857086628;1;2,9;2;1;1
252857086628;252857086633;5;2,9;2;1;1
252857086633;252857086636;3;2,9;2;1;1
252857086636;252857086639;3;2,9;2;1;1
252857086639;252857086647;8;2,9;2;1;1
252857086647;252857086649;2;2,9;2;1;1
252857086649;252857086654;5;2,9;2;1;1
252857086654;252857086657;3;2,9;2;1;1
252857086657;252857086660;3;2,9;2;1;1
252857086660;252857086664;4;2,9;2;1;1
252857086664;252857086674;10;2,9;2;1;1
252857086674;252857086675;1;2,9;2;1;1
252857086675;252857086677;2;2,9;2;1;1
252857086677;252857086678;1;2,9;2;1;1
252857086678;252857086680;2;2,9;2;1;1
252857086680;252857086688;8;2,9;2;1;1
252857086688;252857086696;8;2,9;2;1;1
252857086696;252857086697;1;2,9;2;1;1
252857086697;252857086698;1;2,9;2;1;1
252857086698;252857086704;6;2,9;2;1;1
252857086704;252857086705;1;2,9;2;1;1
252857086705;252857086707;2;2,9;2;1;1
252857086707;252857086711;4;2,9;2;1;1
252857086711;252857086712;1;2,9;2;1;1
252857086712;252857086718;6;2,9;2;1;1
252857086718;252857086721;3;2,9;2;1;1
252857086721;252857086727;6;2,9;2;1;1
252857086727;252857086728;1;2,9;2;1;1
252857086728;252857086731;3;2,9;2;1;1
252857086731;252857086736;5;2,9;2;1;1
252857086736;252857086737;1;2,9;2;1;1
252857086737;252857086740;3;2,9;2;1;1
252857086740;252857086752;12;2,9;2;1;1
252857086752;252857086753;1;2,9;2;1;1
252857086753;252857086756;3;2,9;2;1;1
252857086756;252857086757;1;2,9;2;1;1
252857086757;252857086761;4;2,9;2;1;1
252857086761;252857086770;9;2,9;2;1;1
252857086770;252857086776;6;2,9;2;1;1
252857086776;252857086778;2;2,9;2;1;1
252857086778;252857086785;7;2,9;2;1;1
252857086785;252857086792;7;2,9;2;1;1
252857086792;252857086794;2;2,9;2;1;1
252857086794;252857086798;4;2,9;2;1;1
252857086798;252857086800;2;2,9;2;1;1
252857086800;252857086803;3;2,9;2;1;1
252857086803;252857086807;4;2,9;2;1;1
252857086807;252857086810;3;2,9;2;1;1
252857086810;252857086815;5;2,9;2;1;1
252857086815;252857086817;2;2,9;2;1;1
252857086817;252857086818;1;2,9;2;1;1
252857086818;252857086825;7;2,9;2;1;1
252857086825;252857086826;1;2,9;2;1;1
252857086826;252857086832;6;2,9;2;1;1
252857086832;252857086833;1;2,9;2;1;1
252857086833;252857086834;1;2,9;2;1;1
252857086834;252857086835;1;2,9;2;1;1
252857086835;252857086836;1;2,9;2;1;1
252857086836;252857086843;7;2,9;2;1;1
252857086843;252857086844;1;2,9;2;1;1
252857086844;252857086848;4;2,9;2;1;1
252857086848;252857086851;3;2,9;2;1;1
252857086851;252857086864;13;2,9;2;1;1
252857086864;252857086867;3;2,9;2;1;1
252857086867;252857086871;4;2,9;2;1;1
252857086871;252857086872;1;2,9;2;1;1
252857086872;252857086874;2;2,9;2;1;1
252857086874;252857086876;2;2,9;2;1;1
252857086876;252857086884;8;2,9;2;1;1
252857086884;252857086890;6;2,9;2;1;1
252857086890;252857086891;1;2,9;2;1;1
252857086891;252857086894;3;2,9;2;1;1
252857086894;252857086899;5;2,9;2;1;1
252857086899;252857086901;2;2,9;2;1;1
252857086901;252857086904;3;2,9;2;1;1
252857086904;252857086905;1;2,9;2;1;1
252857086905;252857086906;1;2,9;2;1;1
252857086906;252857086919;13;2,9;2;1;1
252857086919;252857086920;1;2,9;2;1;1
252857086920;252857086931;11;2,9;2;1;1
252857086931;252857086939;8;2,9;2;1;1
252857086939;252857086940;1;2,9;2;1;1
252857086940;252857086941;1;2,9;2;1;1
252857086941;252857086942;1;2,9;2;1;1
252857086942;252857086943;1;2,9;2;1;1
252857086943;252857086945;2;2,9;2;1;1
252857086945;252857086947;2;2,9;2;1;1
252857086947;252857086959;12;2,9;2;1;1
252857086959;252857086964;5;2,9;2;1;1
252857086964;252857086967;3;2,9;2;1;1
252857086967;252857086969;2;2,9;2;1;1
252857086969;252857086970;1;2,9;2;1;1
252857086970;252857086974;4;2,9;2;1;1
252857086974;252857086982;8;2,9;2;1;1
252857086982;252857086983;1;2,9;2;1;1
252857086983;252857086988;5;2,9;2;1;1
252857086988;252857086994;6;2,9;2;1;1
252857086994;252857086995;1;2,9;2;1;1
252857086995;252857086998;3;2,9;2;1;1
252857086998;252857087001;3;2,9;2;1;1
252857087001;252857087003;2;2,9;2;1;1
252857087003;252857087004;1;2,9;2;1;1
252857087004;252857087006;2;2,9;2;1;1
252857087006;252857087009;3;2,9;2;1;1
252857087009;252857087015;6;2,9;2;1;1
252857087015;252857087016;1;2,9;2;1;1
252857087016;252857087026;10;2,9;2;1;1
252857087026;252857087029;3;2,9;2;1;1
252857087029;252857087037;8;2,9;2;1;1
252857087037;252857087039;2;2,9;2;1;1
252857087039;252857087040;1;2,9;2;1;1
252857087040;252857087047;7;2,9;2;1;1
252857087047;252857087056;9;2,9;2;1;1
252857087056;252857087060;4;2,9;2;1;1
252857087060;252857087062;2;2,9;2;1;1
252857087062;252857087065;3;2,9;2;1;1
252857087065;252857087081;16;2,9;2;1;1
252857087081;252857087084;3;2,9;2;1;1
252857087084;252857087096;12;2,9;2;1;1
252857087096;252857087098;2;2,9;2;1;1
252857087098;252857087101;3;2,9;2;1;1
252857087101;252857087102;1;2,9;2;1;1
252857087102;252857087110;8;2,9;2;1;1
252857087110;252857087114;4;2,9;2;1;1
252857087114;252857087117;3;2,9;2;1;1
252857087117;252857087120;3;2,9;2;1;1
252857087120;252857087128;8;2,9;2;1;1
252857087128;252857087131;3;2,9;2;1;1
252857087131;252857087141;10;2,9;2;1;1
252857087141;252857087142;1;2,9;2;1;1
252857087142;252857087143;1;2,9;2;1;1
252857087143;252857087147;4;2,9;2;1;1
252857087147;252857087148;1;2,9;2;1;1
252857087148;252857087150;2;2,9;2;1;1
252857087150;252857087156;6;2,9;2;1;1
252857087156;252857087157;1;2,9;2;1;1
252857087157;252857087163;6;2,9;2;1;1
252857087163;252857087167;4;2,9;2;1;1
252857087167;252857087170;3;2,9;2;1;1
252857087170;252857087173;3;2,9;2;1;1
252857087173;252857087179;6;2,9;2;1;1
252857087179;252857087182;3;2,9;2;1;1
252857087182;252857087188;6;2,9;2;1;1
252857087188;252857087190;2;2,9;2;1;1
252857087190;252857087191;1;2,9;2;1;1
252857087191;252857087194;3;2,9;2;1;1
252857087194;252857087195;1;2,9;2;1;1
252857087195;252857087199;4;2,9;2;1;1
252857087199;252857087214;15;2,9;2;1;1
252857087214;252857087222;8;2,9;2;1;1
252857087222;252857087225;3;2,9;2;1;1
252857087225;252857087229;4;2,9;2;1;1
252857087229;252857087250;21;2,9;2;1;1
252857087250;252857087254;4;2,9;2;1;1
252857087254;252857087256;2;2,9;2;1;1
252857087256;252857087259;3;2,9;2;1;1
252857087259;252857087262;3;2,9;2;1;1
252857087262;252857087266;4;2,9;2;1;1
252857087266;252857087287;21;2,9;2;1;1
252857087287;252857087290;3;2,9;2;1;1
252857087290;252857087293;3;2,9;2;1;1
252857087293;252857087303;10;2,9;2;1;1
252857087303;252857087316;13;2,9;2;1;1
252857087316;252857087319;3;2,9;2;1;1
252857087319;252857087320;1;2,9;2;1;1
252857087320;252857087338;18;2,9;2;1;1
252857087338;252857087341;3;2,9;2;1;1
252857087341;252857087344;3;2,9;2;1;1
252857087344;252857087345;1;2,9;2;1;1
252857087345;252857087346;1;2,9;2;1;1
252857087346;252857087348;2;2,9;2;1;1
252857087348;252857087359;11;2,9;2;1;1
252857087359;252857087365;6;2,9;2;1;1
252857087365;252857087374;9;2,9;2;1;1
252857087374;252857087376;2;2,9;2;1;1
252857087376;252857087377;1;2,9;2;1;1
252857087377;252857087383;6;2,9;2;1;1
252857087383;252857087385;2;2,9;2;1;1
252857087385;252857087388;3;2,9;2;1;1
252857087388;252857087392;4;2,9;2;1;1
252857087392;252857087395;3;2,9;2;1;1
252857087395;252857087401;6;2,9;2;1;1
252857087401;252857087404;3;2,9;2;1;1
252857087404;252857087411;7;2,9;2;1;1
252857087411;252857087412;1;2,9;2;1;1
252857087412;252857087416;4;2,9;2;1;1
252857087416;252857087418;2;2,9;2;1;1
252857087418;252857087421;3;2,9;2;1;1
252857087421;252857087430;9;2,9;2;1;1
252857087430;252857087439;9;2,9;2;1;1
252857087439;252857087445;6;2,9;2;1;1
252857087445;252857087446;1;2,9;2;1;1
252857087446;252857087451;5;2,9;2;1;1
252857087451;252857087461;10;2,9;2;1;1
252857087461;252857087463;2;2,9;2;1;1
252857087463;252857087471;8;2,9;2;1;1
252857087471;252857087476;5;2,9;2;1;1
252857087476;252857087477;1;2,9;2;1;1
252857087477;252857087482;5;2,9;2;1;1
252857087482;252857087503;21;2,9;2;1;1
252857087503;252857087505;2;2,9;2;1;1
252857087505;252857087509;4;2,9;2;1;1
252857087509;252857087513;4;2,9;2;1;1
252857087513;252857087520;7;2,9;2;1;1
252857087520;252857087534;14;2,9;2;1;1
252857087534;252857087537;3;2,9;2;1;1
252857087537;252857087547;10;2,9;2;1;1
252857087547;252857087560;13;2,9;2;1;1
252857087560;252857087568;8;2,9;2;1;1
252857087568;252857087574;6;2,9;2;1;1
252857087574;252857087576;2;2,9;2;1;1
252857087576;252857087583;7;2,9;2;1;1
252857087583;252857087588;5;2,9;2;1;1
252857087588;252857087594;6;2,9;2;1;1
252857087594;252857087597;3;2,9;2;1;1
252857087597;252857087617;20;2,9;2;1;1
252857087617;252857087618;1;2,9;2;1;1
252857087618;252857087619;1;2,9;2;1;1
252857087619;252857087626;7;2,9;2;1;1
252857087626;252857087635;9;2,9;2;1;1
252857087635;252857087645;10;2,9;2;1;1
252857087645;252857087659;14;2,9;2;1;1
252857087659;252857087663;4;2,9;2;1;1
252857087663;252857087670;7;2,9;2;1;1
252857087670;252857087684;14;2,9;2;1;1
252857087684;252857087686;2;2,9;2;1;1
252857087686;252857087688;2;2,9;2;1;1
252857087688;252857087689;1;2,9;2;1;1
252857087689;252857087693;4;2,9;2;1;1
252857087693;252857087699;6;2,9;2;1;1
252857087699;252857087700;1;2,9;2;1;1
252857087700;252857087707;7;2,9;2;1;1
252857087707;252857087712;5;2,9;2;1;1
252857087712;252857087715;3;2,9;2;1;1
252857087715;252857087716;1;2,9;2;1;1
252857087716;252857087724;8;2,9;2;1;1
252857087724;252857087727;3;2,9;2;1;1
252857087727;252857087728;1;2,9;2;1;1
252857087728;252857087731;3;2,9;2;1;1
252857087731;252857087734;3;2,9;2;1;1
252857087734;252857087736;2;2,9;2;1;1
252857087736;252857087737;1;2,9;2;1;1
252857087737;252857087740;3;2,9;2;1;1
252857087740;252857087743;3;2,9;2;1;1
252857087743;252857087750;7;2,9;2;1;1
252857087750;252857087758;8;2,9;2;1;1
252857087758;252857087763;5;2,9;2;1;1
252857087763;252857087770;7;2,9;2;1;1
252857087770;252857087783;13;2,9;2;1;1
252857087783;252857087791;8;2,9;2;1;1
252857087791;252857087799;8;2,9;2;1;1
252857087799;252857087802;3;2,9;2;1;1
252857087802;252857087803;1;2,9;2;1;1
252857087803;252857087804;1;2,9;2;1;1
252857087804;252857087806;2;2,9;2;1;1
252857087806;252857087810;4;2,9;2;1;1
252857087810;252857087817;7;2,9;2;1;1
252857087817;252857087819;2;2,9;2;1;1
252857087819;252857087827;8;2,9;2;1;1
252857087827;252857087828;1;2,9;2;1;1
252857087828;252857087832;4;2,9;2;1;1
252857087832;252857087833;1;2,9;2;1;1
252857087833;252857087837;4;2,9;2;1;1
252857087837;252857087842;5;2,9;2;1;1
252857087842;252857087865;23;2,9;2;1;1
252857087865;252857087878;13;2,9;2;1;1
252857087878;252857087894;16;2,9;2;1;1
252857087894;252857087899;5;2,9;2;1;1
252857087899;252857087905;6;2,9;2;1;1
252857087905;252857087910;5;2,9;2;1;1
252857087910;252857087911;1;2,9;2;1;1
252857087911;252857087919;8;2,9;2;1;1
252857087919;252857087924;5;2,9;2;1;1
252857087924;252857087934;10;2,9;2;1;1
252857087934;252857087935;1;2,9;2;1;1
252857087935;252857087947;12;2,9;2;1;1
252857087947;252857087948;1;2,9;2;1;1
252857087948;252857087952;4;2,9;2;1;1
252857087952;252857087957;5;2,9;2;1;1
252857087957;252857087959;2;2,9;2;1;1
252857087959;252857087967;8;2,9;2;1;1
252857087967;252857087971;4;2,9;2;1;1
252857087971;252857087975;4;2,9;2;1;1
252857087975;252857087988;13;2,9;2;1;1
252857087988;252857087989;1;2,9;2;1;1
252857087989;252857088006;17;2,9;2;1;1
252857088006;252857088007;1;2,9;2;1;1
252857088007;252857088034;27;2,9;2;1;1
252857088034;252857088036;2;2,9;2;1;1
252857088036;252857088044;8;2,9;2;1;1
252857088044;252857088046;2;2,9;2;1;1
252857088046;252857088058;12;2,9;2;1;1
252857088058;252857088061;3;2,9;2;1;1
252857088061;252857088068;7;2,9;2;1;1
252857088068;252857088074;6;2,9;2;1;1
252857088074;252857088091;17;2,9;2;1;1
252857088091;252857088100;9;2,9;2;1;1
252857088100;252857088104;4;2,9;2;1;1
252857088104;252857088109;5;2,9;2;1;1
252857088109;252857088116;7;2,9;2;1;1
252857088116;252857088119;3;2,9;2;1;1
252857088119;252857088121;2;2,9;2;1;1
252857088121;252857088138;17;2,9;2;1;1
252857088138;252857088143;5;2,9;2;1;1
252857088143;252857088155;12;2,9;2;1;1
252857088155;252857088165;10;2,9;2;1;1
252857088165;252857088171;6;2,9;2;1;1
252857088171;252857088183;12;2,9;2;1;1
252857088183;252857088187;4;2,9;2;1;1
252857088187;252857088189;2;2,9;2;1;1
252857088189;252857088206;17;2,9;2;1;1
252857088206;252857088212;6;2,9;2;1;1
252857088212;252857088218;6;2,9;2;1;1
252857088218;252857088222;4;2,9;2;1;1
252857088222;252857088231;9;2,9;2;1;1
252857088231;252857088232;1;2,9;2;1;1
252857088232;252857088239;7;2,9;2;1;1
252857088239;252857088244;5;2,9;2;1;1
252857088244;252857088249;5;2,9;2;1;1
252857088249;252857088252;3;2,9;2;1;1
252857088252;252857088259;7;2,9;2;1;1
252857088259;252857088263;4;2,9;2;1;1
252857088263;252857088278;15;2,9;2;1;1
252857088278;252857088282;4;2,9;2;1;1
252857088282;252857088288;6;2,9;2;1;1
252857088288;252857088299;11;2,9;2;1;1
252857088299;252857088303;4;2,9;2;1;1
252857088303;252857088304;1;2,9;2;1;1
252857088304;252857088310;6;2,9;2;1;1
252857088310;252857088314;4;2,9;2;1;1
252857088314;252857088324;10;2,9;2;1;1
252857088324;252857088334;10;2,9;2;1;1
252857088334;252857088337;3;2,9;2;1;1
252857088337;252857088339;2;2,9;2;1;1
252857088339;252857088346;7;2,9;2;1;1
252857088346;252857088361;15;2,9;2;1;1
252857088361;252857088363;2;2,9;2;1;1
252857088363;252857088365;2;2,9;2;1;1
252857088365;252857088370;5;2,9;2;1;1
252857088370;252857088373;3;2,9;2;1;1
252857088373;252857088380;7;2,9;2;1;1
252857088380;252857088385;5;2,9;2;1;1
252857088385;252857088396;11;2,9;2;1;1
252857088396;252857088402;6;2,9;2;1;1
252857088402;252857088410;8;2,9;2;1;1
252857088410;252857088413;3;2,9;2;1;1
252857088413;252857088414;1;2,9;2;1;1
252857088414;252857088440;26;2,9;2;1;1
252857088440;252857088443;3;2,9;2;1;1
252857088443;252857088452;9;2,9;2;1;1
252857088452;252857088467;15;2,9;2;1;1
252857088467;252857088474;7;2,9;2;1;1
252857088474;252857088481;7;2,9;2;1;1
252857088481;252857088497;16;2,9;2;1;1
252857088497;252857088514;17;2,9;2;1;1
252857088514;252857088529;15;2,9;2;1;1
252857088529;252857088541;12;2,9;2;1;1
252857088541;252857088546;5;2,9;2;1;1
252857088546;252857088565;19;2,9;2;1;1
252857088565;252857088566;1;2,9;2;1;1
252857088566;252857088570;4;2,9;2;1;1
252857088570;252857088576;6;2,9;2;1;1
252857088576;252857088584;8;2,9;2;1;1
252857088584;252857088593;9;2,9;2;1;1
252857088593;252857088598;5;2,9;2;1;1
252857088598;252857088603;5;2,9;2;1;1
252857088603;252857088627;24;2,9;2;1;1
252857088627;252857088635;8;2,9;2;1;1
252857088635;252857088639;4;2,9;2;1;1
252857088639;252857088651;12;2,9;2;1;1
252857088651;252857088661;10;2,9;2;1;1
252857088661;252857088666;5;2,9;2;1;1
252857088666;252857088687;21;2,9;2;1;1
252857088687;252857088693;6;2,9;2;1;1
252857088693;252857088699;6;2,9;2;1;1
252857088699;252857088706;7;2,9;2;1;1
252857088706;252857088707;1;2,9;2;1;1
252857088707;252857088721;14;2,9;2;1;1
252857088721;252857088724;3;2,9;2;1;1
252857088724;252857088732;8;2,9;2;1;1
252857088732;252857088746;14;2,9;2;1;1
252857088746;252857088748;2;2,9;2;1;1
252857088748;252857088757;9;2,9;2;1;1
252857088757;252857088764;7;2,9;2;1;1
252857088764;252857088769;5;2,9;2;1;1
252857088769;252857088777;8;2,9;2;1;1
252857088777;252857088778;1;2,9;2;1;1
252857088778;252857088779;1;2,9;2;1;1
252857088779;252857088782;3;2,9;2;1;1
252857088782;252857088798;16;2,9;2;1;1
252857088798;252857088804;6;2,9;2;1;1
252857088804;252857088810;6;2,9;2;1;1
252857088810;252857088821;11;2,9;2;1;1
252857088821;252857088832;11;2,9;2;1;1
252857088832;252857088852;20;2,9;2;1;1
252857088852;252857088857;5;2,9;2;1;1
252857088857;252857088881;24;2,9;2;1;1
252857088881;252857088889;8;2,9;2;1;1
252857088889;252857088901;12;2,9;2;1;1
252857088901;252857088903;2;2,9;2;1;1
252857088903;252857088908;5;2,9;2;1;1
252857088908;252857088912;4;2,9;2;1;1
252857088912;252857088917;5;2,9;2;1;1
252857088917;252857088927;10;2,9;2;1;1
252857088927;252857088934;7;2,9;2;1;1
252857088934;252857088936;2;2,9;2;1;1
252857088936;252857088942;6;2,9;2;1;1
252857088942;252857088956;14;2,9;2;1;1
252857088956;252857088966;10;2,9;2;1;1
252857088966;252857088971;5;2,9;2;1;1
252857088971;252857088983;12;2,9;2;1;1
252857088983;252857088986;3;2,9;2;1;1
252857088986;252857088997;11;2,9;2;1;1
252857088997;252857089005;8;2,9;2;1;1
252857089005;252857089030;25;2,9;2;1;1
252857089030;252857089032;2;2,9;2;1;1
252857089032;252857089033;1;2,9;2;1;1
252857089033;252857089040;7;2,9;2;1;1
252857089040;252857089087;47;2,9;2;1;1
252857089087;252857089091;4;2,9;2;1;1
252857089091;252857089104;13;2,9;2;1;1
252857089104;252857089111;7;2,9;2;1;1
252857089111;252857089112;1;2,9;2;1;1
252857089112;252857089125;13;2,9;2;1;1
252857089125;252857089126;1;2,9;2;1;1
252857089126;252857089130;4;2,9;2;1;1
252857089130;252857089160;30;2,9;2;1;1
252857089160;252857089171;11;2,9;2;1;1
252857089171;252857089180;9;2,9;2;1;1
252857089180;252857089198;18;2,9;2;1;1
252857089198;252857089203;5;2,9;2;1;1
252857089203;252857089210;7;2,9;2;1;1
252857089210;252857089211;1;2,9;2;1;1
252857089211;252857089220;9;2,9;2;1;1
252857089220;252857089235;15;2,9;2;1;1
252857089235;252857089238;3;2,9;2;1;1
252857089238;252857089251;13;2,9;2;1;1
252857089251;252857089278;27;2,9;2;1;1
252857089278;252857089283;5;2,9;2;1;1
252857089283;252857089285;2;2,9;2;1;1
252857089285;252857089291;6;2,9;2;1;1
252857089291;252857089298;7;2,9;2;1;1
252857089298;252857089303;5;2,9;2;1;1
252857089303;252857089307;4;2,9;2;1;1
252857089307;252857089310;3;2,9;2;1;1
252857089310;252857089316;6;2,9;2;1;1
252857089316;252857089324;8;2,9;2;1;1
252857089324;252857089326;2;2,9;2;1;1
252857089326;252857089335;9;2,9;2;1;1
252857089335;252857089345;10;2,9;2;1;1
252857089345;252857089348;3;2,9;2;1;1
252857089348;252857089350;2;2,9;2;1;1
252857089350;252857089353;3;2,9;2;1;1
252857089353;252857089371;18;2,9;2;1;1
252857089371;252857089376;5;2,9;2;1;1
252857089376;252857089377;1;2,9;2;1;1
252857089377;252857089386;9;2,9;2;1;1
252857089386;252857089389;3;2,9;2;1;1
252857089389;252857089394;5;2,9;2;1;1
252857089394;252857089395;1;2,9;2;1;1
252857089395;252857089409;14;2,9;2;1;1
252857089409;252857089412;3;2,9;2;1;1
252857089412;252857089421;9;2,9;2;1;1
252857089421;252857089447;26;2,9;2;1;1
252857089447;252857089451;4;2,9;2;1;1
252857089451;252857089466;15;2,9;2;1;1
252857089466;252857089469;3;2,9;2;1;1
252857089469;252857089470;1;2,9;2;1;1
252857089470;252857089473;3;2,9;2;1;1
252857089473;252857089476;3;2,9;2;1;1
252857089476;252857089483;7;2,9;2;1;1
252857089483;252857089485;2;2,9;2;1;1
252857089485;252857089494;9;2,9;2;1;1
252857089494;252857089495;1;2,9;2;1;1
252857089495;252857089499;4;2,9;2;1;1
252857089499;252857089502;3;2,9;2;1;1
252857089502;252857089503;1;2,9;2;1;1
252857089503;252857089511;8;2,9;2;1;1
252857089511;252857089530;19;2,9;2;1;1
252857089530;252857089531;1;2,9;2;1;1
252857089531;252857089537;6;2,9;2;1;1
252857089537;252857089541;4;2,9;2;1;1
252857089541;252857089544;3;2,9;2;1;1
252857089544;252857089546;2;2,9;2;1;1
252857089546;252857089555;9;2,9;2;1;1
252857089555;252857089571;16;2,9;2;1;1
252857089571;252857089594;23;2,9;2;1;1
252857089594;252857089602;8;2,9;2;1;1
252857089602;252857089604;2;2,9;2;1;1
252857089604;252857089625;21;2,9;2;1;1
252857089625;252857089629;4;2,9;2;1;1
252857089629;252857089632;3;2,9;2;1;1
252857089632;252857089635;3;2,9;2;1;1
252857089635;252857089641;6;2,9;2;1;1
252857089641;252857089649;8;2,9;2;1;1
252857089649;252857089655;6;2,9;2;1;1
252857089655;252857089658;3;2,9;2;1;1
252857089658;252857089671;13;2,9;2;1;1
252857089671;252857089684;13;2,9;2;1;1
252857089684;252857089692;8;2,9;2;1;1
252857089692;252857089700;8;2,9;2;1;1
252857089700;252857089711;11;2,9;2;1;1
252857089711;252857089714;3;2,9;2;1;1
252857089714;252857089715;1;2,9;2;1;1
252857089715;252857089718;3;2,9;2;1;1
252857089718;252857089719;1;2,9;2;1;1
252857089719;252857089722;3;2,9;2;1;1
252857089722;252857089726;4;2,9;2;1;1
252857089726;252857089733;7;2,9;2;1;1
252857089733;252857089740;7;2,9;2;1;1
252857089740;252857089798;58;2,9;2;1;1
252857089798;252857089804;6;2,9;2;1;1
252857089804;252857089823;19;2,9;2;1;1
252857089823;252857089824;1;2,9;2;1;1
252857089824;252857089837;13;2,9;2;1;1
252857089837;252857089847;10;2,9;2;1;1
252857089847;252857089855;8;2,9;2;1;1
252857089855;252857089865;10;2,9;2;1;1
252857089865;252857089884;19;2,9;2;1;1
252857089884;252857089909;25;2,9;2;1;1
252857089909;252857089912;3;2,9;2;1;1
252857089912;252857089922;10;2,9;2;1;1
252857089922;252857089938;16;2,9;2;1;1
252857089938;252857089946;8;2,9;2;1;1
252857089946;252857089959;13;2,9;2;1;1
252857089959;252857089967;8;2,9;2;1;1
252857089967;252857089968;1;2,9;2;1;1
252857089968;252857089974;6;2,9;2;1;1
252857089974;252857089979;5;2,9;2;1;1
252857089979;252857089993;14;2,9;2;1;1
252857089993;252857090003;10;2,9;2;1;1
252857090003;252857090008;5;2,9;2;1;1
252857090008;252857090024;16;2,9;2;1;1
252857090024;252857090033;9;2,9;2;1;1
252857090033;252857090042;9;2,9;2;1;1
252857090042;252857090044;2;2,9;2;1;1
252857090044;252857090051;7;2,9;2;1;1
252857090051;252857090071;20;2,9;2;1;1
252857090071;252857090076;5;2,9;2;1;1
252857090076;252857090078;2;2,9;2;1;1
252857090078;252857090081;3;2,9;2;1;1
252857090081;252857090090;9;2,9;2;1;1
252857090090;252857090096;6;2,9;2;1;1
252857090096;252857090105;9;2,9;2;1;1
252857090105;252857090141;36;2,9;2;1;1
252857090141;252857090144;3;2,9;2;1;1
252857090144;252857090173;29;2,9;2;1;1
252857090173;252857090179;6;2,9;2;1;1
252857090179;252857090192;13;2,9;2;1;1
252857090192;252857090198;6;2,9;2;1;1
252857090198;252857090223;25;2,9;2;1;1
252857090223;252857090246;23;2,9;2;1;1
252857090246;252857090250;4;2,9;2;1;1
252857090250;252857090255;5;2,9;2;1;1
252857090255;252857090256;1;2,9;2;1;1
252857090256;252857090258;2;2,9;2;1;1
252857090258;252857090275;17;2,9;2;1;1
252857090275;252857090287;12;2,9;2;1;1
252857090287;252857090292;5;2,9;2;1;1
252857090292;252857090317;25;2,9;2;1;1
252857090317;252857090330;13;2,9;2;1;1
252857090330;252857090335;5;2,9;2;1;1
252857090335;252857090339;4;2,9;2;1;1
252857090339;252857090340;1;2,9;2;1;1
252857090340;252857090349;9;2,9;2;1;1
252857090349;252857090359;10;2,9;2;1;1
252857090359;252857090361;2;2,9;2;1;1
252857090361;252857090369;8;2,9;2;1;1
252857090369;252857090377;8;2,9;2;1;1
252857090377;252857090393;16;2,9;2;1;1
252857090393;252857090402;9;2,9;2;1;1
252857090402;252857090429;27;2,9;2;1;1
252857090429;252857090434;5;2,9;2;1;1
252857090434;252857090460;26;2,9;2;1;1
252857090460;252857090464;4;2,9;2;1;1
252857090464;252857090484;20;2,9;2;1;1
252857090484;252857090521;37;2,9;2;1;1
252857090521;252857090526;5;2,9;2;1;1
252857090526;252857090534;8;2,9;2;1;1
252857090534;252857090536;2;2,9;2;1;1
252857090536;252857090564;28;2,9;2;1;1
252857090564;252857090569;5;2,9;2;1;1
252857090569;252857090664;95;2,9;2;1;1
252857090664;252857090676;12;2,9;2;1;1
252857090676;252857090690;14;2,9;2;1;1
252857090690;252857090703;13;2,9;2;1;1
252857090703;252857090742;39;2,9;2;1;1
252857090742;252857090768;26;2,9;2;1;1
252857090768;252857090769;1;2,9;2;1;1
252857090769;252857090782;13;2,9;2;1;1
252857090782;252857090785;3;2,9;2;1;1
252857090785;252857090795;10;2,9;2;1;1
252857090795;252857090818;23;2,9;2;1;1
252857090818;252857090840;22;2,9;2;1;1
252857090840;252857090872;32;2,9;2;1;1
252857090872;252857090951;79;2,9;2;1;1
252857090951;252857090969;18;2,9;2;1;1
252857090969;252857090987;18;2,9;2;1;1
252857090987;252857091003;16;2,9;2;1;1
252857091003;252857091005;2;2,9;2;1;1
252857091005;252857091013;8;2,9;2;1;1
252857091013;252857091030;17;2,9;2;1;1
252857091030;252857091063;33;2,9;2;1;1
252857091063;252857091154;91;2,9;2;1;1
252857091154;252857091157;3;2,9;2;1;1
252857091157;252857091231;74;2,9;2;1;1
252857091231;252857091288;57;2,9;2;1;1
252857091288;252857091391;103;2,9;2;1;1
252857091391;252857091419;28;2,9;2;1;1
252857091419;252857091435;16;2,9;2;1;1
252857091435;252857091548;113;2,9;2;1;1
252857091548;252857091559;11;2,9;2;1;1
252857091559;252857091575;16;2,9;2;1;1
252857091575;252857091601;26;2,9;2;1;1
252857091601;252857091691;90;2,9;2;1;1
252857091691;252857091692;1;2,9;2;1;1
252857091692;252857091738;46;2,9;2;1;1
252857091738;252857091744;6;2,9;2;1;1
252857091744;252857091825;81;2,9;2;1;1
252857091825;252857091858;33;2,9;2;1;1
252857091858;252857091932;74;2,9;2;1;1
252857091932;252857091989;57;2,9;2;1;1
252857091989;252857092016;27;2,9;2;1;1
252857092016;252857092088;72;2,9;2;1;1
252857092088;252857092113;25;2,9;2;1;1
252857092113;252857092312;199;2,9;2;1;1
252857092312;252857092947;635;2,9;2;1;1
252857092947;252857093035;88;2,9;2;1;1
252857093035;252857093342;307;2,9;2;1;1
252857093342;252857093678;336;2,9;2;1;1
252857093678;252857093723;45;2,9;2;1;1
252857093723;252857093760;37;2,9;2;1;1
252857093760;252857093825;65;2,9;2;1;1
252857093825;252857093857;32;2,9;2;1;1
252857093857;252857093919;62;2,9;2;1;1
252857093919;252857094116;197;2,9;2;1;1
252857094116;252857101784;7668;2,9;2;1;1
252857101784;252857102591;807;2,9;2;1;1
252857102591;252857102732;141;2,9;2;1;1
252857102732;252857102947;215;2,9;2;1;1
252857102947;252857103037;90;2,9;2;1;1
252857103037;252857103101;64;2,9;2;1;1
252857103101;252857103319;218;2,9;2;1;1
252857103319;252857103396;77;2,9;2;1;1
252857103396;252857103714;318;2,9;2;1;1
252857103714;252857103994;280;2,9;2;1;1
252857103994;252857104079;85;2,9;2;1;1
252857104079;252857104341;262;2,9;2;1;1
252857104341;252857104479;138;2,9;2;1;1
252857104479;252857104530;51;2,9;2;1;1
252857104530;252857125968;21438;2,9;2;1;1
252857125968;252857127032;1064;2,9;2;1;1
252857127032;252857127041;9;2,9;2;1;1
252857127041;252857127083;42;2,9;2;1;1
252857127083;252857127339;256;2,9;2;1;1
252857127339;252857127444;105;2,9;2;1;1
252857127444;252857128893;1449;2,9;2;1;1
252857128893;252857129143;250;2,9;2;1;1
252857129143;252857129293;150;2,9;2;1;1
252857129293;252857129508;215;2,9;2;1;1
252857129508;252857129576;68;2,9;2;1;1
252857129576;252857129872;296;2,9;2;1;1
252857129872;252857129965;93;2,9;2;1;1
252857129965;252857130047;82;2,9;2;1;1
252857130047;252857130126;79;2,9;2;1;1
252857130126;252857130179;53;2,9;2;1;1
252857130179;252857130244;65;2,9;2;1;1
252857130244;252857130385;141;2,9;2;1;1
252857130385;252857130454;69;2,9;2;1;1
252857130454;252857130484;30;2,9;2;1;1
252857130484;252857130521;37;2,9;2;1;1
252857130521;252857130617;96;2,9;2;1;1
252857130617;252857130639;22;2,9;2;1;1
252857130639;252857130710;71;2,9;2;1;1
252857130710;252857130821;111;2,9;2;1;1
252857130821;252857130841;20;2,9;2;1;1
252857130841;252857130895;54;2,9;2;1;1
252857130895;252857131069;174;2,9;2;1;1
252857131069;252857131097;28;2,9;2;1;1
252857131097;252857131128;31;2,9;2;1;1
252857131128;252857131183;55;2,9;2;1;1
252857131183;252857131219;36;2,9;2;1;1
252857131219;252857131243;24;2,9;2;1;1
252857131243;252857131305;62;2,9;2;1;1
252857131305;252857131350;45;2,9;2;1;1
252857131350;252857131434;84;2,9;2;1;1
252857131434;252857131558;124;2,9;2;1;1
252857131558;252857131587;29;2,9;2;1;1
252857131587;252857131609;22;2,9;2;1;1
252857131609;252857131620;11;2,9;2;1;1
252857131620;252857131633;13;2,9;2;1;1
252857131633;252857131659;26;2,9;2;1;1
252857131659;252857131692;33;2,9;2;1;1
252857131692;252857131697;5;2,9;2;1;1
252857131697;252857131741;44;2,9;2;1;1
252857131741;252857131762;21;2,9;2;1;1
252857131762;252857131768;6;2,9;2;1;1
252857131768;252857131774;6;2,9;2;1;1
252857131774;252857131801;27;2,9;2;1;1
252857131801;252857131824;23;2,9;2;1;1
252857131824;252857131842;18;2,9;2;1;1
252857131842;252857131857;15;2,9;2;1;1
252857131857;252857132114;257;2,9;2;1;1
252857132114;252857132152;38;2,9;2;1;1
252857132152;252857132198;46;2,9;2;1;1
252857132198;252857132225;27;2,9;2;1;1
252857132225;252857132226;1;2,9;2;1;1
252857132226;252857132337;111;2,9;2;1;1
252857132337;252857132427;90;2,9;2;1;1
252857132427;252857132438;11;2,9;2;1;1
252857132438;252857132512;74;2,9;2;1;1
252857132512;252857132588;76;2,9;2;1;1
252857132588;252857132650;62;2,9;2;1;1
252857132650;252857132930;280;2,9;2;1;1
252857132930;252857132955;25;2,9;2;1;1
252857132955;252857132974;19;2,9;2;1;1
252857132974;252857133001;27;2,9;2;1;1
252857133001;252857133026;25;2,9;2;1;1
252857133026;252857133039;13;2,9;2;1;1
252857133039;252857133049;10;2,9;2;1;1
252857133049;252857133065;16;2,9;2;1;1
252857133065;252857133093;28;2,9;2;1;1
252857133093;252857133102;9;2,9;2;1;1
252857133102;252857133126;24;2,9;2;1;1
252857133126;252857133152;26;2,9;2;1;1
252857133152;252857133232;80;2,9;2;1;1
252857133232;252857133233;1;2,9;2;1;1
252857133233;252857133255;22;2,9;2;1;1
252857133255;252857133265;10;2,9;2;1;1
252857133265;252857133266;1;2,9;2;1;1
252857133266;252857133290;24;2,9;2;1;1
252857133290;252857133293;3;2,9;2;1;1
252857133293;252857133313;20;2,9;2;1;1
252857133313;252857133347;34;2,9;2;1;1
252857133347;252857133349;2;2,9;2;1;1
252857133349;252857133397;48;2,9;2;1;1
252857133397;252857133402;5;2,9;2;1;1
252857133402;252857133424;22;2,9;2;1;1
252857133424;252857133457;33;2,9;2;1;1
252857133457;252857133489;32;2,9;2;1;1
252857133489;252857133521;32;2,9;2;1;1
252857133521;252857133537;16;2,9;2;1;1
252857133537;252857133611;74;2,9;2;1;1
252857133611;252857133643;32;2,9;2;1;1
252857133643;252857133656;13;2,9;2;1;1
252857133656;252857133738;82;2,9;2;1;1
252857133738;252857133775;37;2,9;2;1;1
252857133775;252857133776;1;2,9;2;1;1
252857133776;252857133823;47;2,9;2;1;1
252857133823;252857133833;10;2,9;2;1;1
252857133833;252857133935;102;2,9;2;1;1
252857133935;252857133969;34;2,9;2;1;1
252857133969;252857134099;130;2,9;2;1;1
252857134099;252857134219;120;2,9;2;1;1
252857134219;252857134260;41;2,9;2;1;1
252857134260;252857134353;93;2,9;2;1;1
252857134353;252857134402;49;2,9;2;1;1
252857134402;252857134431;29;2,9;2;1;1
252857134431;252857134595;164;2,9;2;1;1
252857134595;252857134860;265;2,9;2;1;1
252857134860;252857134886;26;2,9;2;1;1
252857134886;252857134985;99;2,9;2;1;1
252857134985;252857135507;522;2,9;2;1;1
252857135507;252857135666;159;2,9;2;1;1
252857135666;252857135731;65;2,9;2;1;1
252857135731;252857135761;30;2,9;2;1;1
252857135761;252857135780;19;2,9;2;1;1
252857135780;252857135819;39;2,9;2;1;1
252857135819;252857135858;39;2,9;2;1;1
252857135858;252857135931;73;2,9;2;1;1
252857135931;252857135981;50;2,9;2;1;1
252857135981;252857136036;55;2,9;2;1;1
252857136036;252857136091;55;2,9;2;1;1
252857136091;252857136118;27;2,9;2;1;1
252857136118;252857136176;58;2,9;2;1;1
252857136176;252857136202;26;2,9;2;1;1
252857136202;252857136260;58;2,9;2;1;1
252857136260;252857136310;50;2,9;2;1;1
252857136310;252857137128;818;2,9;2;1;1
252857137128;252857137378;250;2,9;2;1;1
252857137378;252857137881;503;2,9;2;1;1
252857137881;252857138019;138;2,9;2;1;1
252857138019;252857138058;39;2,9;2;1;1
252857138058;252857138116;58;2,9;2;1;1
252857138116;252857138133;17;2,9;2;1;1
252857138133;252857138246;113;2,9;2;1;1
252857138246;252857138277;31;2,9;2;1;1
252857138277;252857138350;73;2,9;2;1;1
252857138350;252857138448;98;2,9;2;1;1
252857138448;252857138542;94;2,9;2;1;1
252857138542;252857138640;98;2,9;2;1;1
252857138640;252857139020;380;2,9;2;1;1
252857139020;252857140124;1104;2,9;2;1;1
252857140124;252857140183;59;2,9;2;1;1
252857140183;252857140258;75;2,9;2;1;1
252857140258;252857140389;131;2,9;2;1;1
252857140389;252857140420;31;2,9;2;1;1
252857140420;252857140454;34;2,9;2;1;1
252857140454;252857140515;61;2,9;2;1;1
252857140515;252857140548;33;2,9;2;1;1
252857140548;252857140568;20;2,9;2;1;1
252857140568;252857140673;105;2,9;2;1;1
252857140673;252857140851;178;2,9;2;1;1
252857140851;252857140889;38;2,9;2;1;1
252857140889;252857140925;36;2,9;2;1;1
252857140925;252857141038;113;2,9;2;1;1
252857141038;252857141142;104;2,9;2;1;1
252857141142;252857141418;276;2,9;2;1;1
252857141418;252857157325;15907;2,9;2;1;1
252857157325;252862407591;5250266;2,9;2;1;1
252862407591;252902483281;40075690;2,9;2;1;1
252902483281;252938154745;35671464;2,9;2;1;1
252938154745;252938271279;116534;2,9;2;1;1
252938271279;252938919684;648405;2,9;2;1;1
252938919684;252938981343;61659;2,9;2;1;1
252938981343;252938989639;8296;2,9;2;1;1
252938989639;252939019941;30302;2,9;2;1;1
252939019941;252939024095;4154;2,9;2;1;1
252939024095;252939059298;35203;2,9;2;1;1
252939059298;252939096532;37234;2,9;2;1;1
252939096532;252939103832;7300;2,9;2;1;1
252939103832;252939114832;11000;2,9;2;1;1
252939114832;252939127638;12806;2,9;2;1;1
252939127638;252939133341;5703;2,9;2;1;1
252939133341;252939165362;32021;2,9;2;1;1
252939165362;252939194225;28863;2,9;2;1;1
252939194225;252939210059;15834;2,9;2;1;1
252939210059;252939216225;6166;2,9;2;1;1
252939216225;252939243258;27033;2,9;2;1;1
252939243258;252939302545;59287;2,9;2;1;1
252939302545;252939365848;63303;2,9;2;1;1
252939365848;252939371110;5262;2,9;2;1;1
252939371110;252939435637;64527;2,9;2;1;1
252939435637;252939441760;6123;2,9;2;1;1
252939441760;252939486077;44317;2,9;2;1;1
252939486077;252939528949;42872;2,9;2;1;1
252939528949;252939893700;364751;2,9;2;1;1
252939893700;252940829002;935302;2,9;2;1;1
252940829002;252947020495;6191493;2,9;2;1;1
252947020495;252947606916;586421;2,9;2;1;1
252947606916;252947645349;38433;2,9;2;1;1
252947645349;252947694566;49217;2,9;2;1;1
252947694566;252947808894;114328;2,9;2;1;1
252947808894;252947895158;86264;2,9;2;1;1
252947895158;252947905440;10282;2,9;2;1;1
252947905440;252947926288;20848;2,9;2;1;1
252947926288;252947929234;2946;2,9;2;1;1
252947929234;252947967096;37862;2,9;2;1;1
252947967096;252948073778;106682;2,9;2;1;1
252948073778;252948447486;373708;2,9;2;1;1
252948447486;252952204726;3757240;2,9;2;1;1
252952204726;252956703569;4498843;2,9;2;1;1
252956703569;252956735059;31490;2,9;2;1;1
252956735059;252959744673;3009614;2,9;2;1;1
252959744673;252959847046;102373;2,9;2;1;1
252959847046;252959966792;119746;2,9;2;1;1
252959966792;252959971583;4791;2,9;2;1;1
252959971583;252960027993;56410;2,9;2;1;1
252960027993;252960031712;3719;2,9;2;1;1
252960031712;252960031792;80;2,9;2;1;1
252960031792;252960031844;52;2,9;2;1;1
252960031844;252960031954;110;2,9;2;1;1
252960031954;252960031960;6;2,9;2;1;1
252960031960;252960032058;98;2,9;2;1;1
252960032058;252960032167;109;2,9;2;1;1
252960032167;252960032258;91;2,9;2;1;1
252960032258;252960032300;42;2,9;2;1;1
252960032300;252960032348;48;2,9;2;1;1
252960032348;252960032398;50;2,9;2;1;1
252960032398;252960032402;4;2,9;2;1;1
252960032402;252960032446;44;2,9;2;1;1
252960032446;252960032531;85;2,9;2;1;1
252960032531;252960032545;14;2,9;2;1;1
252960032545;252960032570;25;2,9;2;1;1
252960032570;252960032600;30;2,9;2;1;1
252960032600;252960032656;56;2,9;2;1;1
252960032656;252960032670;14;2,9;2;1;1
252960032670;252960032701;31;2,9;2;1;1
252960032701;252960032704;3;2,9;2;1;1
252960032704;252960032720;16;2,9;2;1;1
252960032720;252960032759;39;2,9;2;1;1
252960032759;252960032775;16;2,9;2;1;1
252960032775;252960032777;2;2,9;2;1;1
252960032777;252960032793;16;2,9;2;1;1
252960032793;252960032814;21;2,9;2;1;1
252960032814;252960032852;38;2,9;2;1;1
252960032852;252960032881;29;2,9;2;1;1
252960032881;252960032902;21;2,9;2;1;1
252960032902;252960032909;7;2,9;2;1;1
252960032909;252960032941;32;2,9;2;1;1
252960032941;252960032961;20;2,9;2;1;1
252960032961;252960032973;12;2,9;2;1;1
252960032973;252960032983;10;2,9;2;1;1
252960032983;252960033027;44;2,9;2;1;1
252960033027;252960033070;43;2,9;2;1;1
252960033070;252960033082;12;2,9;2;1;1
252960033082;252960033121;39;2,9;2;1;1
252960033121;252960033128;7;2,9;2;1;1
252960033128;252960033131;3;2,9;2;1;1
252960033131;252960033141;10;2,9;2;1;1
252960033141;252960033160;19;2,9;2;1;1
252960033160;252960033170;10;2,9;2;1;1
252960033170;252960033177;7;2,9;2;1;1
252960033177;252960033189;12;2,9;2;1;1
252960033189;252960033216;27;2,9;2;1;1
252960033216;252960033219;3;2,9;2;1;1
252960033219;252960033226;7;2,9;2;1;1
252960033226;252960033233;7;2,9;2;1;1
252960033233;252960033250;17;2,9;2;1;1
252960033250;252960033273;23;2,9;2;1;1
252960033273;252960033298;25;2,9;2;1;1
252960033298;252960033300;2;2,9;2;1;1
252960033300;252960033304;4;2,9;2;1;1
252960033304;252960033314;10;2,9;2;1;1
252960033314;252960033315;1;2,9;2;1;1
252960033315;252960033318;3;2,9;2;1;1
252960033318;252960033321;3;2,9;2;1;1
252960033321;252960033325;4;2,9;2;1;1
252960033325;252960033352;27;2,9;2;1;1
252960033352;252960033359;7;2,9;2;1;1
252960033359;252960033381;22;2,9;2;1;1
252960033381;252960033390;9;2,9;2;1;1
252960033390;252960033400;10;2,9;2;1;1
252960033400;252960033405;5;2,9;2;1;1
252960033405;252960033451;46;2,9;2;1;1
252960033451;252960033475;24;2,9;2;1;1
252960033475;252960033495;20;2,9;2;1;1
252960033495;252960033514;19;2,9;2;1;1
252960033514;252960033534;20;2,9;2;1;1
252960033534;252960033560;26;2,9;2;1;1
252960033560;252960033562;2;2,9;2;1;1
252960033562;252960033591;29;2,9;2;1;1
252960033591;252960033612;21;2,9;2;1;1
252960033612;252960033691;79;2,9;2;1;1
252960033691;252960033693;2;2,9;2;1;1
252960033693;252960033740;47;2,9;2;1;1
252960033740;252960033769;29;2,9;2;1;1
252960033769;252960033770;1;2,9;2;1;1
252960033770;252960033783;13;2,9;2;1;1
252960033783;252960033798;15;2,9;2;1;1
252960033798;252960033811;13;2,9;2;1;1
252960033811;252960033830;19;2,9;2;1;1
252960033830;252960033840;10;2,9;2;1;1
252960033840;252960033858;18;2,9;2;1;1
252960033858;252960033872;14;2,9;2;1;1
252960033872;252960033878;6;2,9;2;1;1
252960033878;252960033879;1;2,9;2;1;1
252960033879;252960033884;5;2,9;2;1;1
252960033884;252960033896;12;2,9;2;1;1
252960033896;252960033900;4;2,9;2;1;1
252960033900;252960033903;3;2,9;2;1;1
252960033903;252960033906;3;2,9;2;1;1
252960033906;252960033907;1;2,9;2;1;1
252960033907;252960033910;3;2,9;2;1;1
252960033910;252960033914;4;2,9;2;1;1
252960033914;252960033923;9;2,9;2;1;1
252960033923;252960033926;3;2,9;2;1;1
252960033926;252960033942;16;2,9;2;1;1
252960033942;252960033945;3;2,9;2;1;1
252960033945;252960033956;11;2,9;2;1;1
252960033956;252960033972;16;2,9;2;1;1
252960033972;252960033973;1;2,9;2;1;1
252960033973;252960033974;1;2,9;2;1;1
252960033974;252960034011;37;2,9;2;1;1
252960034011;252960034013;2;2,9;2;1;1
252960034013;252960034016;3;2,9;2;1;1
252960034016;252960034035;19;2,9;2;1;1
252960034035;252960034052;17;2,9;2;1;1
252960034052;252960034063;11;2,9;2;1;1
252960034063;252960034068;5;2,9;2;1;1
252960034068;252960034077;9;2,9;2;1;1
252960034077;252960034082;5;2,9;2;1;1
252960034082;252960034083;1;2,9;2;1;1
252960034083;252960034084;1;2,9;2;1;1
252960034084;252960034093;9;2,9;2;1;1
252960034093;252960034133;40;2,9;2;1;1
252960034133;252960034140;7;2,9;2;1;1
252960034140;252960034147;7;2,9;2;1;1
252960034147;252960034156;9;2,9;2;1;1
252960034156;252960034163;7;2,9;2;1;1
252960034163;252960034164;1;2,9;2;1;1
252960034164;252960034171;7;2,9;2;1;1
252960034171;252960034175;4;2,9;2;1;1
252960034175;252960034176;1;2,9;2;1;1
252960034176;252960034178;2;2,9;2;1;1
252960034178;252960034194;16;2,9;2;1;1
252960034194;252960034199;5;2,9;2;1;1
252960034199;252960034200;1;2,9;2;1;1
252960034200;252960034205;5;2,9;2;1;1
252960034205;252960034215;10;2,9;2;1;1
252960034215;252960034226;11;2,9;2;1;1
252960034226;252960034231;5;2,9;2;1;1
252960034231;252960034239;8;2,9;2;1;1
252960034239;252960034241;2;2,9;2;1;1
252960034241;252960034263;22;2,9;2;1;1
252960034263;252960034268;5;2,9;2;1;1
252960034268;252960034277;9;2,9;2;1;1
252960034277;252960034285;8;2,9;2;1;1
252960034285;252960034290;5;2,9;2;1;1
252960034290;252960034308;18;2,9;2;1;1
252960034308;252960034312;4;2,9;2;1;1
252960034312;252960034314;2;2,9;2;1;1
252960034314;252960034327;13;2,9;2;1;1
252960034327;252960034351;24;2,9;2;1;1
252960034351;252960034363;12;2,9;2;1;1
252960034363;252960034372;9;2,9;2;1;1
252960034372;252960034401;29;2,9;2;1;1
252960034401;252960034413;12;2,9;2;1;1
252960034413;252960034424;11;2,9;2;1;1
252960034424;252960034431;7;2,9;2;1;1
252960034431;252960034484;53;2,9;2;1;1
252960034484;252960034491;7;2,9;2;1;1
252960034491;252960034509;18;2,9;2;1;1
252960034509;252960034542;33;2,9;2;1;1
252960034542;252960034547;5;2,9;2;1;1
252960034547;252960034556;9;2,9;2;1;1
252960034556;252960034581;25;2,9;2;1;1
252960034581;252960034584;3;2,9;2;1;1
252960034584;252960034592;8;2,9;2;1;1
252960034592;252960034624;32;2,9;2;1;1
252960034624;252960034625;1;2,9;2;1;1
252960034625;252960034628;3;2,9;2;1;1
252960034628;252960034631;3;2,9;2;1;1
252960034631;252960034671;40;2,9;2;1;1
252960034671;252960034695;24;2,9;2;1;1
252960034695;252960034697;2;2,9;2;1;1
252960034697;252960034698;1;2,9;2;1;1
252960034698;252960034724;26;2,9;2;1;1
252960034724;252960034742;18;2,9;2;1;1
252960034742;252960034754;12;2,9;2;1;1
252960034754;252960034761;7;2,9;2;1;1
252960034761;252960034767;6;2,9;2;1;1
252960034767;252960034771;4;2,9;2;1;1
252960034771;252960034781;10;2,9;2;1;1
252960034781;252960034782;1;2,9;2;1;1
252960034782;252960034796;14;2,9;2;1;1
252960034796;252960034805;9;2,9;2;1;1
252960034805;252960034808;3;2,9;2;1;1
252960034808;252960034824;16;2,9;2;1;1
252960034824;252960034835;11;2,9;2;1;1
252960034835;252960034860;25;2,9;2;1;1
252960034860;252960034904;44;2,9;2;1;1
252960034904;252960034905;1;2,9;2;1;1
252960034905;252960034937;32;2,9;2;1;1
252960034937;252960034962;25;2,9;2;1;1
252960034962;252960034986;24;2,9;2;1;1
252960034986;252960035004;18;2,9;2;1;1
252960035004;252960035038;34;2,9;2;1;1
252960035038;252960035071;33;2,9;2;1;1
252960035071;252960035084;13;2,9;2;1;1
252960035084;252960035087;3;2,9;2;1;1
252960035087;252960035092;5;2,9;2;1;1
252960035092;252960035114;22;2,9;2;1;1
252960035114;252960035116;2;2,9;2;1;1
252960035116;252960035135;19;2,9;2;1;1
252960035135;252960035145;10;2,9;2;1;1
252960035145;252960035176;31;2,9;2;1;1
252960035176;252960035178;2;2,9;2;1;1
252960035178;252960035184;6;2,9;2;1;1
252960035184;252960035196;12;2,9;2;1;1
252960035196;252960035223;27;2,9;2;1;1
252960035223;252960035230;7;2,9;2;1;1
252960035230;252960035233;3;2,9;2;1;1
252960035233;252960035239;6;2,9;2;1;1
252960035239;252960035248;9;2,9;2;1;1
252960035248;252960035265;17;2,9;2;1;1
252960035265;252960035266;1;2,9;2;1;1
252960035266;252960035269;3;2,9;2;1;1
252960035269;252960035279;10;2,9;2;1;1
252960035279;252960035285;6;2,9;2;1;1
252960035285;252960035291;6;2,9;2;1;1
252960035291;252960035297;6;2,9;2;1;1
252960035297;252960035308;11;2,9;2;1;1
252960035308;252960035310;2;2,9;2;1;1
252960035310;252960035313;3;2,9;2;1;1
252960035313;252960035332;19;2,9;2;1;1
252960035332;252960035339;7;2,9;2;1;1
252960035339;252960035345;6;2,9;2;1;1
252960035345;252960035350;5;2,9;2;1;1
252960035350;252960035351;1;2,9;2;1;1
252960035351;252960035368;17;2,9;2;1;1
252960035368;252960035372;4;2,9;2;1;1
252960035372;252960035374;2;2,9;2;1;1
252960035374;252960035399;25;2,9;2;1;1
252960035399;252960035408;9;2,9;2;1;1
252960035408;252960035425;17;2,9;2;1;1
252960035425;252960035426;1;2,9;2;1;1
252960035426;252960035432;6;2,9;2;1;1
252960035432;252960035463;31;2,9;2;1;1
252960035463;252960035465;2;2,9;2;1;1
252960035465;252960035468;3;2,9;2;1;1
252960035468;252960035472;4;2,9;2;1;1
252960035472;252960035486;14;2,9;2;1;1
252960035486;252960035487;1;2,9;2;1;1
252960035487;252960035512;25;2,9;2;1;1
252960035512;252960035558;46;2,9;2;1;1
252960035558;252960035577;19;2,9;2;1;1
252960035577;252960035587;10;2,9;2;1;1
252960035587;252960035620;33;2,9;2;1;1
252960035620;252960035624;4;2,9;2;1;1
252960035624;252960035636;12;2,9;2;1;1
252960035636;252960035650;14;2,9;2;1;1
252960035650;252960035667;17;2,9;2;1;1
252960035667;252960035673;6;2,9;2;1;1
252960035673;252960035675;2;2,9;2;1;1
252960035675;252960035686;11;2,9;2;1;1
252960035686;252960035688;2;2,9;2;1;1
252960035688;252960035691;3;2,9;2;1;1
252960035691;252960035692;1;2,9;2;1;1
252960035692;252960035698;6;2,9;2;1;1
252960035698;252960035702;4;2,9;2;1;1
252960035702;252960035711;9;2,9;2;1;1
252960035711;252960035714;3;2,9;2;1;1
252960035714;252960035716;2;2,9;2;1;1
252960035716;252960035741;25;2,9;2;1;1
252960035741;252960035743;2;2,9;2;1;1
252960035743;252960035745;2;2,9;2;1;1
252960035745;252960035766;21;2,9;2;1;1
252960035766;252960035772;6;2,9;2;1;1
252960035772;252960035775;3;2,9;2;1;1
252960035775;252960035793;18;2,9;2;1;1
252960035793;252960035831;38;2,9;2;1;1
252960035831;252960035848;17;2,9;2;1;1
252960035848;252960035860;12;2,9;2;1;1
252960035860;252960035864;4;2,9;2;1;1
252960035864;252960035877;13;2,9;2;1;1
252960035877;252960035883;6;2,9;2;1;1
252960035883;252960035889;6;2,9;2;1;1
252960035889;252960035896;7;2,9;2;1;1
252960035896;252960035897;1;2,9;2;1;1
252960035897;252960035902;5;2,9;2;1;1
252960035902;252960035904;2;2,9;2;1;1
252960035904;252960035914;10;2,9;2;1;1
252960035914;252960035916;2;2,9;2;1;1
252960035916;252960035923;7;2,9;2;1;1
252960035923;252960035925;2;2,9;2;1;1
252960035925;252960035927;2;2,9;2;1;1
252960035927;252960035934;7;2,9;2;1;1
252960035934;252960035952;18;2,9;2;1;1
252960035952;252960035967;15;2,9;2;1;1
252960035967;252960035975;8;2,9;2;1;1
252960035975;252960035982;7;2,9;2;1;1
252960035982;252960036016;34;2,9;2;1;1
252960036016;252960036021;5;2,9;2;1;1
252960036021;252960036025;4;2,9;2;1;1
252960036025;252960036026;1;2,9;2;1;1
252960036026;252960036032;6;2,9;2;1;1
252960036032;252960036052;20;2,9;2;1;1
252960036052;252960036054;2;2,9;2;1;1
252960036054;252960036062;8;2,9;2;1;1
252960036062;252960036075;13;2,9;2;1;1
252960036075;252960036082;7;2,9;2;1;1
252960036082;252960036084;2;2,9;2;1;1
252960036084;252960036092;8;2,9;2;1;1
252960036092;252960036103;11;2,9;2;1;1
252960036103;252960036106;3;2,9;2;1;1
252960036106;252960036112;6;2,9;2;1;1
252960036112;252960036121;9;2,9;2;1;1
252960036121;252960036129;8;2,9;2;1;1
252960036129;252960036131;2;2,9;2;1;1
252960036131;252960036132;1;2,9;2;1;1
252960036132;252960036138;6;2,9;2;1;1
252960036138;252960036148;10;2,9;2;1;1
252960036148;252960036171;23;2,9;2;1;1
252960036171;252960036174;3;2,9;2;1;1
252960036174;252960036190;16;2,9;2;1;1
252960036190;252960036195;5;2,9;2;1;1
252960036195;252960036200;5;2,9;2;1;1
252960036200;252960036217;17;2,9;2;1;1
252960036217;252960036234;17;2,9;2;1;1
252960036234;252960036235;1;2,9;2;1;1
252960036235;252960036242;7;2,9;2;1;1
252960036242;252960036243;1;2,9;2;1;1
252960036243;252960036244;1;2,9;2;1;1
252960036244;252960036246;2;2,9;2;1;1
252960036246;252960036248;2;2,9;2;1;1
252960036248;252960036250;2;2,9;2;1;1
252960036250;252960036291;41;2,9;2;1;1
252960036291;252960036304;13;2,9;2;1;1
252960036304;252960036305;1;2,9;2;1;1
252960036305;252960036316;11;2,9;2;1;1
252960036316;252960036352;36;2,9;2;1;1
252960036352;252960036356;4;2,9;2;1;1
252960036356;252960036367;11;2,9;2;1;1
252960036367;252960036396;29;2,9;2;1;1
252960036396;252960036418;22;2,9;2;1;1
252960036418;252960036441;23;2,9;2;1;1
252960036441;252960036500;59;2,9;2;1;1
252960036500;252960036507;7;2,9;2;1;1
252960036507;252960036521;14;2,9;2;1;1
252960036521;252960036523;2;2,9;2;1;1
252960036523;252960036534;11;2,9;2;1;1
252960036534;252960036567;33;2,9;2;1;1
252960036567;252960036611;44;2,9;2;1;1
252960036611;252960036649;38;2,9;2;1;1
252960036649;252960036675;26;2,9;2;1;1
252960036675;252960036690;15;2,9;2;1;1
252960036690;252960036722;32;2,9;2;1;1
252960036722;252960036737;15;2,9;2;1;1
252960036737;252960036771;34;2,9;2;1;1
252960036771;252960036808;37;2,9;2;1;1
252960036808;252960036826;18;2,9;2;1;1
252960036826;252960036835;9;2,9;2;1;1
252960036835;252960036863;28;2,9;2;1;1
252960036863;252960036885;22;2,9;2;1;1
252960036885;252960036927;42;2,9;2;1;1
252960036927;252960036943;16;2,9;2;1;1
252960036943;252960036986;43;2,9;2;1;1
252960036986;252960037012;26;2,9;2;1;1
252960037012;252960037021;9;2,9;2;1;1
252960037021;252960037031;10;2,9;2;1;1
252960037031;252960037066;35;2,9;2;1;1
252960037066;252960037081;15;2,9;2;1;1
252960037081;252960037086;5;2,9;2;1;1
252960037086;252960037089;3;2,9;2;1;1
252960037089;252960037123;34;2,9;2;1;1
252960037123;252960037140;17;2,9;2;1;1
252960037140;252960037144;4;2,9;2;1;1
252960037144;252960037149;5;2,9;2;1;1
252960037149;252960037153;4;2,9;2;1;1
252960037153;252960037192;39;2,9;2;1;1
252960037192;252960037193;1;2,9;2;1;1
252960037193;252960037213;20;2,9;2;1;1
252960037213;252960037232;19;2,9;2;1;1
252960037232;252960037234;2;2,9;2;1;1
252960037234;252960037237;3;2,9;2;1;1
252960037237;252960037249;12;2,9;2;1;1
252960037249;252960037280;31;2,9;2;1;1
252960037280;252960037295;15;2,9;2;1;1
252960037295;252960037296;1;2,9;2;1;1
252960037296;252960037304;8;2,9;2;1;1
252960037304;252960037330;26;2,9;2;1;1
252960037330;252960037334;4;2,9;2;1;1
252960037334;252960037336;2;2,9;2;1;1
252960037336;252960037337;1;2,9;2;1;1
252960037337;252960037344;7;2,9;2;1;1
252960037344;252960037345;1;2,9;2;1;1
252960037345;252960037374;29;2,9;2;1;1
252960037374;252960037384;10;2,9;2;1;1
252960037384;252960037396;12;2,9;2;1;1
252960037396;252960037406;10;2,9;2;1;1
252960037406;252960037413;7;2,9;2;1;1
252960037413;252960037486;73;2,9;2;1;1
252960037486;252960037517;31;2,9;2;1;1
252960037517;252960037535;18;2,9;2;1;1
252960037535;252960037565;30;2,9;2;1;1
252960037565;252960037626;61;2,9;2;1;1
252960037626;252960037670;44;2,9;2;1;1
252960037670;252960037696;26;2,9;2;1;1
252960037696;252960037716;20;2,9;2;1;1
252960037716;252960037750;34;2,9;2;1;1
252960037750;252960037800;50;2,9;2;1;1
252960037800;252960037818;18;2,9;2;1;1
252960037818;252960037860;42;2,9;2;1;1
252960037860;252960037957;97;2,9;2;1;1
252960037957;252960037977;20;2,9;2;1;1
252960037977;252960038068;91;2,9;2;1;1
252960038068;252960038092;24;2,9;2;1;1
252960038092;252960038157;65;2,9;2;1;1
252960038157;252960038174;17;2,9;2;1;1
252960038174;252960038207;33;2,9;2;1;1
252960038207;252960038209;2;2,9;2;1;1
252960038209;252960038213;4;2,9;2;1;1
252960038213;252960038217;4;2,9;2;1;1
252960038217;252960038244;27;2,9;2;1;1
252960038244;252960038247;3;2,9;2;1;1
252960038247;252960038278;31;2,9;2;1;1
252960038278;252960038285;7;2,9;2;1;1
252960038285;252960038311;26;2,9;2;1;1
252960038311;252960038320;9;2,9;2;1;1
252960038320;252960038330;10;2,9;2;1;1
252960038330;252960038358;28;2,9;2;1;1
252960038358;252960038379;21;2,9;2;1;1
252960038379;252960038417;38;2,9;2;1;1
252960038417;252960038450;33;2,9;2;1;1
252960038450;252960038492;42;2,9;2;1;1
252960038492;252960038499;7;2,9;2;1;1
252960038499;252960038555;56;2,9;2;1;1
252960038555;252960038566;11;2,9;2;1;1
252960038566;252960038587;21;2,9;2;1;1
252960038587;252960038625;38;2,9;2;1;1
252960038625;252960038637;12;2,9;2;1;1
252960038637;252960038717;80;2,9;2;1;1
252960038717;252960038721;4;2,9;2;1;1
252960038721;252960038764;43;2,9;2;1;1
252960038764;252960038781;17;2,9;2;1;1
252960038781;252960038815;34;2,9;2;1;1
252960038815;252960038845;30;2,9;2;1;1
252960038845;252960038866;21;2,9;2;1;1
252960038866;252960038878;12;2,9;2;1;1
252960038878;252960038883;5;2,9;2;1;1
252960038883;252960038889;6;2,9;2;1;1
252960038889;252960038905;16;2,9;2;1;1
252960038905;252960038913;8;2,9;2;1;1
252960038913;252960038915;2;2,9;2;1;1
252960038915;252960038926;11;2,9;2;1;1
252960038926;252960038930;4;2,9;2;1;1
252960038930;252960038948;18;2,9;2;1;1
252960038948;252960038960;12;2,9;2;1;1
252960038960;252960038981;21;2,9;2;1;1
252960038981;252960039026;45;2,9;2;1;1
252960039026;252960039035;9;2,9;2;1;1
252960039035;252960039069;34;2,9;2;1;1
252960039069;252960039092;23;2,9;2;1;1
252960039092;252960039097;5;2,9;2;1;1
252960039097;252960039114;17;2,9;2;1;1
252960039114;252960039139;25;2,9;2;1;1
252960039139;252960039195;56;2,9;2;1;1
252960039195;252960039214;19;2,9;2;1;1
252960039214;252960039224;10;2,9;2;1;1
252960039224;252960039249;25;2,9;2;1;1
252960039249;252960039260;11;2,9;2;1;1
252960039260;252960039269;9;2,9;2;1;1
252960039269;252960039296;27;2,9;2;1;1
252960039296;252960039323;27;2,9;2;1;1
252960039323;252960039347;24;2,9;2;1;1
252960039347;252960039423;76;2,9;2;1;1
252960039423;252960039461;38;2,9;2;1;1
252960039461;252960039488;27;2,9;2;1;1
252960039488;252960039551;63;2,9;2;1;1
252960039551;252960039553;2;2,9;2;1;1
252960039553;252960039723;170;2,9;2;1;1
252960039723;252960039793;70;2,9;2;1;1
252960039793;252960039926;133;2,9;2;1;1
252960039926;252960039957;31;2,9;2;1;1
252960039957;252960050754;10797;2,9;2;1;1
252960050754;252960050762;8;2,9;2;1;1
252960050762;252960050769;7;2,9;2;1;1
252960050769;252960050819;50;2,9;2;1;1
252960050819;252960050845;26;2,9;2;1;1
252960050845;252960050894;49;2,9;2;1;1
252960050894;252960050903;9;2,9;2;1;1
252960050903;252960050918;15;2,9;2;1;1
252960050918;252960050989;71;2,9;2;1;1
252960050989;252960051011;22;2,9;2;1;1
252960051011;252960051014;3;2,9;2;1;1
252960051014;252960051056;42;2,9;2;1;1
252960051056;252960051077;21;2,9;2;1;1
252960051077;252960051080;3;2,9;2;1;1
252960051080;252960051082;2;2,9;2;1;1
252960051082;252960051145;63;2,9;2;1;1
252960051145;252960051166;21;2,9;2;1;1
252960051166;252960051175;9;2,9;2;1;1
252960051175;252960051180;5;2,9;2;1;1
252960051180;252960051211;31;2,9;2;1;1
252960051211;252960051254;43;2,9;2;1;1
252960051254;252960051257;3;2,9;2;1;1
252960051257;252960051300;43;2,9;2;1;1
252960051300;252960051302;2;2,9;2;1;1
252960051302;252960051318;16;2,9;2;1;1
252960051318;252960051337;19;2,9;2;1;1
252960051337;252960051448;111;2,9;2;1;1
252960051448;252960051456;8;2,9;2;1;1
252960051456;252960051474;18;2,9;2;1;1
252960051474;252960051495;21;2,9;2;1;1
252960051495;252960051521;26;2,9;2;1;1
252960051521;252960051555;34;2,9;2;1;1
252960051555;252960051564;9;2,9;2;1;1
252960051564;252960051594;30;2,9;2;1;1
252960051594;252960051608;14;2,9;2;1;1
252960051608;252960051658;50;2,9;2;1;1
252960051658;252960051664;6;2,9;2;1;1
252960051664;252960051691;27;2,9;2;1;1
252960051691;252960051702;11;2,9;2;1;1
252960051702;252960051715;13;2,9;2;1;1
252960051715;252960051720;5;2,9;2;1;1
252960051720;252960051729;9;2,9;2;1;1
252960051729;252960051745;16;2,9;2;1;1
252960051745;252960051775;30;2,9;2;1;1
252960051775;252960051776;1;2,9;2;1;1
252960051776;252960051782;6;2,9;2;1;1
252960051782;252960051789;7;2,9;2;1;1
252960051789;252960051792;3;2,9;2;1;1
252960051792;252960051816;24;2,9;2;1;1
252960051816;252960051828;12;2,9;2;1;1
252960051828;252960051831;3;2,9;2;1;1
252960051831;252960051853;22;2,9;2;1;1
252960051853;252960051878;25;2,9;2;1;1
252960051878;252960051890;12;2,9;2;1;1
252960051890;252960051951;61;2,9;2;1;1
252960051951;252960051964;13;2,9;2;1;1
252960051964;252960051984;20;2,9;2;1;1
252960051984;252960052002;18;2,9;2;1;1
252960052002;252960052032;30;2,9;2;1;1
252960052032;252960052050;18;2,9;2;1;1
252960052050;252960052051;1;2,9;2;1;1
252960052051;252960052052;1;2,9;2;1;1
252960052052;252960052053;1;2,9;2;1;1
252960052053;252960052058;5;2,9;2;1;1
252960052058;252960052072;14;2,9;2;1;1
252960052072;252960052089;17;2,9;2;1;1
252960052089;252960052119;30;2,9;2;1;1
252960052119;252960052132;13;2,9;2;1;1
252960052132;252960052134;2;2,9;2;1;1
252960052134;252960052135;1;2,9;2;1;1
252960052135;252960052146;11;2,9;2;1;1
252960052146;252960052180;34;2,9;2;1;1
252960052180;252960052204;24;2,9;2;1;1
252960052204;252960052208;4;2,9;2;1;1
252960052208;252960052227;19;2,9;2;1;1
252960052227;252960052232;5;2,9;2;1;1
252960052232;252960052262;30;2,9;2;1;1
252960052262;252960052270;8;2,9;2;1;1
252960052270;252960052282;12;2,9;2;1;1
252960052282;252960052303;21;2,9;2;1;1
252960052303;252960052338;35;2,9;2;1;1
252960052338;252960052348;10;2,9;2;1;1
252960052348;252960052352;4;2,9;2;1;1
252960052352;252960052441;89;2,9;2;1;1
252960052441;252960052462;21;2,9;2;1;1
252960052462;252960052474;12;2,9;2;1;1
252960052474;252960052496;22;2,9;2;1;1
252960052496;252960052501;5;2,9;2;1;1
252960052501;252960052511;10;2,9;2;1;1
252960052511;252960052513;2;2,9;2;1;1
252960052513;252960052523;10;2,9;2;1;1
252960052523;252960052533;10;2,9;2;1;1
252960052533;252960052543;10;2,9;2;1;1
252960052543;252960052546;3;2,9;2;1;1
252960052546;252960052552;6;2,9;2;1;1
252960052552;252960052559;7;2,9;2;1;1
252960052559;252960052567;8;2,9;2;1;1
252960052567;252960052578;11;2,9;2;1;1
252960052578;252960052589;11;2,9;2;1;1
252960052589;252960052596;7;2,9;2;1;1
252960052596;252960052599;3;2,9;2;1;1
252960052599;252960052607;8;2,9;2;1;1
252960052607;252960052626;19;2,9;2;1;1
252960052626;252960052640;14;2,9;2;1;1
252960052640;252960052642;2;2,9;2;1;1
252960052642;252960052667;25;2,9;2;1;1
252960052667;252960052693;26;2,9;2;1;1
252960052693;252960052752;59;2,9;2;1;1
252960052752;252960052761;9;2,9;2;1;1
252960052761;252960052767;6;2,9;2;1;1
252960052767;252960052769;2;2,9;2;1;1
252960052769;252960052786;17;2,9;2;1;1
252960052786;252960052790;4;2,9;2;1;1
252960052790;252960052848;58;2,9;2;1;1
252960052848;252960052869;21;2,9;2;1;1
252960052869;252960052871;2;2,9;2;1;1
252960052871;252960052881;10;2,9;2;1;1
252960052881;252960052885;4;2,9;2;1;1
252960052885;252960052888;3;2,9;2;1;1
252960052888;252960052889;1;2,9;2;1;1
252960052889;252960052890;1;2,9;2;1;1
252960052890;252960052896;6;2,9;2;1;1
252960052896;252960052935;39;2,9;2;1;1
252960052935;252960052957;22;2,9;2;1;1
252960052957;252960052965;8;2,9;2;1;1
252960052965;252960052966;1;2,9;2;1;1
252960052966;252960052978;12;2,9;2;1;1
252960052978;252960053022;44;2,9;2;1;1
252960053022;252960053025;3;2,9;2;1;1
252960053025;252960053028;3;2,9;2;1;1
252960053028;252960053030;2;2,9;2;1;1
252960053030;252960053050;20;2,9;2;1;1
252960053050;252960053056;6;2,9;2;1;1
252960053056;252960053059;3;2,9;2;1;1
252960053059;252960053063;4;2,9;2;1;1
252960053063;252960053102;39;2,9;2;1;1
252960053102;252960053125;23;2,9;2;1;1
252960053125;252960053144;19;2,9;2;1;1
252960053144;252960053175;31;2,9;2;1;1
252960053175;252960053190;15;2,9;2;1;1
252960053190;252960053193;3;2,9;2;1;1
252960053193;252960053211;18;2,9;2;1;1
252960053211;252960053244;33;2,9;2;1;1
252960053244;252960053262;18;2,9;2;1;1
252960053262;252960053301;39;2,9;2;1;1
252960053301;252960053304;3;2,9;2;1;1
252960053304;252960053311;7;2,9;2;1;1
252960053311;252960053339;28;2,9;2;1;1
252960053339;252960053354;15;2,9;2;1;1
252960053354;252960053369;15;2,9;2;1;1
252960053369;252960053412;43;2,9;2;1;1
252960053412;252960053420;8;2,9;2;1;1
252960053420;252960053425;5;2,9;2;1;1
252960053425;252960053436;11;2,9;2;1;1
252960053436;252960053445;9;2,9;2;1;1
252960053445;252960053449;4;2,9;2;1;1
252960053449;252960053471;22;2,9;2;1;1
252960053471;252960053474;3;2,9;2;1;1
252960053474;252960053486;12;2,9;2;1;1
252960053486;252960053515;29;2,9;2;1;1
252960053515;252960053521;6;2,9;2;1;1
252960053521;252960053529;8;2,9;2;1;1
252960053529;252960053534;5;2,9;2;1;1
252960053534;252960053562;28;2,9;2;1;1
252960053562;252960053584;22;2,9;2;1;1
252960053584;252960053610;26;2,9;2;1;1
252960053610;252960053611;1;2,9;2;1;1
252960053611;252960053623;12;2,9;2;1;1
252960053623;252960053624;1;2,9;2;1;1
252960053624;252960053633;9;2,9;2;1;1
252960053633;252960053649;16;2,9;2;1;1
252960053649;252960053672;23;2,9;2;1;1
252960053672;252960053688;16;2,9;2;1;1
252960053688;252960053702;14;2,9;2;1;1
252960053702;252960053710;8;2,9;2;1;1
252960053710;252960053711;1;2,9;2;1;1
252960053711;252960053742;31;2,9;2;1;1
252960053742;252960053753;11;2,9;2;1;1
252960053753;252960053766;13;2,9;2;1;1
252960053766;252960053785;19;2,9;2;1;1
252960053785;252960053803;18;2,9;2;1;1
252960053803;252960053806;3;2,9;2;1;1
252960053806;252960053808;2;2,9;2;1;1
252960053808;252960053818;10;2,9;2;1;1
252960053818;252960053825;7;2,9;2;1;1
252960053825;252960053844;19;2,9;2;1;1
252960053844;252960053846;2;2,9;2;1;1
252960053846;252960053848;2;2,9;2;1;1
252960053848;252960053883;35;2,9;2;1;1
252960053883;252960053887;4;2,9;2;1;1
252960053887;252960053899;12;2,9;2;1;1
252960053899;252960053900;1;2,9;2;1;1
252960053900;252960053914;14;2,9;2;1;1
252960053914;252960053915;1;2,9;2;1;1
252960053915;252960053919;4;2,9;2;1;1
252960053919;252960053933;14;2,9;2;1;1
252960053933;252960053940;7;2,9;2;1;1
252960053940;252960053941;1;2,9;2;1;1
252960053941;252960053948;7;2,9;2;1;1
252960053948;252960053962;14;2,9;2;1;1
252960053962;252960053967;5;2,9;2;1;1
252960053967;252960053973;6;2,9;2;1;1
252960053973;252960053974;1;2,9;2;1;1
252960053974;252960053977;3;2,9;2;1;1
252960053977;252960053978;1;2,9;2;1;1
252960053978;252960053998;20;2,9;2;1;1
252960053998;252960054006;8;2,9;2;1;1
252960054006;252960054032;26;2,9;2;1;1
252960054032;252960054073;41;2,9;2;1;1
252960054073;252960054079;6;2,9;2;1;1
252960054079;252960054090;11;2,9;2;1;1
252960054090;252960054105;15;2,9;2;1;1
252960054105;252960054113;8;2,9;2;1;1
252960054113;252960054126;13;2,9;2;1;1
252960054126;252960054136;10;2,9;2;1;1
252960054136;252960054160;24;2,9;2;1;1
252960054160;252960054181;21;2,9;2;1;1
252960054181;252960054183;2;2,9;2;1;1
252960054183;252960054201;18;2,9;2;1;1
252960054201;252960054221;20;2,9;2;1;1
252960054221;252960054271;50;2,9;2;1;1
252960054271;252960054276;5;2,9;2;1;1
252960054276;252960054282;6;2,9;2;1;1
252960054282;252960054293;11;2,9;2;1;1
252960054293;252960054319;26;2,9;2;1;1
252960054319;252960054322;3;2,9;2;1;1
252960054322;252960054324;2;2,9;2;1;1
252960054324;252960054330;6;2,9;2;1;1
252960054330;252960054341;11;2,9;2;1;1
252960054341;252960054342;1;2,9;2;1;1
252960054342;252960054350;8;2,9;2;1;1
252960054350;252960054356;6;2,9;2;1;1
252960054356;252960054367;11;2,9;2;1;1
252960054367;252960054373;6;2,9;2;1;1
252960054373;252960054383;10;2,9;2;1;1
252960054383;252960054400;17;2,9;2;1;1
252960054400;252960054412;12;2,9;2;1;1
252960054412;252960054420;8;2,9;2;1;1
252960054420;252960054427;7;2,9;2;1;1
252960054427;252960054428;1;2,9;2;1;1
252960054428;252960054442;14;2,9;2;1;1
252960054442;252960054450;8;2,9;2;1;1
252960054450;252960054488;38;2,9;2;1;1
252960054488;252960054497;9;2,9;2;1;1
252960054497;252960054507;10;2,9;2;1;1
252960054507;252960054515;8;2,9;2;1;1
252960054515;252960054520;5;2,9;2;1;1
252960054520;252960054526;6;2,9;2;1;1
252960054526;252960054530;4;2,9;2;1;1
252960054530;252960054541;11;2,9;2;1;1
252960054541;252960054550;9;2,9;2;1;1
252960054550;252960054556;6;2,9;2;1;1
252960054556;252960054582;26;2,9;2;1;1
252960054582;252960054620;38;2,9;2;1;1
252960054620;252960054624;4;2,9;2;1;1
252960054624;252960054626;2;2,9;2;1;1
252960054626;252960054636;10;2,9;2;1;1
252960054636;252960054639;3;2,9;2;1;1
252960054639;252960054653;14;2,9;2;1;1
252960054653;252960054661;8;2,9;2;1;1
252960054661;252960054667;6;2,9;2;1;1
252960054667;252960054668;1;2,9;2;1;1
252960054668;252960054672;4;2,9;2;1;1
252960054672;252960054682;10;2,9;2;1;1
252960054682;252960054683;1;2,9;2;1;1
252960054683;252960054704;21;2,9;2;1;1
252960054704;252960054709;5;2,9;2;1;1
252960054709;252960054716;7;2,9;2;1;1
252960054716;252960054724;8;2,9;2;1;1
252960054724;252960054747;23;2,9;2;1;1
252960054747;252960054754;7;2,9;2;1;1
252960054754;252960054755;1;2,9;2;1;1
252960054755;252960054766;11;2,9;2;1;1
252960054766;252960054778;12;2,9;2;1;1
252960054778;252960054796;18;2,9;2;1;1
252960054796;252960054802;6;2,9;2;1;1
252960054802;252960054813;11;2,9;2;1;1
252960054813;252960054821;8;2,9;2;1;1
252960054821;252960054822;1;2,9;2;1;1
252960054822;252960054866;44;2,9;2;1;1
252960054866;252960054897;31;2,9;2;1;1
252960054897;252960054923;26;2,9;2;1;1
252960054923;252960054926;3;2,9;2;1;1
252960054926;252960054929;3;2,9;2;1;1
252960054929;252960054941;12;2,9;2;1;1
252960054941;252960054946;5;2,9;2;1;1
252960054946;252960054949;3;2,9;2;1;1
252960054949;252960054955;6;2,9;2;1;1
252960054955;252960054956;1;2,9;2;1;1
252960054956;252960054985;29;2,9;2;1;1
252960054985;252960054997;12;2,9;2;1;1
252960054997;252960054998;1;2,9;2;1;1
252960054998;252960055023;25;2,9;2;1;1
252960055023;252960055034;11;2,9;2;1;1
252960055034;252960055040;6;2,9;2;1;1
252960055040;252960055042;2;2,9;2;1;1
252960055042;252960055051;9;2,9;2;1;1
252960055051;252960055072;21;2,9;2;1;1
252960055072;252960055103;31;2,9;2;1;1
252960055103;252960055105;2;2,9;2;1;1
252960055105;252960055107;2;2,9;2;1;1
252960055107;252960055119;12;2,9;2;1;1
252960055119;252960055128;9;2,9;2;1;1
252960055128;252960055132;4;2,9;2;1;1
252960055132;252960055135;3;2,9;2;1;1
252960055135;252960055159;24;2,9;2;1;1
252960055159;252960055187;28;2,9;2;1;1
252960055187;252960055200;13;2,9;2;1;1
252960055200;252960055221;21;2,9;2;1;1
252960055221;252960055244;23;2,9;2;1;1
252960055244;252960055253;9;2,9;2;1;1
252960055253;252960055257;4;2,9;2;1;1
252960055257;252960055268;11;2,9;2;1;1
252960055268;252960055271;3;2,9;2;1;1
252960055271;252960055277;6;2,9;2;1;1
252960055277;252960055280;3;2,9;2;1;1
252960055280;252960055324;44;2,9;2;1;1
252960055324;252960055331;7;2,9;2;1;1
252960055331;252960055333;2;2,9;2;1;1
252960055333;252960055345;12;2,9;2;1;1
252960055345;252960055363;18;2,9;2;1;1
252960055363;252960055392;29;2,9;2;1;1
252960055392;252960055400;8;2,9;2;1;1
252960055400;252960055412;12;2,9;2;1;1
252960055412;252960055417;5;2,9;2;1;1
252960055417;252960055420;3;2,9;2;1;1
252960055420;252960055438;18;2,9;2;1;1
252960055438;252960055452;14;2,9;2;1;1
252960055452;252960055469;17;2,9;2;1;1
252960055469;252960055479;10;2,9;2;1;1
252960055479;252960055485;6;2,9;2;1;1
252960055485;252960055510;25;2,9;2;1;1
252960055510;252960055516;6;2,9;2;1;1
252960055516;252960055544;28;2,9;2;1;1
252960055544;252960055557;13;2,9;2;1;1
252960055557;252960055578;21;2,9;2;1;1
252960055578;252960055642;64;2,9;2;1;1
252960055642;252960055653;11;2,9;2;1;1
252960055653;252960055661;8;2,9;2;1;1
252960055661;252960055665;4;2,9;2;1;1
252960055665;252960055680;15;2,9;2;1;1
252960055680;252960055681;1;2,9;2;1;1
252960055681;252960055684;3;2,9;2;1;1
252960055684;252960055700;16;2,9;2;1;1
252960055700;252960055705;5;2,9;2;1;1
252960055705;252960055772;67;2,9;2;1;1
252960055772;252960055784;12;2,9;2;1;1
252960055784;252960055790;6;2,9;2;1;1
252960055790;252960055806;16;2,9;2;1;1
252960055806;252960055812;6;2,9;2;1;1
252960055812;252960055828;16;2,9;2;1;1
252960055828;252960055837;9;2,9;2;1;1
252960055837;252960055860;23;2,9;2;1;1
252960055860;252960055875;15;2,9;2;1;1
252960055875;252960055883;8;2,9;2;1;1
252960055883;252960055907;24;2,9;2;1;1
252960055907;252960055911;4;2,9;2;1;1
252960055911;252960055919;8;2,9;2;1;1
252960055919;252960055921;2;2,9;2;1;1
252960055921;252960055932;11;2,9;2;1;1
252960055932;252960055936;4;2,9;2;1;1
252960055936;252960055960;24;2,9;2;1;1
252960055960;252960055967;7;2,9;2;1;1
252960055967;252960055976;9;2,9;2;1;1
252960055976;252960055996;20;2,9;2;1;1
252960055996;252960056015;19;2,9;2;1;1
252960056015;252960056031;16;2,9;2;1;1
252960056031;252960056034;3;2,9;2;1;1
252960056034;252960056049;15;2,9;2;1;1
252960056049;252960056079;30;2,9;2;1;1
252960056079;252960056097;18;2,9;2;1;1
252960056097;252960056104;7;2,9;2;1;1
252960056104;252960056125;21;2,9;2;1;1
252960056125;252960056135;10;2,9;2;1;1
252960056135;252960056146;11;2,9;2;1;1
252960056146;252960056167;21;2,9;2;1;1
252960056167;252960056171;4;2,9;2;1;1
252960056171;252960056175;4;2,9;2;1;1
252960056175;252960056188;13;2,9;2;1;1
252960056188;252960056232;44;2,9;2;1;1
252960056232;252960056249;17;2,9;2;1;1
252960056249;252960056266;17;2,9;2;1;1
252960056266;252960056285;19;2,9;2;1;1
252960056285;252960056299;14;2,9;2;1;1
252960056299;252960056300;1;2,9;2;1;1
252960056300;252960056313;13;2,9;2;1;1
252960056313;252960056315;2;2,9;2;1;1
252960056315;252960056316;1;2,9;2;1;1
252960056316;252960056346;30;2,9;2;1;1
252960056346;252960056347;1;2,9;2;1;1
252960056347;252960056359;12;2,9;2;1;1
252960056359;252960056401;42;2,9;2;1;1
252960056401;252960056413;12;2,9;2;1;1
252960056413;252960056420;7;2,9;2;1;1
252960056420;252960056442;22;2,9;2;1;1
252960056442;252960056443;1;2,9;2;1;1
252960056443;252960056444;1;2,9;2;1;1
252960056444;252960056462;18;2,9;2;1;1
252960056462;252960056480;18;2,9;2;1;1
252960056480;252960056481;1;2,9;2;1;1
252960056481;252960056490;9;2,9;2;1;1
252960056490;252960056493;3;2,9;2;1;1
252960056493;252960056499;6;2,9;2;1;1
252960056499;252960056502;3;2,9;2;1;1
252960056502;252960056505;3;2,9;2;1;1
252960056505;252960056520;15;2,9;2;1;1
252960056520;252960056526;6;2,9;2;1;1
252960056526;252960056528;2;2,9;2;1;1
252960056528;252960056535;7;2,9;2;1;1
252960056535;252960056544;9;2,9;2;1;1
252960056544;252960056559;15;2,9;2;1;1
252960056559;252960056579;20;2,9;2;1;1
252960056579;252960056639;60;2,9;2;1;1
252960056639;252960056687;48;2,9;2;1;1
252960056687;252960056714;27;2,9;2;1;1
252960056714;252960056723;9;2,9;2;1;1
252960056723;252960056727;4;2,9;2;1;1
252960056727;252960056728;1;2,9;2;1;1
252960056728;252960056746;18;2,9;2;1;1
252960056746;252960056752;6;2,9;2;1;1
252960056752;252960056781;29;2,9;2;1;1
252960056781;252960056784;3;2,9;2;1;1
252960056784;252960056796;12;2,9;2;1;1
252960056796;252960056806;10;2,9;2;1;1
252960056806;252960056844;38;2,9;2;1;1
252960056844;252960056872;28;2,9;2;1;1
252960056872;252960056888;16;2,9;2;1;1
252960056888;252960056955;67;2,9;2;1;1
252960056955;252960056973;18;2,9;2;1;1
252960056973;252960056977;4;2,9;2;1;1
252960056977;252960057037;60;2,9;2;1;1
252960057037;252960057063;26;2,9;2;1;1
252960057063;252960057080;17;2,9;2;1;1
252960057080;252960057111;31;2,9;2;1;1
252960057111;252960057145;34;2,9;2;1;1
252960057145;252960057155;10;2,9;2;1;1
252960057155;252960057159;4;2,9;2;1;1
252960057159;252960057167;8;2,9;2;1;1
252960057167;252960057185;18;2,9;2;1;1
252960057185;252960057275;90;2,9;2;1;1
252960057275;252960057280;5;2,9;2;1;1
252960057280;252960057287;7;2,9;2;1;1
252960057287;252960057330;43;2,9;2;1;1
252960057330;252960057354;24;2,9;2;1;1
252960057354;252960057368;14;2,9;2;1;1
252960057368;252960057381;13;2,9;2;1;1
252960057381;252960057386;5;2,9;2;1;1
252960057386;252960057411;25;2,9;2;1;1
252960057411;252960057415;4;2,9;2;1;1
252960057415;252960057434;19;2,9;2;1;1
252960057434;252960057470;36;2,9;2;1;1
252960057470;252960057530;60;2,9;2;1;1
252960057530;252960057540;10;2,9;2;1;1
252960057540;252960057567;27;2,9;2;1;1
252960057567;252960057570;3;2,9;2;1;1
252960057570;252960057612;42;2,9;2;1;1
252960057612;252960057621;9;2,9;2;1;1
252960057621;252960057635;14;2,9;2;1;1
252960057635;252960057660;25;2,9;2;1;1
252960057660;252960057687;27;2,9;2;1;1
252960057687;252960057711;24;2,9;2;1;1
252960057711;252960057762;51;2,9;2;1;1
252960057762;252960058092;330;2,9;2;1;1
252960058092;252960062965;4873;2,9;2;1;1
252960062965;252960222081;159116;2,9;2;1;1
252960222081;252960384198;162117;2,9;2;1;1
252960384198;252980327295;19943097;2,9;2;1;1
252980327295;253017338335;37011040;2,9;2;1;1
253017338335;253017393882;55547;2,9;2;1;1
253017393882;253017438574;44692;2,9;2;1;1
253017438574;253017457496;18922;2,9;2;1;1
253017457496;253017458733;1237;2,9;2;1;1
253017458733;253017634607;175874;2,9;2;1;1
253017634607;253017872458;237851;2,9;2;1;1
253017872458;253023863380;5990922;2,9;2;1;1
253023863380;253024069400;206020;2,9;2;1;1
253024069400;253033493014;9423614;2,9;2;1;1
253033493014;253034010513;517499;2,9;2;1;1
253034010513;253034025705;15192;2,9;2;1;1
253034025705;253034046583;20878;2,9;2;1;1
253034046583;253034394515;347932;2,9;2;1;1
253034394515;253034892786;498271;2,9;2;1;1
253034892786;253035095686;202900;2,9;2;1;1
253035095686;253035437203;341517;2,9;2;1;1
253035437203;253035438237;1034;2,9;2;1;1
253035438237;253035613877;175640;2,9;2;1;1
253035613877;253035630900;17023;2,9;2;1;1
253035630900;253035644233;13333;2,9;2;1;1
253035644233;253301189106;265544873;2,9;2;1;1
253301189106;253301303149;114043;2,9;2;1;1
253301303149;253309317599;8014450;2,9;2;1;1
253309317599;253458777886;149460287;2,9;2;1;1
253458777886;253458778958;1072;2,9,11;3;1;1
253458778958;253458781231;2273;2,9;2;1;1
253458781231;253458784506;3275;2,9,11;3;1;1
253458784506;253459039523;255017;2,9;2;1;1
253459039523;253486943114;27903591;2,9,11;3;1;1
253486943114;253540205449;53262335;2,9;2;1;1
253540205449;253540221409;15960;2,9;2;1;1
253540221409;253540277174;55765;2,9;2;1;1
253540277174;253540283350;6176;2,9;2;1;1
253540283350;253540287628;4278;2,9;2;1;1
253540287628;253540288155;527;2,9;2;1;1
253540288155;253540307003;18848;2,9;2;1;1
253540307003;253540332864;25861;2,9;2;1;1
253540332864;253540400593;67729;2,9;2;1;1
253540400593;253540414132;13539;2,9;2;1;1
253540414132;253540419028;4896;2,9;2;1;1
253540419028;253720333989;179914961;2,9;2;1;1
253720333989;253720431151;97162;2,9;2;1;1
253720431151;253720666955;235804;2,9;2;1;1
253720666955;253720687861;20906;2,9;2;1;1
253720687861;253720696586;8725;2,9;2;1;1
253720696586;253720922459;225873;2,9;2;1;1
253720922459;253721596764;674305;2,9;2;1;1
253721596764;253731733271;10136507;2,9;2;1;1
253731733271;253742906970;11173699;2,9;2;1;1
253742906970;253750254907;7347937;2,9;2;1;1
253750254907;253750272692;17785;2,9;2;1;1
253750272692;253750289184;16492;2,9;2;1;1
253750289184;253898486038;148196854;2,9;2;1;1
253898486038;253898661116;175078;2,9;2;1;1
253898661116;253936336371;37675255;2,9;2;1;1
253936336371;253936422262;85891;2,9;2;1;1
253936422262;253959409359;22987097;2,9;2;1;1
253959409359;253962129631;2720272;2,9;2;1;1
253962129631;253971429367;9299736;2,9;2;1;1
253971429367;253973711321;2281954;2,9;2;1;1
253973711321;253995509538;21798217;2,9;2;1;1
253995509538;253996366667;857129;2,9;2;1;1
253996366667;254021509752;25143085;2,9;2;1;1
254021509752;254024180831;2671079;2,9;2;1;1
254024180831;254047748794;23567963;2,9;2;1;1
254047748794;254056404861;8656067;2,9;2;1;1
254056404861;254056407517;2656;2,9;2;1;1
254056407517;254056542952;135435;2,9;2;1;1
254056542952;254060000943;3457991;2,9;2;1;1
254060000943;254065980962;5980019;2,9;2;1;1
254065980962;254066964447;983485;2,9;2;1;1
254066964447;254069399006;2434559;2,9;2;1;1
254069399006;254069630946;231940;2,9;2;1;1
254069630946;254131044434;61413488;2,9;2;1;1
255246876184;255281311487;34435303;2,9,10;3;1;1
255310278673;255336123992;25845319;2,6,9;3;1;1
255834324318;255881567232;47242914;2,3,9;3;1;1
256801229786;256849075340;47845554;2,5,9;3;1;1
257763390768;257810856778;47466010;0,2,9;3;1;1
258095809130;258095809209;79;2,9;2;1;1
258095809209;258095809275;66;2,9;2;1;1
258095809275;258095809328;53;2,9;2;1;1
258095809328;258095809458;130;2,9;2;1;1
258095809458;258095809549;91;2,9;2;1;1
258095809549;258095809695;146;2,9;2;1;1
258095809695;258095809730;35;2,9;2;1;1
258095809730;258095809779;49;2,9;2;1;1
258095809779;258095809784;5;2,9;2;1;1
258095809784;258095809792;8;2,9;2;1;1
258095809792;258095809809;17;2,9;2;1;1
258095809809;258095809847;38;2,9;2;1;1
258095809847;258095809851;4;2,9;2;1;1
258095809851;258095809867;16;2,9;2;1;1
258095809867;258095809887;20;2,9;2;1;1
258095809887;258095809892;5;2,9;2;1;1
258095809892;258095809966;74;2,9;2;1;1
258095809966;258095809985;19;2,9;2;1;1
258095809985;258095810011;26;2,9;2;1;1
258095810011;258095810110;99;2,9;2;1;1
258095810110;258095810136;26;2,9;2;1;1
258095810136;258095810180;44;2,9;2;1;1
258095810180;258095810230;50;2,9;2;1;1
258095810230;258095810267;37;2,9;2;1;1
258095810267;258095810304;37;2,9;2;1;1
258095810304;258095810314;10;2,9;2;1;1
258095810314;258095810337;23;2,9;2;1;1
258095810337;258095810340;3;2,9;2;1;1
258095810340;258095810377;37;2,9;2;1;1
258095810377;258095810414;37;2,9;2;1;1
258095810414;258095810415;1;2,9;2;1;1
258095810415;258095810450;35;2,9;2;1;1
258095810450;258095810451;1;2,9;2;1;1
258095810451;258095810487;36;2,9;2;1;1
258095810487;258095810519;32;2,9;2;1;1
258095810519;258095810547;28;2,9;2;1;1
258095810547;258095810565;18;2,9;2;1;1
258095810565;258095810589;24;2,9;2;1;1
258095810589;258095810658;69;2,9;2;1;1
258095810658;258095810692;34;2,9;2;1;1
258095810692;258095810762;70;2,9;2;1;1
258095810762;258095810773;11;2,9;2;1;1
258095810773;258095810776;3;2,9;2;1;1
258095810776;258095810777;1;2,9;2;1;1
258095810777;258095810785;8;2,9;2;1;1
258095810785;258095810821;36;2,9;2;1;1
258095810821;258095810840;19;2,9;2;1;1
258095810840;258095810877;37;2,9;2;1;1
258095810877;258095810891;14;2,9;2;1;1
258095810891;258095810892;1;2,9;2;1;1
258095810892;258095810944;52;2,9;2;1;1
258095810944;258095810945;1;2,9;2;1;1
258095810945;258095810975;30;2,9;2;1;1
258095810975;258095810997;22;2,9;2;1;1
258095810997;258095810998;1;2,9;2;1;1
258095810998;258095811011;13;2,9;2;1;1
258095811011;258095811034;23;2,9;2;1;1
258095811034;258095811039;5;2,9;2;1;1
258095811039;258095811048;9;2,9;2;1;1
258095811048;258095811049;1;2,9;2;1;1
258095811049;258095811058;9;2,9;2;1;1
258095811058;258095811061;3;2,9;2;1;1
258095811061;258095811068;7;2,9;2;1;1
258095811068;258095811079;11;2,9;2;1;1
258095811079;258095811085;6;2,9;2;1;1
258095811085;258095811092;7;2,9;2;1;1
258095811092;258095811099;7;2,9;2;1;1
258095811099;258095811109;10;2,9;2;1;1
258095811109;258095811110;1;2,9;2;1;1
258095811110;258095811111;1;2,9;2;1;1
258095811111;258095811120;9;2,9;2;1;1
258095811120;258095811122;2;2,9;2;1;1
258095811122;258095811127;5;2,9;2;1;1
258095811127;258095811128;1;2,9;2;1;1
258095811128;258095811133;5;2,9;2;1;1
258095811133;258095811155;22;2,9;2;1;1
258095811155;258095811157;2;2,9;2;1;1
258095811157;258095811169;12;2,9;2;1;1
258095811169;258095811172;3;2,9;2;1;1
258095811172;258095811178;6;2,9;2;1;1
258095811178;258095811180;2;2,9;2;1;1
258095811180;258095811205;25;2,9;2;1;1
258095811205;258095811206;1;2,9;2;1;1
258095811206;258095811211;5;2,9;2;1;1
258095811211;258095811215;4;2,9;2;1;1
258095811215;258095811231;16;2,9;2;1;1
258095811231;258095811238;7;2,9;2;1;1
258095811238;258095811243;5;2,9;2;1;1
258095811243;258095811254;11;2,9;2;1;1
258095811254;258095811256;2;2,9;2;1;1
258095811256;258095811280;24;2,9;2;1;1
258095811280;258095811284;4;2,9;2;1;1
258095811284;258095811296;12;2,9;2;1;1
258095811296;258095811299;3;2,9;2;1;1
258095811299;258095811304;5;2,9;2;1;1
258095811304;258095811306;2;2,9;2;1;1
258095811306;258095811317;11;2,9;2;1;1
258095811317;258095811322;5;2,9;2;1;1
258095811322;258095811332;10;2,9;2;1;1
258095811332;258095811334;2;2,9;2;1;1
258095811334;258095811351;17;2,9;2;1;1
258095811351;258095811356;5;2,9;2;1;1
258095811356;258095811359;3;2,9;2;1;1
258095811359;258095811360;1;2,9;2;1;1
258095811360;258095811365;5;2,9;2;1;1
258095811365;258095811373;8;2,9;2;1;1
258095811373;258095811384;11;2,9;2;1;1
258095811384;258095811387;3;2,9;2;1;1
258095811387;258095811388;1;2,9;2;1;1
258095811388;258095811390;2;2,9;2;1;1
258095811390;258095811400;10;2,9;2;1;1
258095811400;258095811401;1;2,9;2;1;1
258095811401;258095811418;17;2,9;2;1;1
258095811418;258095811419;1;2,9;2;1;1
258095811419;258095811421;2;2,9;2;1;1
258095811421;258095811427;6;2,9;2;1;1
258095811427;258095811445;18;2,9;2;1;1
258095811445;258095811458;13;2,9;2;1;1
258095811458;258095811461;3;2,9;2;1;1
258095811461;258095811470;9;2,9;2;1;1
258095811470;258095811474;4;2,9;2;1;1
258095811474;258095811480;6;2,9;2;1;1
258095811480;258095811491;11;2,9;2;1;1
258095811491;258095811494;3;2,9;2;1;1
258095811494;258095811507;13;2,9;2;1;1
258095811507;258095811510;3;2,9;2;1;1
258095811510;258095811523;13;2,9;2;1;1
258095811523;258095811529;6;2,9;2;1;1
258095811529;258095811534;5;2,9;2;1;1
258095811534;258095811541;7;2,9;2;1;1
258095811541;258095811555;14;2,9;2;1;1
258095811555;258095811563;8;2,9;2;1;1
258095811563;258095811575;12;2,9;2;1;1
258095811575;258095811583;8;2,9;2;1;1
258095811583;258095811594;11;2,9;2;1;1
258095811594;258095811605;11;2,9;2;1;1
258095811605;258095811609;4;2,9;2;1;1
258095811609;258095811614;5;2,9;2;1;1
258095811614;258095811625;11;2,9;2;1;1
258095811625;258095811633;8;2,9;2;1;1
258095811633;258095811635;2;2,9;2;1;1
258095811635;258095811638;3;2,9;2;1;1
258095811638;258095811665;27;2,9;2;1;1
258095811665;258095811667;2;2,9;2;1;1
258095811667;258095811686;19;2,9;2;1;1
258095811686;258095811710;24;2,9;2;1;1
258095811710;258095811711;1;2,9;2;1;1
258095811711;258095811716;5;2,9;2;1;1
258095811716;258095811758;42;2,9;2;1;1
258095811758;258095811759;1;2,9;2;1;1
258095811759;258095811765;6;2,9;2;1;1
258095811765;258095811793;28;2,9;2;1;1
258095811793;258095811812;19;2,9;2;1;1
258095811812;258095811813;1;2,9;2;1;1
258095811813;258095811850;37;2,9;2;1;1
258095811850;258095811880;30;2,9;2;1;1
258095811880;258095811886;6;2,9;2;1;1
258095811886;258095811903;17;2,9;2;1;1
258095811903;258095811919;16;2,9;2;1;1
258095811919;258095811921;2;2,9;2;1;1
258095811921;258095811933;12;2,9;2;1;1
258095811933;258095811935;2;2,9;2;1;1
258095811935;258095811949;14;2,9;2;1;1
258095811949;258095811978;29;2,9;2;1;1
258095811978;258095811983;5;2,9;2;1;1
258095811983;258095811992;9;2,9;2;1;1
258095811992;258095812016;24;2,9;2;1;1
258095812016;258095812043;27;2,9;2;1;1
258095812043;258095812054;11;2,9;2;1;1
258095812054;258095812063;9;2,9;2;1;1
258095812063;258095812071;8;2,9;2;1;1
258095812071;258095812072;1;2,9;2;1;1
258095812072;258095812107;35;2,9;2;1;1
258095812107;258095812110;3;2,9;2;1;1
258095812110;258095812141;31;2,9;2;1;1
258095812141;258095812142;1;2,9;2;1;1
258095812142;258095812181;39;2,9;2;1;1
258095812181;258095812203;22;2,9;2;1;1
258095812203;258095812225;22;2,9;2;1;1
258095812225;258095812240;15;2,9;2;1;1
258095812240;258095812242;2;2,9;2;1;1
258095812242;258095812245;3;2,9;2;1;1
258095812245;258095812264;19;2,9;2;1;1
258095812264;258095812275;11;2,9;2;1;1
258095812275;258095812317;42;2,9;2;1;1
258095812317;258095812335;18;2,9;2;1;1
258095812335;258095812348;13;2,9;2;1;1
258095812348;258095812377;29;2,9;2;1;1
258095812377;258095812381;4;2,9;2;1;1
258095812381;258095812382;1;2,9;2;1;1
258095812382;258095812394;12;2,9;2;1;1
258095812394;258095812410;16;2,9;2;1;1
258095812410;258095812423;13;2,9;2;1;1
258095812423;258095812439;16;2,9;2;1;1
258095812439;258095812443;4;2,9;2;1;1
258095812443;258095812446;3;2,9;2;1;1
258095812446;258095812453;7;2,9;2;1;1
258095812453;258095812455;2;2,9;2;1;1
258095812455;258095812480;25;2,9;2;1;1
258095812480;258095812543;63;2,9;2;1;1
258095812543;258095812580;37;2,9;2;1;1
258095812580;258095812595;15;2,9;2;1;1
258095812595;258095812598;3;2,9;2;1;1
258095812598;258095812599;1;2,9;2;1;1
258095812599;258095812642;43;2,9;2;1;1
258095812642;258095812659;17;2,9;2;1;1
258095812659;258095812687;28;2,9;2;1;1
258095812687;258095812718;31;2,9;2;1;1
258095812718;258095812722;4;2,9;2;1;1
258095812722;258095812758;36;2,9;2;1;1
258095812758;258095812783;25;2,9;2;1;1
258095812783;258095812814;31;2,9;2;1;1
258095812814;258095812827;13;2,9;2;1;1
258095812827;258095812854;27;2,9;2;1;1
258095812854;258095812867;13;2,9;2;1;1
258095812867;258095812869;2;2,9;2;1;1
258095812869;258095812904;35;2,9;2;1;1
258095812904;258095812909;5;2,9;2;1;1
258095812909;258095812946;37;2,9;2;1;1
258095812946;258095812948;2;2,9;2;1;1
258095812948;258095812984;36;2,9;2;1;1
258095812984;258095812987;3;2,9;2;1;1
258095812987;258095813007;20;2,9;2;1;1
258095813007;258095813022;15;2,9;2;1;1
258095813022;258095813025;3;2,9;2;1;1
258095813025;258095813042;17;2,9;2;1;1
258095813042;258095813056;14;2,9;2;1;1
258095813056;258095813061;5;2,9;2;1;1
258095813061;258095813062;1;2,9;2;1;1
258095813062;258095813074;12;2,9;2;1;1
258095813074;258095813083;9;2,9;2;1;1
258095813083;258095813092;9;2,9;2;1;1
258095813092;258095813103;11;2,9;2;1;1
258095813103;258095813117;14;2,9;2;1;1
258095813117;258095813121;4;2,9;2;1;1
258095813121;258095813138;17;2,9;2;1;1
258095813138;258095813152;14;2,9;2;1;1
258095813152;258095813182;30;2,9;2;1;1
258095813182;258095813187;5;2,9;2;1;1
258095813187;258095813189;2;2,9;2;1;1
258095813189;258095813205;16;2,9;2;1;1
258095813205;258095813224;19;2,9;2;1;1
258095813224;258095813229;5;2,9;2;1;1
258095813229;258095813268;39;2,9;2;1;1
258095813268;258095813279;11;2,9;2;1;1
258095813279;258095813302;23;2,9;2;1;1
258095813302;258095813332;30;2,9;2;1;1
258095813332;258095813337;5;2,9;2;1;1
258095813337;258095813338;1;2,9;2;1;1
258095813338;258095813363;25;2,9;2;1;1
258095813363;258095813373;10;2,9;2;1;1
258095813373;258095813374;1;2,9;2;1;1
258095813374;258095813408;34;2,9;2;1;1
258095813408;258095813429;21;2,9;2;1;1
258095813429;258095813458;29;2,9;2;1;1
258095813458;258095813475;17;2,9;2;1;1
258095813475;258095813507;32;2,9;2;1;1
258095813507;258095813541;34;2,9;2;1;1
258095813541;258095813582;41;2,9;2;1;1
258095813582;258095813587;5;2,9;2;1;1
258095813587;258095813633;46;2,9;2;1;1
258095813633;258095813676;43;2,9;2;1;1
258095813676;258095813703;27;2,9;2;1;1
258095813703;258095813720;17;2,9;2;1;1
258095813720;258095813764;44;2,9;2;1;1
258095813764;258095813808;44;2,9;2;1;1
258095813808;258095813826;18;2,9;2;1;1
258095813826;258095813853;27;2,9;2;1;1
258095813864;258095813902;38;2,9;2;1;1
258095813902;258095813939;37;2,9;2;1;1
258095813939;258095814070;131;2,9;2;1;1
258095814070;258095814193;123;2,9;2;1;1
258095814193;258095814313;120;2,9;2;1;1
258095830897;258095852415;21518;2,9;2;1;1
258095852415;258095856097;3682;2,9;2;1;1
258095856097;258095856973;876;2,9;2;1;1
258095856973;258095857597;624;2,9;2;1;1
258095857597;258095859703;2106;2,9;2;1;1
258095859703;258095872652;12949;2,9;2;1;1
258095872652;258095873009;357;2,9;2;1;1
258095873009;258095873603;594;2,9;2;1;1
258095873603;258095873822;219;2,9;2;1;1
258095873822;258095878997;5175;2,9;2;1;1
258095878997;258095880726;1729;2,9;2;1;1
258095880726;258095880760;34;2,9;2;1;1
258095880760;258095883177;2417;2,9;2;1;1
258095883177;258095883465;288;2,9;2;1;1
258095883465;258095893408;9943;2,9;2;1;1
258095893408;258095893547;139;2,9;2;1;1
258095893547;258095893669;122;2,9;2;1;1
258095893669;258095896656;2987;2,9;2;1;1
258095896656;258095904262;7606;2,9;2;1;1
258095904262;258095904792;530;2,9;2;1;1
258095904792;258095904814;22;2,9;2;1;1
258095904814;258095905409;595;2,9;2;1;1
258095905409;258095907902;2493;2,9;2;1;1
258095907902;258095908030;128;2,9;2;1;1
258095908030;258095911099;3069;2,9;2;1;1
258095911099;258095911790;691;2,9;2;1;1
258095911790;258095913795;2005;2,9;2;1;1
258095913795;258095914763;968;2,9;2;1;1
258095914763;258095923573;8810;2,9;2;1;1
258095923573;258095934236;10663;2,9;2;1;1
258095934236;258095934753;517;2,9;2;1;1
258095934753;258095935594;841;2,9;2;1;1
258095935594;258095936038;444;2,9;2;1;1
258095936038;258095936515;477;2,9;2;1;1
258095936515;258095936945;430;2,9;2;1;1
258095936945;258095938465;1520;2,9;2;1;1
258095938465;258095940295;1830;2,9;2;1;1
258095940295;258095941204;909;2,9;2;1;1
258095941204;258095944925;3721;2,9;2;1;1
258095944925;258095948919;3994;2,9;2;1;1
258095948919;258095949727;808;2,9;2;1;1
258095949727;258095950004;277;2,9;2;1;1
258095950004;258095951838;1834;2,9;2;1;1
258095951838;258095952128;290;2,9;2;1;1
258095952128;258095952882;754;2,9;2;1;1
258095952882;258095955728;2846;2,9;2;1;1
258095955728;258095956513;785;2,9;2;1;1
258095956513;258095956592;79;2,9;2;1;1
258095956592;258095957288;696;2,9;2;1;1
258095957288;258095963840;6552;2,9;2;1;1
258095963840;258095966079;2239;2,9;2;1;1
258095966079;258095967073;994;2,9;2;1;1
258095967073;258095967077;4;2,9;2;1;1
258095967077;258095967105;28;2,9;2;1;1
258095967105;258095967470;365;2,9;2;1;1
258095967470;258095968018;548;2,9;2;1;1
258095968018;258095968111;93;2,9;2;1;1
258095968111;258095968147;36;2,9;2;1;1
258095968147;258095968253;106;2,9;2;1;1
258095968253;258095968447;194;2,9;2;1;1
258095968447;258095969210;763;2,9;2;1;1
258095969210;258095969323;113;2,9;2;1;1
258095969323;258095969481;158;2,9;2;1;1
258095969481;258095970062;581;2,9;2;1;1
258095970062;258095970317;255;2,9;2;1;1
258095970317;258095973230;2913;2,9;2;1;1
258095973230;258095973507;277;2,9;2;1;1
258095973507;258095973523;16;2,9;2;1;1
258095973523;258095973545;22;2,9;2;1;1
258095973545;258095973730;185;2,9;2;1;1
258095973730;258095973894;164;2,9;2;1;1
258095973894;258095974007;113;2,9;2;1;1
258095974007;258095974089;82;2,9;2;1;1
258095974089;258095974119;30;2,9;2;1;1
258095974119;258095974146;27;2,9;2;1;1
258095974146;258095974172;26;2,9;2;1;1
258095974172;258095974199;27;2,9;2;1;1
258095974199;258095974671;472;2,9;2;1;1
258095974671;258095974902;231;2,9;2;1;1
258095974902;258095974985;83;2,9;2;1;1
258095974985;258095975126;141;2,9;2;1;1
258095975126;258095977577;2451;2,9;2;1;1
258095977577;258095978244;667;2,9;2;1;1
258095978244;258095978669;425;2,9;2;1;1
258095978669;258095985289;6620;2,9;2;1;1
258095985289;258095985393;104;2,9;2;1;1
258095985393;258095986355;962;2,9;2;1;1
258095986355;258095986579;224;2,9;2;1;1
258095986579;258095988676;2097;2,9;2;1;1
258095988676;258095989065;389;2,9;2;1;1
258095989065;258095989920;855;2,9;2;1;1
258095989920;258095992719;2799;2,9;2;1;1
258095992719;258095992725;6;2,9;2;1;1
258095992725;258095992760;35;2,9;2;1;1
258095992760;258095992953;193;2,9;2;1;1
258095992953;258095993101;148;2,9;2;1;1
258095993101;258095993285;184;2,9;2;1;1
258095993285;258095993747;462;2,9;2;1;1
258095993747;258095994711;964;2,9;2;1;1
258095994711;258095997277;2566;2,9;2;1;1
258095997277;258095997453;176;2,9;2;1;1
258095997453;258095998223;770;2,9;2;1;1
258095998223;258095998368;145;2,9;2;1;1
258095998368;258095998516;148;2,9;2;1;1
258095998516;258095998691;175;2,9;2;1;1
258095998691;258095998752;61;2,9;2;1;1
258095998752;258095998837;85;2,9;2;1;1
258095998837;258095999832;995;2,9;2;1;1
258095999832;258096010143;10311;2,9;2;1;1
258096010143;258096012669;2526;2,9;2;1;1
258096012669;258096014527;1858;2,9;2;1;1
258096014527;258096016909;2382;2,9;2;1;1
258096016909;258096017043;134;2,9;2;1;1
258096017043;258096017187;144;2,9;2;1;1
258096017187;258096017354;167;2,9;2;1;1
258096017354;258096017555;201;2,9;2;1;1
258096017555;258096019184;1629;2,9;2;1;1
258096019184;258096019654;470;2,9;2;1;1
258096019654;258096021833;2179;2,9;2;1;1
258096021833;258096021968;135;2,9;2;1;1
258096021968;258096022215;247;2,9;2;1;1
258096022215;258096022259;44;2,9;2;1;1
258096022259;258096022266;7;2,9;2;1;1
258096022266;258096022395;129;2,9;2;1;1
258096022395;258096022481;86;2,9;2;1;1
258096022481;258096022529;48;2,9;2;1;1
258096022529;258096022578;49;2,9;2;1;1
258096022578;258096022688;110;2,9;2;1;1
258096022688;258096022720;32;2,9;2;1;1
258096022720;258096024009;1289;2,9;2;1;1
258096024009;258096024325;316;2,9;2;1;1
258096024325;258096026100;1775;2,9;2;1;1
258096026100;258096027379;1279;2,9;2;1;1
258096027379;258096027866;487;2,9;2;1;1
258096027866;258096027894;28;2,9;2;1;1
258096027894;258096028159;265;2,9;2;1;1
258096028159;258096028294;135;2,9;2;1;1
258096028294;258096028964;670;2,9;2;1;1
258096028964;258096032755;3791;2,9;2;1;1
258096032755;258096033412;657;2,9;2;1;1
258096033412;258096034019;607;2,9;2;1;1
258096034019;258096034289;270;2,9;2;1;1
258096034289;258096034750;461;2,9;2;1;1
258096034750;258096035497;747;2,9;2;1;1
258096035497;258096035500;3;2,9;2;1;1
258096035500;258096035545;45;2,9;2;1;1
258096035545;258096035595;50;2,9;2;1;1
258096035595;258096035729;134;2,9;2;1;1
258096035729;258096035824;95;2,9;2;1;1
258096035824;258096037639;1815;2,9;2;1;1
258096037639;258096037670;31;2,9;2;1;1
258096037670;258096038713;1043;2,9;2;1;1
258096038713;258096039893;1180;2,9;2;1;1
258096039893;258096039960;67;2,9;2;1;1
258096039960;258096040703;743;2,9;2;1;1
258096040703;258096040987;284;2,9;2;1;1
258096040987;258096041596;609;2,9;2;1;1
258096041596;258096041683;87;2,9;2;1;1
258096041683;258096041697;14;2,9;2;1;1
258096041697;258096041767;70;2,9;2;1;1
258096041767;258096041983;216;2,9;2;1;1
258096041983;258096042406;423;2,9;2;1;1
258096042406;258096042782;376;2,9;2;1;1
258096042782;258096043016;234;2,9;2;1;1
258096043016;258096043417;401;2,9;2;1;1
258096043417;258096046804;3387;2,9;2;1;1
258096046804;258096046869;65;2,9;2;1;1
258096046869;258096047068;199;2,9;2;1;1
258096047068;258096047132;64;2,9;2;1;1
258096047132;258096047162;30;2,9;2;1;1
258096047162;258096047314;152;2,9;2;1;1
258096047314;258096047497;183;2,9;2;1;1
258096047497;258096047536;39;2,9;2;1;1
258096047536;258096047575;39;2,9;2;1;1
258096047575;258096047753;178;2,9;2;1;1
258096047753;258096047811;58;2,9;2;1;1
258096047811;258096047873;62;2,9;2;1;1
258096047873;258096047907;34;2,9;2;1;1
258096047907;258096049088;1181;2,9;2;1;1
258096049088;258096051072;1984;2,9;2;1;1
258096051072;258096051492;420;2,9;2;1;1
258096051492;258096051539;47;2,9;2;1;1
258096051539;258096051577;38;2,9;2;1;1
258096051577;258096051760;183;2,9;2;1;1
258096051760;258096051901;141;2,9;2;1;1
258096051901;258096052091;190;2,9;2;1;1
258096052091;258096052132;41;2,9;2;1;1
258096052132;258096052198;66;2,9;2;1;1
258096052198;258096052830;632;2,9;2;1;1
258096052830;258096053054;224;2,9;2;1;1
258096053054;258096053120;66;2,9;2;1;1
258096053120;258096053192;72;2,9;2;1;1
258096053192;258096053463;271;2,9;2;1;1
258096053463;258096053524;61;2,9;2;1;1
258096053524;258096053717;193;2,9;2;1;1
258096053717;258096054387;670;2,9;2;1;1
258096054387;258096055035;648;2,9;2;1;1
258096055035;258096055058;23;2,9;2;1;1
258096055058;258096055158;100;2,9;2;1;1
258096055158;258096055426;268;2,9;2;1;1
258096055426;258096056477;1051;2,9;2;1;1
258096056477;258096057045;568;2,9;2;1;1
258096057045;258096057203;158;2,9;2;1;1
258096057203;258096057670;467;2,9;2;1;1
258096057670;258096057803;133;2,9;2;1;1
258096057803;258096057854;51;2,9;2;1;1
258096057854;258096057865;11;2,9;2;1;1
258096057865;258096058174;309;2,9;2;1;1
258096058174;258096058215;41;2,9;2;1;1
258096058215;258096058277;62;2,9;2;1;1
258096058277;258096058467;190;2,9;2;1;1
258096058467;258096058554;87;2,9;2;1;1
258096058554;258096058866;312;2,9;2;1;1
258096058866;258096059398;532;2,9;2;1;1
258096059398;258096059641;243;2,9;2;1;1
258096059641;258096060174;533;2,9;2;1;1
258096060174;258096060671;497;2,9;2;1;1
258096060671;258096060756;85;2,9;2;1;1
258096060756;258096061315;559;2,9;2;1;1
258096061315;258096061619;304;2,9;2;1;1
258096061619;258096061822;203;2,9;2;1;1
258096061822;258096061947;125;2,9;2;1;1
258096061947;258096062518;571;2,9;2;1;1
258096062518;258096062658;140;2,9;2;1;1
258096062658;258096062745;87;2,9;2;1;1
258096062745;258096062830;85;2,9;2;1;1
258096062830;258096062847;17;2,9;2;1;1
258096062847;258096063016;169;2,9;2;1;1
258096063016;258096063144;128;2,9;2;1;1
258096063144;258096063188;44;2,9;2;1;1
258096063188;258096063397;209;2,9;2;1;1
258096063397;258096063468;71;2,9;2;1;1
258096063468;258096063480;12;2,9;2;1;1
258096063480;258096063642;162;2,9;2;1;1
258096063642;258096063697;55;2,9;2;1;1
258096063697;258096063726;29;2,9;2;1;1
258096063726;258096063853;127;2,9;2;1;1
258096063853;258096064169;316;2,9;2;1;1
258096064169;258096064257;88;2,9;2;1;1
258096064257;258096064267;10;2,9;2;1;1
258096064267;258096064368;101;2,9;2;1;1
258096064368;258096064380;12;2,9;2;1;1
258096064380;258096064399;19;2,9;2;1;1
258096064399;258096064406;7;2,9;2;1;1
258096064406;258096064511;105;2,9;2;1;1
258096064511;258096064786;275;2,9;2;1;1
258096064786;258096065027;241;2,9;2;1;1
258096065027;258096065196;169;2,9;2;1;1
258096065196;258096065237;41;2,9;2;1;1
258096065237;258096065257;20;2,9;2;1;1
258096065257;258096066375;1118;2,9;2;1;1
258096066375;258096066612;237;2,9;2;1;1
258096066612;258096066733;121;2,9;2;1;1
258096066733;258096067179;446;2,9;2;1;1
258096067179;258096067279;100;2,9;2;1;1
258096067279;258096067657;378;2,9;2;1;1
258096067657;258096067991;334;2,9;2;1;1
258096067991;258096068855;864;2,9;2;1;1
258096068855;258096068926;71;2,9;2;1;1
258096068926;258096069009;83;2,9;2;1;1
258096069009;258096069047;38;2,9;2;1;1
258096069047;258096069060;13;2,9;2;1;1
258096069060;258096069071;11;2,9;2;1;1
258096069071;258096069097;26;2,9;2;1;1
258096069097;258096069115;18;2,9;2;1;1
258096069115;258096069147;32;2,9;2;1;1
258096069147;258096069198;51;2,9;2;1;1
258096069198;258096069203;5;2,9;2;1;1
258096069203;258096069310;107;2,9;2;1;1
258096069310;258096069414;104;2,9;2;1;1
258096069414;258096069426;12;2,9;2;1;1
258096069426;258096069627;201;2,9;2;1;1
258096069627;258096070072;445;2,9;2;1;1
258096070072;258096070132;60;2,9;2;1;1
258096070132;258096070391;259;2,9;2;1;1
258096070391;258096070604;213;2,9;2;1;1
258096070604;258096072371;1767;2,9;2;1;1
258096072371;258096072652;281;2,9;2;1;1
258096072652;258096072702;50;2,9;2;1;1
258096072702;258096072802;100;2,9;2;1;1
258096072802;258096073076;274;2,9;2;1;1
258096073076;258096073270;194;2,9;2;1;1
258096073270;258096073927;657;2,9;2;1;1
258096073927;258096074929;1002;2,9;2;1;1
258096074929;258096075750;821;2,9;2;1;1
258096075750;258096076560;810;2,9;2;1;1
258096076560;258096076639;79;2,9;2;1;1
258096076639;258096076863;224;2,9;2;1;1
258096076863;258096076956;93;2,9;2;1;1
258096076956;258096077031;75;2,9;2;1;1
258096077031;258096077401;370;2,9;2;1;1
258096077401;258096078308;907;2,9;2;1;1
258096078308;258096078549;241;2,9;2;1;1
258096078549;258096078655;106;2,9;2;1;1
258096078655;258096078683;28;2,9;2;1;1
258096078683;258096078724;41;2,9;2;1;1
258096078724;258096078927;203;2,9;2;1;1
258096078927;258096079059;132;2,9;2;1;1
258096079059;258096079244;185;2,9;2;1;1
258096079244;258096079308;64;2,9;2;1;1
258096079308;258096079549;241;2,9;2;1;1
258096079549;258096079676;127;2,9;2;1;1
258096079676;258096079753;77;2,9;2;1;1
258096079753;258096079823;70;2,9;2;1;1
258096079823;258096080483;660;2,9;2;1;1
258096080483;258096080534;51;2,9;2;1;1
258096080534;258096080634;100;2,9;2;1;1
258096080634;258096080920;286;2,9;2;1;1
258096080920;258096081100;180;2,9;2;1;1
258096081100;258096081258;158;2,9;2;1;1
258096081258;258096081357;99;2,9;2;1;1
258096081357;258096082358;1001;2,9;2;1;1
258096082358;258096082461;103;2,9;2;1;1
258096082461;258096083123;662;2,9;2;1;1
258096083123;258096083264;141;2,9;2;1;1
258096083264;258096083529;265;2,9;2;1;1
258096083529;258096083573;44;2,9;2;1;1
258096083573;258096083674;101;2,9;2;1;1
258096083674;258096083827;153;2,9;2;1;1
258096083827;258096084031;204;2,9;2;1;1
258096084031;258096084182;151;2,9;2;1;1
258096084182;258096084209;27;2,9;2;1;1
258096084209;258096084232;23;2,9;2;1;1
258096084232;258096084356;124;2,9;2;1;1
258096084356;258096084407;51;2,9;2;1;1
258096084407;258096084704;297;2,9;2;1;1
258096084704;258096084768;64;2,9;2;1;1
258096084768;258096084957;189;2,9;2;1;1
258096084957;258096085127;170;2,9;2;1;1
258096085127;258096085201;74;2,9;2;1;1
258096085201;258096085245;44;2,9;2;1;1
258096085245;258096085270;25;2,9;2;1;1
258096085270;258096085318;48;2,9;2;1;1
258096085318;258096085343;25;2,9;2;1;1
258096085343;258096085466;123;2,9;2;1;1
258096085466;258096085483;17;2,9;2;1;1
258096085483;258096085811;328;2,9;2;1;1
258096085811;258096085955;144;2,9;2;1;1
258096085955;258096086018;63;2,9;2;1;1
258096086018;258096086164;146;2,9;2;1;1
258096086164;258096086175;11;2,9;2;1;1
258096086175;258096086404;229;2,9;2;1;1
258096086404;258096086483;79;2,9;2;1;1
258096086483;258096086779;296;2,9;2;1;1
258096086779;258096086991;212;2,9;2;1;1
258096086991;258096087039;48;2,9;2;1;1
258096087039;258096087645;606;2,9;2;1;1
258096087645;258096087748;103;2,9;2;1;1
258096087748;258096089495;1747;2,9;2;1;1
258096089495;258096089828;333;2,9;2;1;1
258096089828;258096090121;293;2,9;2;1;1
258096090121;258096090230;109;2,9;2;1;1
258096090230;258096090385;155;2,9;2;1;1
258096090385;258096090409;24;2,9;2;1;1
258096090409;258096090531;122;2,9;2;1;1
258096090531;258096090629;98;2,9;2;1;1
258096090629;258096090834;205;2,9;2;1;1
258096090834;258096090871;37;2,9;2;1;1
258096090871;258096090938;67;2,9;2;1;1
258096090938;258096091065;127;2,9;2;1;1
258096091065;258096091069;4;2,9;2;1;1
258096091069;258096091112;43;2,9;2;1;1
258096091112;258096091225;113;2,9;2;1;1
258096091225;258096091315;90;2,9;2;1;1
258096091315;258096091399;84;2,9;2;1;1
258096091399;258096091430;31;2,9;2;1;1
258096091430;258096091523;93;2,9;2;1;1
258096091523;258096091571;48;2,9;2;1;1
258096091571;258096091585;14;2,9;2;1;1
258096091585;258096091673;88;2,9;2;1;1
258096091673;258096091906;233;2,9;2;1;1
258096091906;258096092029;123;2,9;2;1;1
258096092029;258096092063;34;2,9;2;1;1
258096092063;258096092087;24;2,9;2;1;1
258096092087;258096092144;57;2,9;2;1;1
258096092144;258096092635;491;2,9;2;1;1
258096092635;258096092704;69;2,9;2;1;1
258096092704;258096092732;28;2,9;2;1;1
258096092732;258096092904;172;2,9;2;1;1
258096092904;258096094016;1112;2,9;2;1;1
258096094016;258096094307;291;2,9;2;1;1
258096094307;258096094683;376;2,9;2;1;1
258096094683;258096095000;317;2,9;2;1;1
258096095000;258096095490;490;2,9;2;1;1
258096095490;258096095940;450;2,9;2;1;1
258096095940;258096096058;118;2,9;2;1;1
258096096058;258096096398;340;2,9;2;1;1
258096096398;258096096400;2;2,9;2;1;1
258096096400;258096096663;263;2,9;2;1;1
258096096663;258096097106;443;2,9;2;1;1
258096097106;258096097172;66;2,9;2;1;1
258096097172;258096097877;705;2,9;2;1;1
258096097877;258096097960;83;2,9;2;1;1
258096097960;258096098388;428;2,9;2;1;1
258096098388;258096098944;556;2,9;2;1;1
258096098944;258096099382;438;2,9;2;1;1
258096099382;258096099417;35;2,9;2;1;1
258096099417;258096099477;60;2,9;2;1;1
258096099477;258096099525;48;2,9;2;1;1
258096099525;258096099529;4;2,9;2;1;1
258096099529;258096099542;13;2,9;2;1;1
258096099542;258096099566;24;2,9;2;1;1
258096099566;258096099595;29;2,9;2;1;1
258096099595;258096099646;51;2,9;2;1;1
258096099646;258096099880;234;2,9;2;1;1
258096099880;258096099899;19;2,9;2;1;1
258096099899;258096100040;141;2,9;2;1;1
258096100040;258096100202;162;2,9;2;1;1
258096100202;258096100234;32;2,9;2;1;1
258096100234;258096100401;167;2,9;2;1;1
258096100401;258096100463;62;2,9;2;1;1
258096100463;258096100490;27;2,9;2;1;1
258096100490;258096100584;94;2,9;2;1;1
258096100584;258096101183;599;2,9;2;1;1
258096101183;258096103014;1831;2,9;2;1;1
258096103014;258096103387;373;2,9;2;1;1
258096103387;258096103955;568;2,9;2;1;1
258096103955;258096104283;328;2,9;2;1;1
258096104283;258096104416;133;2,9;2;1;1
258096104416;258096105990;1574;2,9;2;1;1
258096105990;258096106094;104;2,9;2;1;1
258096106094;258096106664;570;2,9;2;1;1
258096106664;258096107009;345;2,9;2;1;1
258096107009;258096107619;610;2,9;2;1;1
258096107619;258096108012;393;2,9;2;1;1
258096108012;258096108172;160;2,9;2;1;1
258096108172;258096108648;476;2,9;2;1;1
258096108648;258096109058;410;2,9;2;1;1
258096109058;258096109207;149;2,9;2;1;1
258096109207;258096109481;274;2,9;2;1;1
258096109481;258096110214;733;2,9;2;1;1
258096110214;258096110515;301;2,9;2;1;1
258096110515;258096110864;349;2,9;2;1;1
258096110864;258096110868;4;2,9;2;1;1
258096110868;258096111404;536;2,9;2;1;1
258096111404;258096112282;878;2,9;2;1;1
258096112282;258096112305;23;2,9;2;1;1
258096112305;258096113180;875;2,9;2;1;1
258096113180;258096114107;927;2,9;2;1;1
258096114107;258096114314;207;2,9;2;1;1
258096114314;258096114523;209;2,9;2;1;1
258096114523;258096114758;235;2,9;2;1;1
258096114758;258096115382;624;2,9;2;1;1
258096115382;258096116029;647;2,9;2;1;1
258096116029;258096120377;4348;2,9;2;1;1
258096120377;258096120726;349;2,9;2;1;1
258096120726;258096121867;1141;2,9;2;1;1
258096121867;258096121893;26;2,9;2;1;1
258096121893;258096122138;245;2,9;2;1;1
258096122138;258096122490;352;2,9;2;1;1
258096122490;258096122528;38;2,9;2;1;1
258096122528;258096122630;102;2,9;2;1;1
258096122630;258096123064;434;2,9;2;1;1
258096123064;258096123356;292;2,9;2;1;1
258096123356;258096123737;381;2,9;2;1;1
258096123737;258096124050;313;2,9;2;1;1
258096124050;258096124309;259;2,9;2;1;1
258096124309;258096124646;337;2,9;2;1;1
258096124646;258096124861;215;2,9;2;1;1
258096124861;258096127115;2254;2,9;2;1;1
258096127115;258096127348;233;2,9;2;1;1
258096127348;258096127659;311;2,9;2;1;1
258096127659;258096127663;4;2,9;2;1;1
258096127663;258096128025;362;2,9;2;1;1
258096128025;258096128461;436;2,9;2;1;1
258096128461;258096128806;345;2,9;2;1;1
258096128806;258096129214;408;2,9;2;1;1
258096129214;258096129642;428;2,9;2;1;1
258096129642;258096130317;675;2,9;2;1;1
258096130317;258096131875;1558;2,9;2;1;1
258096131875;258096132008;133;2,9;2;1;1
258096132008;258096133999;1991;2,9;2;1;1
258096133999;258096134375;376;2,9;2;1;1
258096134375;258096135015;640;2,9;2;1;1
258096135015;258096135199;184;2,9;2;1;1
258096135199;258096135575;376;2,9;2;1;1
258096135575;258096135943;368;2,9;2;1;1
258096135943;258096136109;166;2,9;2;1;1
258096136109;258096136171;62;2,9;2;1;1
258096136171;258096136383;212;2,9;2;1;1
258096136383;258096136494;111;2,9;2;1;1
258096136494;258096136996;502;2,9;2;1;1
258096136996;258096137404;408;2,9;2;1;1
258096137404;258096137503;99;2,9;2;1;1
258096137503;258096140138;2635;2,9;2;1;1
258096140138;258096140275;137;2,9;2;1;1
258096140275;258096140596;321;2,9;2;1;1
258096140596;258096140618;22;2,9;2;1;1
258096140618;258096140685;67;2,9;2;1;1
258096140685;258096141982;1297;2,9;2;1;1
258096141982;258096142553;571;2,9;2;1;1
258096142553;258096149639;7086;2,9;2;1;1
258096149639;258096151010;1371;2,9;2;1;1
258096151010;258096154426;3416;2,9;2;1;1
258096154426;258096157742;3316;2,9;2;1;1
258096157742;258096159908;2166;2,9;2;1;1
258096159908;258096162434;2526;2,9;2;1;1
258096162434;258096164224;1790;2,9;2;1;1
258096164224;258096166849;2625;2,9;2;1;1
258096166849;258096168989;2140;2,9;2;1;1
258096168989;258096169432;443;2,9;2;1;1
258096169432;258096169918;486;2,9;2;1;1
258096169918;258096171278;1360;2,9;2;1;1
258096171278;258096172834;1556;2,9;2;1;1
258096172834;258096172877;43;2,9;2;1;1
258096172877;258096172930;53;2,9;2;1;1
258096172930;258096173162;232;2,9;2;1;1
258096173162;258096173211;49;2,9;2;1;1
258096173211;258096173356;145;2,9;2;1;1
258096173356;258096175672;2316;2,9;2;1;1
258096175672;258096176810;1138;2,9;2;1;1
258096176810;258096178947;2137;2,9;2;1;1
258096178947;258096184737;5790;2,9;2;1;1
258096184737;258096186634;1897;2,9;2;1;1
258096186634;258096188262;1628;2,9;2;1;1
258096188262;258096188347;85;2,9;2;1;1
258096188347;258096188708;361;2,9;2;1;1
258096188708;258096189054;346;2,9;2;1;1
258096189054;258096192692;3638;2,9;2;1;1
258096192692;258096192705;13;2,9;2;1;1
258096192705;258096192716;11;2,9;2;1;1
258096192716;258096193069;353;2,9;2;1;1
258096193069;258096193098;29;2,9;2;1;1
258096193098;258096193967;869;2,9;2;1;1
258096193967;258096194104;137;2,9;2;1;1
258096194104;258096198642;4538;2,9;2;1;1
258096198642;258096200253;1611;2,9;2;1;1
258096200253;258096208545;8292;2,9;2;1;1
258096208545;258096211420;2875;2,9;2;1;1
258096211420;258096211817;397;2,9;2;1;1
258096211817;258096211855;38;2,9;2;1;1
258096211855;258096211994;139;2,9;2;1;1
258096211994;258096212107;113;2,9;2;1;1
258096212107;258096212394;287;2,9;2;1;1
258096212394;258096212625;231;2,9;2;1;1
258096212625;258096213727;1102;2,9;2;1;1
258096213727;258096215370;1643;2,9;2;1;1
258096215370;258096215435;65;2,9;2;1;1
258096215435;258096218309;2874;2,9;2;1;1
258096218309;258096219847;1538;2,9;2;1;1
258096219847;258096220915;1068;2,9;2;1;1
258096220915;258096227064;6149;2,9;2;1;1
258096227064;258096227121;57;2,9;2;1;1
258096227121;258096227270;149;2,9;2;1;1
258096227270;258096227298;28;2,9;2;1;1
258096227298;258096227317;19;2,9;2;1;1
258096227317;258096229718;2401;2,9;2;1;1
258096229718;258096233153;3435;2,9;2;1;1
258096233153;258096238280;5127;2,9;2;1;1
258096238280;258096238333;53;2,9;2;1;1
258096238333;258096240201;1868;2,9;2;1;1
258096240201;258096243297;3096;2,9;2;1;1
258096243297;258096246056;2759;2,9;2;1;1
258096246056;258096246405;349;2,9;2;1;1
258096246405;258096246557;152;2,9;2;1;1
258096246557;258096246715;158;2,9;2;1;1
258096246715;258096246883;168;2,9;2;1;1
258096246883;258096252172;5289;2,9;2;1;1
258096252172;258096252632;460;2,9;2;1;1
258096252632;258096257702;5070;2,9;2;1;1
258096257702;258096257891;189;2,9;2;1;1
258096257891;258096266625;8734;2,9;2;1;1
258096266625;258096266798;173;2,9;2;1;1
258096266798;258096267258;460;2,9;2;1;1
258096267258;258096298604;31346;2,9;2;1;1
258096298604;258096303120;4516;2,9;2;1;1
258096303120;258096321406;18286;2,9;2;1;1
258096321406;258096324346;2940;2,9;2;1;1
258096324346;258096324720;374;2,9;2;1;1
258096324720;258096328350;3630;2,9;2;1;1
258096328350;258096328565;215;2,9;2;1;1
258096328565;258096328803;238;2,9;2;1;1
258096328803;258096328807;4;2,9;2;1;1
258096328807;258096328859;52;2,9;2;1;1
258096328859;258096328978;119;2,9;2;1;1
258096328978;258096329179;201;2,9;2;1;1
258096329179;258096329859;680;2,9;2;1;1
258096329859;258096329909;50;2,9;2;1;1
258096329909;258096330003;94;2,9;2;1;1
258096330003;258096333506;3503;2,9;2;1;1
258096333506;258096333635;129;2,9;2;1;1
258096333635;258096333971;336;2,9;2;1;1
258096333971;258096339365;5394;2,9;2;1;1
258096339365;258096339837;472;2,9;2;1;1
258096339837;258096340083;246;2,9;2;1;1
258096340083;258096342928;2845;2,9;2;1;1
258096342928;258096343560;632;2,9;2;1;1
258096343560;258096343624;64;2,9;2;1;1
258096343624;258096343919;295;2,9;2;1;1
258096343919;258096344001;82;2,9;2;1;1
258096344001;258096344185;184;2,9;2;1;1
258096344185;258096344316;131;2,9;2;1;1
258096344316;258096344372;56;2,9;2;1;1
258096344372;258096431739;87367;2,9;2;1;1
258096431739;258096462638;30899;2,9;2;1;1
258096462638;258096473577;10939;2,9;2;1;1
258096473577;258096482500;8923;2,9;2;1;1
258096482500;258096482758;258;2,9;2;1;1
258096482758;258096519370;36612;2,9;2;1;1
258096519370;258096530184;10814;2,9;2;1;1
258096530184;258096530235;51;2,9;2;1;1
258096530235;258096530261;26;2,9;2;1;1
258096530261;258096530317;56;2,9;2;1;1
258096530317;258096530331;14;2,9;2;1;1
258096530331;258096530352;21;2,9;2;1;1
258096530352;258096531165;813;2,9;2;1;1
258096531165;258096561944;30779;2,9;2;1;1
258096561944;258096565328;3384;2,9;2;1;1
258096565328;258096565762;434;2,9;2;1;1
258096565762;258096565998;236;2,9;2;1;1
258096565998;258096566076;78;2,9;2;1;1
258096566076;258096566521;445;2,9;2;1;1
258096566521;258096597440;30919;2,9;2;1;1
258096597440;258096636865;39425;2,9;2;1;1
258096636865;258096637921;1056;2,9;2;1;1
258096637921;258096689834;51913;2,9;2;1;1
258096689834;258096698978;9144;2,9;2;1;1
258096698978;258096699232;254;2,9;2;1;1
258096699232;258096731147;31915;2,9;2;1;1
258096731147;258096734854;3707;2,9;2;1;1
258096734854;258096734962;108;2,9;2;1;1
258096734962;258096735276;314;2,9;2;1;1
258096735276;258096735464;188;2,9;2;1;1
258096735464;258096762048;26584;2,9;2;1;1
258096762048;258096762089;41;2,9;2;1;1
258096762089;258096762140;51;2,9;2;1;1
258096762140;258096762356;216;2,9;2;1;1
258096762356;258096762506;150;2,9;2;1;1
258096762506;258096762652;146;2,9;2;1;1
258096762652;258096762707;55;2,9;2;1;1
258096762707;258096762799;92;2,9;2;1;1
258096762799;258096762926;127;2,9;2;1;1
258096762926;258096763082;156;2,9;2;1;1
258096763082;258096763237;155;2,9;2;1;1
258096763237;258096766491;3254;2,9;2;1;1
258096766491;258096774140;7649;2,9;2;1;1
258096774140;258096775434;1294;2,9;2;1;1
258096775434;258096779182;3748;2,9;2;1;1
258096779182;258096781575;2393;2,9;2;1;1
258096781575;258096784147;2572;2,9;2;1;1
258096784147;258096784559;412;2,9;2;1;1
258096784559;258096797006;12447;2,9;2;1;1
258096797006;258096802819;5813;2,9;2;1;1
258096802819;258096803081;262;2,9;2;1;1
258096803081;258096803135;54;2,9;2;1;1
258096803135;258096803147;12;2,9;2;1;1
258096803147;258096803168;21;2,9;2;1;1
258096803168;258096803362;194;2,9;2;1;1
258096803362;258096803400;38;2,9;2;1;1
258096803400;258096803493;93;2,9;2;1;1
258096803493;258096814645;11152;2,9;2;1;1
258096814645;258096818701;4056;2,9;2;1;1
258096818701;258096820482;1781;2,9;2;1;1
258096820482;258096832932;12450;2,9;2;1;1
258096832932;258096836338;3406;2,9;2;1;1
258096836338;258096836870;532;2,9;2;1;1
258096836870;258096847909;11039;2,9;2;1;1
258096847909;258096871220;23311;2,9;2;1;1
258096871220;258096882526;11306;2,9;2;1;1
258096882526;258096882577;51;2,9;2;1;1
258096882577;258096891105;8528;2,9;2;1;1
258096891105;258096891356;251;2,9;2;1;1
258096891356;258096891565;209;2,9;2;1;1
258096891565;258096891664;99;2,9;2;1;1
258096891664;258096891744;80;2,9;2;1;1
258096891744;258096902759;11015;2,9;2;1;1
258096902759;258096905413;2654;2,9;2;1;1
258096905413;258096906245;832;2,9;2;1;1
258096906245;258096906768;523;2,9;2;1;1
258096906768;258096906813;45;2,9;2;1;1
258096906813;258096916174;9361;2,9;2;1;1
258096916174;258096917260;1086;2,9;2;1;1
258096917260;258096945258;27998;2,9;2;1;1
258096945258;258096945784;526;2,9;2;1;1
258096945784;258096945854;70;2,9;2;1;1
258096945854;258096948738;2884;2,9;2;1;1
258096948738;258096948810;72;2,9;2;1;1
258096948810;258096948852;42;2,9;2;1;1
258096948852;258096948876;24;2,9;2;1;1
258096948876;258096948885;9;2,9;2;1;1
258096948885;258096948926;41;2,9;2;1;1
258096948926;258096949047;121;2,9;2;1;1
258096949047;258096949114;67;2,9;2;1;1
258096949114;258096949130;16;2,9;2;1;1
258096949130;258096949153;23;2,9;2;1;1
258096949153;258096956710;7557;2,9;2;1;1
258096956710;258096961297;4587;2,9;2;1;1
258096961297;258096966421;5124;2,9;2;1;1
258096966421;258096966457;36;2,9;2;1;1
258096966457;258097000191;33734;2,9;2;1;1
258097000191;258097000459;268;2,9;2;1;1
258097000459;258097000508;49;2,9;2;1;1
258097000508;258097000598;90;2,9;2;1;1
258097000598;258097000675;77;2,9;2;1;1
258097000675;258097000684;9;2,9;2;1;1
258097000684;258097000892;208;2,9;2;1;1
258097000892;258097001200;308;2,9;2;1;1
258097001200;258097001349;149;2,9;2;1;1
258097001349;258097001371;22;2,9;2;1;1
258097001371;258097007502;6131;2,9;2;1;1
258097007502;258097007520;18;2,9;2;1;1
258097007520;258097007546;26;2,9;2;1;1
258097007546;258097007636;90;2,9;2;1;1
258097007636;258097007697;61;2,9;2;1;1
258097007697;258097007753;56;2,9;2;1;1
258097007753;258097007777;24;2,9;2;1;1
258097007777;258097007883;106;2,9;2;1;1
258097007883;258097007964;81;2,9;2;1;1
258097007964;258097008027;63;2,9;2;1;1
258097008027;258097012037;4010;2,9;2;1;1
258097012037;258097012707;670;2,9;2;1;1
258097012707;258097019306;6599;2,9;2;1;1
258097019306;258097046508;27202;2,9;2;1;1
258097046508;258097056673;10165;2,9;2;1;1
258097056673;258097056825;152;2,9;2;1;1
258097056825;258097056987;162;2,9;2;1;1
258097056987;258097057013;26;2,9;2;1;1
258097057013;258097057249;236;2,9;2;1;1
258097057249;258097059365;2116;2,9;2;1;1
258097059365;258097060670;1305;2,9;2;1;1
258097060670;258097061021;351;2,9;2;1;1
258097061021;258097061391;370;2,9;2;1;1
258097061391;258097061426;35;2,9;2;1;1
258097061426;258097061537;111;2,9;2;1;1
258097061537;258097061623;86;2,9;2;1;1
258097061623;258097061663;40;2,9;2;1;1
258097061663;258097061746;83;2,9;2;1;1
258097061746;258097061816;70;2,9;2;1;1
258097061816;258097061986;170;2,9;2;1;1
258097061986;258097062151;165;2,9;2;1;1
258097062151;258097071890;9739;2,9;2;1;1
258097071890;258097081798;9908;2,9;2;1;1
258097081798;258097081829;31;2,9;2;1;1
258097081829;258097081870;41;2,9;2;1;1
258097081870;258097081919;49;2,9;2;1;1
258097081919;258097082105;186;2,9;2;1;1
258097082105;258097082132;27;2,9;2;1;1
258097082132;258097082242;110;2,9;2;1;1
258097082242;258097082391;149;2,9;2;1;1
258097082391;258097082401;10;2,9;2;1;1
258097082401;258097082468;67;2,9;2;1;1
258097082468;258097082526;58;2,9;2;1;1
258097082526;258097082645;119;2,9;2;1;1
258097082645;258097083600;955;2,9;2;1;1
258097083600;258097083779;179;2,9;2;1;1
258097083779;258097084118;339;2,9;2;1;1
258097084118;258097084204;86;2,9;2;1;1
258097084204;258097084272;68;2,9;2;1;1
258097084272;258097086272;2000;2,9;2;1;1
258097086272;258097087023;751;2,9;2;1;1
258097087023;258097094215;7192;2,9;2;1;1
258097094215;258097094436;221;2,9;2;1;1
258097094436;258097095003;567;2,9;2;1;1
258097095003;258097095746;743;2,9;2;1;1
258097095746;258097096758;1012;2,9;2;1;1
258097096758;258097102038;5280;2,9;2;1;1
258097102038;258097109189;7151;2,9;2;1;1
258097109189;258097111166;1977;2,9;2;1;1
258097111166;258097111498;332;2,9;2;1;1
258097111498;258097111913;415;2,9;2;1;1
258097111913;258097139495;27582;2,9;2;1;1
258097139495;258097149872;10377;2,9;2;1;1
258097149872;258097150000;128;2,9;2;1;1
258097150000;258097150035;35;2,9;2;1;1
258097150035;258097150071;36;2,9;2;1;1
258097150071;258097150612;541;2,9;2;1;1
258097150612;258097180424;29812;2,9;2;1;1
258097180424;258097189622;9198;2,9;2;1;1
258097189622;258097189858;236;2,9;2;1;1
258097189858;258097189882;24;2,9;2;1;1
258097189882;258097189954;72;2,9;2;1;1
258097189954;258097189981;27;2,9;2;1;1
258097189981;258097190000;19;2,9;2;1;1
258097190000;258097190649;649;2,9;2;1;1
258097190649;258097259035;68386;2,9;2;1;1
258097259035;258097259145;110;2,9;2;1;1
258097259145;258097259294;149;2,9;2;1;1
258097259294;258097270133;10839;2,9;2;1;1
258097270133;258097274015;3882;2,9;2;1;1
258097274015;258097274188;173;2,9;2;1;1
258097274188;258097274221;33;2,9;2;1;1
258097274221;258097274244;23;2,9;2;1;1
258097274244;258097348744;74500;2,9;2;1;1
258097348744;258097349787;1043;2,9;2;1;1
258097349787;258097349842;55;2,9;2;1;1
258097349842;258097349864;22;2,9;2;1;1
258097349864;258097350324;460;2,9;2;1;1
258097350324;258097350550;226;2,9;2;1;1
258097350550;258097350618;68;2,9;2;1;1
258097350618;258097350657;39;2,9;2;1;1
258097350657;258097354536;3879;2,9;2;1;1
258097354536;258097354540;4;2,9;2;1;1
258097354540;258097354568;28;2,9;2;1;1
258097354568;258097389236;34668;2,9;2;1;1
258097389236;258097393778;4542;2,9;2;1;1
258097393778;258097394142;364;2,9;2;1;1
258097394142;258097398578;4436;2,9;2;1;1
258097398578;258097398634;56;2,9;2;1;1
258097398634;258097398752;118;2,9;2;1;1
258097398752;258097402440;3688;2,9;2;1;1
258097402440;258097402588;148;2,9;2;1;1
258097402588;258097402638;50;2,9;2;1;1
258097402638;258097402748;110;2,9;2;1;1
258097402748;258097402817;69;2,9;2;1;1
258097402817;258097402863;46;2,9;2;1;1
258097402863;258097402909;46;2,9;2;1;1
258097402909;258097402965;56;2,9;2;1;1
258097402965;258097403314;349;2,9;2;1;1
258097403314;258097403757;443;2,9;2;1;1
258097403757;258097403829;72;2,9;2;1;1
258097403829;258097403872;43;2,9;2;1;1
258097403872;258097404102;230;2,9;2;1;1
258097404102;258097404247;145;2,9;2;1;1
258097404247;258097404289;42;2,9;2;1;1
258097404289;258097415996;11707;2,9;2;1;1
258097415996;258097416081;85;2,9;2;1;1
258097416081;258097416200;119;2,9;2;1;1
258097416200;258097416282;82;2,9;2;1;1
258097416282;258097416386;104;2,9;2;1;1
258097416386;258097416402;16;2,9;2;1;1
258097416402;258097416422;20;2,9;2;1;1
258097416422;258097416520;98;2,9;2;1;1
258097416520;258097416672;152;2,9;2;1;1
258097416672;258097416695;23;2,9;2;1;1
258097416695;258097416793;98;2,9;2;1;1
258097416793;258097420220;3427;2,9;2;1;1
258097420220;258097422643;2423;2,9;2;1;1
258097422643;258097440272;17629;2,9;2;1;1
258097440272;258097440471;199;2,9;2;1;1
258097440471;258097440759;288;2,9;2;1;1
258097440759;258097440954;195;2,9;2;1;1
258097440954;258097441157;203;2,9;2;1;1
258097441157;258097441310;153;2,9;2;1;1
258097441310;258097441351;41;2,9;2;1;1
258097441351;258097441559;208;2,9;2;1;1
258097441559;258097441597;38;2,9;2;1;1
258097441597;258097441835;238;2,9;2;1;1
258097441835;258097442466;631;2,9;2;1;1
258097442466;258097450830;8364;2,9;2;1;1
258097450830;258097461779;10949;2,9;2;1;1
258097461779;258097465488;3709;2,9;2;1;1
258097465488;258097465549;61;2,9;2;1;1
258097465549;258097465735;186;2,9;2;1;1
258097465735;258097466014;279;2,9;2;1;1
258097466014;258097466299;285;2,9;2;1;1
258097466299;258097483648;17349;2,9;2;1;1
258097483648;258097483817;169;2,9;2;1;1
258097483817;258097484043;226;2,9;2;1;1
258097484043;258097484067;24;2,9;2;1;1
258097484067;258097484082;15;2,9;2;1;1
258097484082;258097484128;46;2,9;2;1;1
258097484128;258097484155;27;2,9;2;1;1
258097484155;258097484851;696;2,9;2;1;1
258097484851;258097485915;1064;2,9;2;1;1
258097485915;258097489351;3436;2,9;2;1;1
258097489351;258097489368;17;2,9;2;1;1
258097489368;258097500773;11405;2,9;2;1;1
258097500773;258097500920;147;2,9;2;1;1
258097500920;258097501311;391;2,9;2;1;1
258097501311;258097501389;78;2,9;2;1;1
258097501389;258097501637;248;2,9;2;1;1
258097501637;258097501716;79;2,9;2;1;1
258097501716;258097501750;34;2,9;2;1;1
258097501750;258097501791;41;2,9;2;1;1
258097501791;258097501825;34;2,9;2;1;1
258097501825;258097501860;35;2,9;2;1;1
258097501860;258097501893;33;2,9;2;1;1
258097501893;258097512006;10113;2,9;2;1;1
258097512006;258097512118;112;2,9;2;1;1
258097512118;258097533529;21411;2,9;2;1;1
258097533529;258097540383;6854;2,9;2;1;1
258097540383;258097540407;24;2,9;2;1;1
258097540407;258097540465;58;2,9;2;1;1
258097540465;258097540520;55;2,9;2;1;1
258097540520;258097540570;50;2,9;2;1;1
258097540570;258097540624;54;2,9;2;1;1
258097540624;258097541113;489;2,9;2;1;1
258097541113;258097542016;903;2,9;2;1;1
258097542016;258097542164;148;2,9;2;1;1
258097542164;258097542388;224;2,9;2;1;1
258097542388;258097542461;73;2,9;2;1;1
258097542461;258097542695;234;2,9;2;1;1
258097542695;258097542932;237;2,9;2;1;1
258097542932;258097545967;3035;2,9;2;1;1
258097545967;258097548146;2179;2,9;2;1;1
258097548146;258097548376;230;2,9;2;1;1
258097548376;258097548461;85;2,9;2;1;1
258097548461;258097548746;285;2,9;2;1;1
258097548746;258097548998;252;2,9;2;1;1
258097548998;258097564160;15162;2,9;2;1;1
258097564160;258097564737;577;2,9;2;1;1
258097564737;258097564873;136;2,9;2;1;1
258097564873;258097564960;87;2,9;2;1;1
258097564960;258097565121;161;2,9;2;1;1
258097565121;258097565336;215;2,9;2;1;1
258097565336;258097565743;407;2,9;2;1;1
258097565743;258097565795;52;2,9;2;1;1
258097565795;258097569328;3533;2,9;2;1;1
258097569328;258097569524;196;2,9;2;1;1
258097569524;258097569868;344;2,9;2;1;1
258097569868;258097570056;188;2,9;2;1;1
258097570056;258097570103;47;2,9;2;1;1
258097570103;258097570213;110;2,9;2;1;1
258097570213;258097570281;68;2,9;2;1;1
258097570281;258097570368;87;2,9;2;1;1
258097570368;258097570513;145;2,9;2;1;1
258097570513;258097570659;146;2,9;2;1;1
258097570659;258097575443;4784;2,9;2;1;1
258097575443;258097579540;4097;2,9;2;1;1
258097579540;258097585052;5512;2,9;2;1;1
258097585052;258097585061;9;2,9;2;1;1
258097585061;258097585111;50;2,9;2;1;1
258097585111;258097585122;11;2,9;2;1;1
258097585122;258097585146;24;2,9;2;1;1
258097585146;258097585174;28;2,9;2;1;1
258097585174;258097585798;624;2,9;2;1;1
258097585798;258097623166;37368;2,9;2;1;1
258097623166;258097634667;11501;2,9;2;1;1
258097634667;258097635086;419;2,9;2;1;1
258097635086;258097638499;3413;2,9;2;1;1
258097638499;258097638665;166;2,9;2;1;1
258097638665;258097638932;267;2,9;2;1;1
258097638932;258097639150;218;2,9;2;1;1
258097639150;258097639381;231;2,9;2;1;1
258097639381;258097639526;145;2,9;2;1;1
258097639526;258097639672;146;2,9;2;1;1
258097639672;258097639816;144;2,9;2;1;1
258097639816;258097639962;146;2,9;2;1;1
258097639962;258097640105;143;2,9;2;1;1
258097640105;258097644888;4783;2,9;2;1;1
258097644888;258097645105;217;2,9;2;1;1
258097645105;258097645140;35;2,9;2;1;1
258097645140;258097645274;134;2,9;2;1;1
258097645274;258097645628;354;2,9;2;1;1
258097645628;258097645955;327;2,9;2;1;1
258097645955;258097646044;89;2,9;2;1;1
258097646044;258097646149;105;2,9;2;1;1
258097646149;258097646373;224;2,9;2;1;1
258097646373;258097646687;314;2,9;2;1;1
258097646687;258097650306;3619;2,9;2;1;1
258097650306;258097657099;6793;2,9;2;1;1
258097657099;258097658261;1162;2,9;2;1;1
258097658261;258097660779;2518;2,9;2;1;1
258097660779;258097660991;212;2,9;2;1;1
258097660991;258097661027;36;2,9;2;1;1
258097661027;258097661111;84;2,9;2;1;1
258097661111;258097661230;119;2,9;2;1;1
258097661230;258097661288;58;2,9;2;1;1
258097661288;258097661457;169;2,9;2;1;1
258097661457;258097661632;175;2,9;2;1;1
258097661632;258097661671;39;2,9;2;1;1
258097661671;258097661793;122;2,9;2;1;1
258097661793;258097669481;7688;2,9;2;1;1
258097669481;258097671420;1939;2,9;2;1;1
258097671420;258097672319;899;2,9;2;1;1
258097672319;258097685325;13006;2,9;2;1;1
258097685325;258097685375;50;2,9;2;1;1
258097685375;258097685737;362;2,9;2;1;1
258097685737;258097698029;12292;2,9;2;1;1
258097698029;258097701613;3584;2,9;2;1;1
258097701613;258097701689;76;2,9;2;1;1
258097701689;258097701983;294;2,9;2;1;1
258097701983;258097702084;101;2,9;2;1;1
258097702084;258097702179;95;2,9;2;1;1
258097702179;258097726856;24677;2,9;2;1;1
258097726856;258097741194;14338;2,9;2;1;1
258097741194;258097745840;4646;2,9;2;1;1
258097745840;258097745861;21;2,9;2;1;1
258097745861;258097745876;15;2,9;2;1;1
258097745876;258097745917;41;2,9;2;1;1
258097745917;258097745968;51;2,9;2;1;1
258097745968;258097746021;53;2,9;2;1;1
258097746021;258097746045;24;2,9;2;1;1
258097746045;258097774596;28551;2,9;2;1;1
258097774596;258097784410;9814;2,9;2;1;1
258097784410;258097816693;32283;2,9;2;1;1
258097816693;258097826002;9309;2,9;2;1;1
258097826002;258097826256;254;2,9;2;1;1
258097826256;258097845406;19150;2,9;2;1;1
258097845406;258097845516;110;2,9;2;1;1
258097845516;258097845550;34;2,9;2;1;1
258097845550;258097858092;12542;2,9;2;1;1
258097858092;258097868453;10361;2,9;2;1;1
258097868453;258097868498;45;2,9;2;1;1
258097868498;258097868506;8;2,9;2;1;1
258097868506;258097868520;14;2,9;2;1;1
258097868520;258097868540;20;2,9;2;1;1
258097868540;258097878440;9900;2,9;2;1;1
258097878440;258097878462;22;2,9;2;1;1
258097878462;258097878674;212;2,9;2;1;1
258097878674;258097899707;21033;2,9;2;1;1
258097899707;258097953139;53432;2,9;2;1;1
258097953139;258097963538;10399;2,9;2;1;1
258097963538;258097963573;35;2,9;2;1;1
258097963573;258097986466;22893;2,9;2;1;1
258097986466;258098038347;51881;2,9;2;1;1
258098038347;258098038589;242;2,9;2;1;1
258098038589;258098038996;407;2,9;2;1;1
258098038996;258098039310;314;2,9;2;1;1
258098039310;258098040430;1120;2,9;2;1;1
258098040430;258098040455;25;2,9;2;1;1
258098040455;258098040518;63;2,9;2;1;1
258098040518;258098041914;1396;2,9;2;1;1
258098041914;258098041988;74;2,9;2;1;1
258098041988;258098050385;8397;2,9;2;1;1
258098050385;258098053259;2874;2,9;2;1;1
258098053259;258098163001;109742;2,9;2;1;1
258098163001;258098213589;50588;2,9;2;1;1
258098213589;258098222442;8853;2,9;2;1;1
258098222442;258098254654;32212;2,9;2;1;1
258098254654;258098257815;3161;2,9;2;1;1
258098257815;258098257872;57;2,9;2;1;1
258098257872;258098269104;11232;2,9;2;1;1
258098269104;258098269140;36;2,9;2;1;1
258098269140;258098269171;31;2,9;2;1;1
258098269171;258098300512;31341;2,9;2;1;1
258098300512;258098341330;40818;2,9;2;1;1
258098341330;258098341971;641;2,9;2;1;1
258098341971;258098350693;8722;2,9;2;1;1
258098350693;258098350842;149;2,9;2;1;1
258098350842;258098350869;27;2,9;2;1;1
258098350869;258098350956;87;2,9;2;1;1
258098350956;258098352888;1932;2,9;2;1;1
258098352888;258098353317;429;2,9;2;1;1
258098353317;258098353371;54;2,9;2;1;1
258098353371;258098353379;8;2,9;2;1;1
258098353379;258098353429;50;2,9;2;1;1
258098353429;258098372549;19120;2,9;2;1;1
258098372549;258098373006;457;2,9;2;1;1
258098373006;258098373054;48;2,9;2;1;1
258098373054;258098373073;19;2,9;2;1;1
258098373073;258098373107;34;2,9;2;1;1
258098373107;258098373645;538;2,9;2;1;1
258098373645;258098376493;2848;2,9;2;1;1
258098376493;258098376903;410;2,9;2;1;1
258098376903;258098389310;12407;2,9;2;1;1
258098389310;258098389384;74;2,9;2;1;1
258098389384;258098389510;126;2,9;2;1;1
258098389510;258098389604;94;2,9;2;1;1
258098389604;258098389628;24;2,9;2;1;1
258098389628;258098389937;309;2,9;2;1;1
258098389937;258098389972;35;2,9;2;1;1
258098389972;258098390092;120;2,9;2;1;1
258098390092;258098390211;119;2,9;2;1;1
258098390211;258098390306;95;2,9;2;1;1
258098390306;258098398624;8318;2,9;2;1;1
258098398624;258098399089;465;2,9;2;1;1
258098399089;258098399279;190;2,9;2;1;1
258098399279;258098399381;102;2,9;2;1;1
258098399381;258098399435;54;2,9;2;1;1
258098399435;258098399616;181;2,9;2;1;1
258098399616;258098399690;74;2,9;2;1;1
258098399690;258098399954;264;2,9;2;1;1
258098399954;258098400081;127;2,9;2;1;1
258098400081;258098400117;36;2,9;2;1;1
258098400117;258098400139;22;2,9;2;1;1
258098400139;258098400173;34;2,9;2;1;1
258098400173;258098400285;112;2,9;2;1;1
258098400285;258098400290;5;2,9;2;1;1
258098400290;258098400346;56;2,9;2;1;1
258098400346;258098400409;63;2,9;2;1;1
258098400409;258098400518;109;2,9;2;1;1
258098400518;258098400631;113;2,9;2;1;1
258098400631;258098400750;119;2,9;2;1;1
258098400750;258098400860;110;2,9;2;1;1
258098400860;258098401334;474;2,9;2;1;1
258098401334;258098401396;62;2,9;2;1;1
258098401396;258098407904;6508;2,9;2;1;1
258098407904;258098407992;88;2,9;2;1;1
258098407992;258098408644;652;2,9;2;1;1
258098408644;258098409569;925;2,9;2;1;1
258098409569;258098409617;48;2,9;2;1;1
258098409617;258098409991;374;2,9;2;1;1
258098409991;258098410597;606;2,9;2;1;1
258098410597;258098410672;75;2,9;2;1;1
258098410672;258098410698;26;2,9;2;1;1
258098410698;258098411184;486;2,9;2;1;1
258098411184;258098411496;312;2,9;2;1;1
258098411496;258098411682;186;2,9;2;1;1
258098411682;258098411859;177;2,9;2;1;1
258098411859;258098411883;24;2,9;2;1;1
258098411883;258098411896;13;2,9;2;1;1
258098411896;258098412608;712;2,9;2;1;1
258098412608;258098413350;742;2,9;2;1;1
258098413350;258098415267;1917;2,9;2;1;1
258098415267;258098415965;698;2,9;2;1;1
258098415965;258098416003;38;2,9;2;1;1
258098416003;258098416082;79;2,9;2;1;1
258098416082;258098416142;60;2,9;2;1;1
258098416142;258098416153;11;2,9;2;1;1
258098416153;258098416210;57;2,9;2;1;1
258098416210;258098416357;147;2,9;2;1;1
258098416357;258098416418;61;2,9;2;1;1
258098416418;258098416530;112;2,9;2;1;1
258098416530;258098416778;248;2,9;2;1;1
258098416778;258098420606;3828;2,9;2;1;1
258098420606;258098427192;6586;2,9;2;1;1
258098427192;258098428303;1111;2,9;2;1;1
258098428303;258098428403;100;2,9;2;1;1
258098428403;258098428672;269;2,9;2;1;1
258098428672;258098428707;35;2,9;2;1;1
258098428707;258098428795;88;2,9;2;1;1
258098428795;258098428912;117;2,9;2;1;1
258098428912;258098429028;116;2,9;2;1;1
258098429028;258098429361;333;2,9;2;1;1
258098429361;258098429763;402;2,9;2;1;1
258098429763;258098430662;899;2,9;2;1;1
258098430662;258098430805;143;2,9;2;1;1
258098430805;258098431057;252;2,9;2;1;1
258098431057;258098432935;1878;2,9;2;1;1
258098432935;258098439996;7061;2,9;2;1;1
258098439996;258098440201;205;2,9;2;1;1
258098440201;258098440283;82;2,9;2;1;1
258098440283;258098440391;108;2,9;2;1;1
258098440391;258098440417;26;2,9;2;1;1
258098440417;258098440640;223;2,9;2;1;1
258098440640;258098440648;8;2,9;2;1;1
258098440648;258098440688;40;2,9;2;1;1
258098440688;258098440760;72;2,9;2;1;1
258098440760;258098441141;381;2,9;2;1;1
258098441141;258098442416;1275;2,9;2;1;1
258098442416;258098444240;1824;2,9;2;1;1
258098444240;258098448660;4420;2,9;2;1;1
258098448660;258098451894;3234;2,9;2;1;1
258098451894;258098458793;6899;2,9;2;1;1
258098458793;258098459121;328;2,9;2;1;1
258098459121;258098462347;3226;2,9;2;1;1
258098462347;258098462463;116;2,9;2;1;1
258098462463;258098462516;53;2,9;2;1;1
258098462516;258098462720;204;2,9;2;1;1
258098462720;258098462885;165;2,9;2;1;1
258098462885;258098463068;183;2,9;2;1;1
258098463068;258098463254;186;2,9;2;1;1
258098463254;258098463289;35;2,9;2;1;1
258098463289;258098463425;136;2,9;2;1;1
258098463425;258098463514;89;2,9;2;1;1
258098463514;258098463675;161;2,9;2;1;1
258098463675;258098463824;149;2,9;2;1;1
258098463824;258098463970;146;2,9;2;1;1
258098463970;258098465930;1960;2,9;2;1;1
258098465930;258098466065;135;2,9;2;1;1
258098466065;258098466147;82;2,9;2;1;1
258098466147;258098466292;145;2,9;2;1;1
258098466292;258098466297;5;2,9;2;1;1
258098466297;258098466352;55;2,9;2;1;1
258098466352;258098466357;5;2,9;2;1;1
258098466357;258098466432;75;2,9;2;1;1
258098466432;258098466478;46;2,9;2;1;1
258098466478;258098466515;37;2,9;2;1;1
258098466515;258098470920;4405;2,9;2;1;1
258098470920;258098475210;4290;2,9;2;1;1
258098475210;258098477062;1852;2,9;2;1;1
258098477062;258098480611;3549;2,9;2;1;1
258098480611;258098480777;166;2,9;2;1;1
258098480777;258098481192;415;2,9;2;1;1
258098481192;258098481228;36;2,9;2;1;1
258098481228;258098481758;530;2,9;2;1;1
258098481758;258098482371;613;2,9;2;1;1
258098482371;258098490299;7928;2,9;2;1;1
258098490299;258098490311;12;2,9;2;1;1
258098490311;258098491758;1447;2,9;2;1;1
258098491758;258098491848;90;2,9;2;1;1
258098491848;258098491902;54;2,9;2;1;1
258098491902;258098492170;268;2,9;2;1;1
258098492170;258098492731;561;2,9;2;1;1
258098492731;258098510695;17964;2,9;2;1;1
258098510695;258098510915;220;2,9;2;1;1
258098510915;258098510957;42;2,9;2;1;1
258098510957;258098510988;31;2,9;2;1;1
258098510988;258098511036;48;2,9;2;1;1
258098511036;258098511108;72;2,9;2;1;1
258098511108;258098511141;33;2,9;2;1;1
258098511141;258098511360;219;2,9;2;1;1
258098511360;258098511507;147;2,9;2;1;1
258098511507;258098511653;146;2,9;2;1;1
258098511653;258098520474;8821;2,9;2;1;1
258098520474;258098531457;10983;2,9;2;1;1
258098531457;258098576261;44804;2,9;2;1;1
258098576261;258098587634;11373;2,9;2;1;1
258098587634;258098608024;20390;2,9;2;1;1
258098608024;258098611427;3403;2,9;2;1;1
258098611427;258098611748;321;2,9;2;1;1
258098611748;258098614993;3245;2,9;2;1;1
258098614993;258098615067;74;2,9;2;1;1
258098615067;258098616334;1267;2,9;2;1;1
258098616334;258098616580;246;2,9;2;1;1
258098616580;258098616777;197;2,9;2;1;1
258098616777;258098616920;143;2,9;2;1;1
258098616920;258098617066;146;2,9;2;1;1
258098617066;258098617330;264;2,9;2;1;1
258098617330;258098617378;48;2,9;2;1;1
258098617378;258098617526;148;2,9;2;1;1
258098617526;258098617748;222;2,9;2;1;1
258098617748;258098617774;26;2,9;2;1;1
258098617774;258098617933;159;2,9;2;1;1
258098617933;258098618394;461;2,9;2;1;1
258098618394;258098620351;1957;2,9;2;1;1
258098620351;258098620454;103;2,9;2;1;1
258098620454;258098620477;23;2,9;2;1;1
258098620477;258098620589;112;2,9;2;1;1
258098620589;258098620666;77;2,9;2;1;1
258098620666;258098620797;131;2,9;2;1;1
258098620797;258098620850;53;2,9;2;1;1
258098620850;258098620900;50;2,9;2;1;1
258098620900;258098620962;62;2,9;2;1;1
258098620962;258098621051;89;2,9;2;1;1
258098621051;258098627518;6467;2,9;2;1;1
258098627518;258098628863;1345;2,9;2;1;1
258098628863;258098632363;3500;2,9;2;1;1
258098632363;258098636304;3941;2,9;2;1;1
258098636304;258098636673;369;2,9;2;1;1
258098636673;258098670579;33906;2,9;2;1;1
258098670579;258098672236;1657;2,9;2;1;1
258098672236;258098672499;263;2,9;2;1;1
258098672499;258098672855;356;2,9;2;1;1
258098672855;258098672975;120;2,9;2;1;1
258098672975;258098673022;47;2,9;2;1;1
258098673022;258098673056;34;2,9;2;1;1
258098673056;258098673097;41;2,9;2;1;1
258098673097;258098673147;50;2,9;2;1;1
258098673147;258098673175;28;2,9;2;1;1
258098673175;258098673323;148;2,9;2;1;1
258098673323;258098679958;6635;2,9;2;1;1
258098679958;258098680103;145;2,9;2;1;1
258098680103;258098694267;14164;2,9;2;1;1
258098694267;258098711508;17241;2,9;2;1;1
258098711508;258098720109;8601;2,9;2;1;1
258098720109;258098720739;630;2,9;2;1;1
258098720739;258098741018;20279;2,9;2;1;1
258098741018;258098741153;135;2,9;2;1;1
258098741153;258098741195;42;2,9;2;1;1
258098741195;258098741302;107;2,9;2;1;1
258098741302;258098742004;702;2,9;2;1;1
258098742004;258098742149;145;2,9;2;1;1
258098742149;258098742188;39;2,9;2;1;1
258098742188;258098742280;92;2,9;2;1;1
258098742280;258098742351;71;2,9;2;1;1
258098742351;258098743077;726;2,9;2;1;1
258098743077;258098746167;3090;2,9;2;1;1
258098746167;258098746241;74;2,9;2;1;1
258098746241;258098746370;129;2,9;2;1;1
258098746370;258098746372;2;2,9;2;1;1
258098746372;258098746522;150;2,9;2;1;1
258098746522;258098746556;34;2,9;2;1;1
258098746556;258098746864;308;2,9;2;1;1
258098746864;258098746902;38;2,9;2;1;1
258098746902;258098747073;171;2,9;2;1;1
258098747073;258098747114;41;2,9;2;1;1
258098747114;258098761426;14312;2,9;2;1;1
258098761426;258098761461;35;2,9;2;1;1
258098761461;258098761484;23;2,9;2;1;1
258098761484;258098761541;57;2,9;2;1;1
258098761541;258098761971;430;2,9;2;1;1
258098761971;258098763772;1801;2,9;2;1;1
258098763772;258098764678;906;2,9;2;1;1
258098764678;258098764776;98;2,9;2;1;1
258098764776;258098765076;300;2,9;2;1;1
258098765076;258098765226;150;2,9;2;1;1
258098765226;258098767162;1936;2,9;2;1;1
258098767162;258098774601;7439;2,9;2;1;1
258098774601;258098774634;33;2,9;2;1;1
258098774634;258098774668;34;2,9;2;1;1
258098774668;258098775054;386;2,9;2;1;1
258098775054;258098775155;101;2,9;2;1;1
258098775155;258098775269;114;2,9;2;1;1
258098775269;258098775657;388;2,9;2;1;1
258098775657;258098775696;39;2,9;2;1;1
258098775696;258098775798;102;2,9;2;1;1
258098775798;258098776473;675;2,9;2;1;1
258098776473;258098776511;38;2,9;2;1;1
258098776511;258098776566;55;2,9;2;1;1
258098776566;258098776615;49;2,9;2;1;1
258098776615;258098777057;442;2,9;2;1;1
258098777057;258098780675;3618;2,9;2;1;1
258098780675;258098780760;85;2,9;2;1;1
258098780760;258098780939;179;2,9;2;1;1
258098780939;258098781154;215;2,9;2;1;1
258098781154;258098781227;73;2,9;2;1;1
258098781227;258098781387;160;2,9;2;1;1
258098781387;258098781402;15;2,9;2;1;1
258098781402;258098781560;158;2,9;2;1;1
258098781560;258098781607;47;2,9;2;1;1
258098781607;258098781615;8;2,9;2;1;1
258098781615;258098781681;66;2,9;2;1;1
258098781681;258098781731;50;2,9;2;1;1
258098781731;258098781764;33;2,9;2;1;1
258098781764;258098781774;10;2,9;2;1;1
258098781774;258098781817;43;2,9;2;1;1
258098781817;258098781885;68;2,9;2;1;1
258098781885;258098781942;57;2,9;2;1;1
258098781942;258098782078;136;2,9;2;1;1
258098782078;258098782215;137;2,9;2;1;1
258098782215;258098786078;3863;2,9;2;1;1
258098786078;258098787673;1595;2,9;2;1;1
258098787673;258098792647;4974;2,9;2;1;1
258098792647;258098794567;1920;2,9;2;1;1
258098794567;258098794774;207;2,9;2;1;1
258098794774;258098795078;304;2,9;2;1;1
258098795078;258098796784;1706;2,9;2;1;1
258098796784;258098796792;8;2,9;2;1;1
258098796792;258098796843;51;2,9;2;1;1
258098796843;258098796851;8;2,9;2;1;1
258098796851;258098796902;51;2,9;2;1;1
258098796902;258098796952;50;2,9;2;1;1
258098796952;258098797720;768;2,9;2;1;1
258098797720;258098809405;11685;2,9;2;1;1
258098809405;258098817150;7745;2,9;2;1;1
258098817150;258098820894;3744;2,9;2;1;1
258098820894;258098827161;6267;2,9;2;1;1
258098827161;258098829170;2009;2,9;2;1;1
258098829170;258098829196;26;2,9;2;1;1
258098829196;258098830523;1327;2,9;2;1;1
258098830523;258098830677;154;2,9;2;1;1
258098830677;258098832457;1780;2,9;2;1;1
258098832457;258098832572;115;2,9;2;1;1
258098832572;258098832621;49;2,9;2;1;1
258098832621;258098832874;253;2,9;2;1;1
258098832874;258098832898;24;2,9;2;1;1
258098832898;258098833090;192;2,9;2;1;1
258098833090;258098833116;26;2,9;2;1;1
258098833116;258098833175;59;2,9;2;1;1
258098833175;258098833185;10;2,9;2;1;1
258098833185;258098833242;57;2,9;2;1;1
258098833242;258098833253;11;2,9;2;1;1
258098833253;258098833451;198;2,9;2;1;1
258098833451;258098833507;56;2,9;2;1;1
258098833507;258098833788;281;2,9;2;1;1
258098833788;258098833981;193;2,9;2;1;1
258098833981;258098834604;623;2,9;2;1;1
258098834604;258098834643;39;2,9;2;1;1
258098834643;258098834826;183;2,9;2;1;1
258098834826;258098834865;39;2,9;2;1;1
258098834865;258098834989;124;2,9;2;1;1
258098834989;258098835045;56;2,9;2;1;1
258098835045;258098835260;215;2,9;2;1;1
258098835260;258098835518;258;2,9;2;1;1
258098835518;258098838359;2841;2,9;2;1;1
258098838359;258098838544;185;2,9;2;1;1
258098838544;258098838561;17;2,9;2;1;1
258098838561;258098838647;86;2,9;2;1;1
258098838647;258098838695;48;2,9;2;1;1
258098838695;258098838751;56;2,9;2;1;1
258098838751;258098838811;60;2,9;2;1;1
258098838811;258098838843;32;2,9;2;1;1
258098838843;258098839009;166;2,9;2;1;1
258098839009;258098849505;10496;2,9;2;1;1
258098849505;258098850722;1217;2,9;2;1;1
258098850722;258098851873;1151;2,9;2;1;1
258098851873;258098856015;4142;2,9;2;1;1
258098856015;258098856144;129;2,9;2;1;1
258098856144;258098856168;24;2,9;2;1;1
258098856168;258098856331;163;2,9;2;1;1
258098856331;258098856348;17;2,9;2;1;1
258098856348;258098856494;146;2,9;2;1;1
258098856494;258098856522;28;2,9;2;1;1
258098856522;258098856622;100;2,9;2;1;1
258098856622;258098856649;27;2,9;2;1;1
258098856649;258098856734;85;2,9;2;1;1
258098856734;258098857141;407;2,9;2;1;1
258098857141;258098857169;28;2,9;2;1;1
258098857169;258098857306;137;2,9;2;1;1
258098857306;258098857645;339;2,9;2;1;1
258098857645;258098857704;59;2,9;2;1;1
258098857704;258098857759;55;2,9;2;1;1
258098857759;258098857792;33;2,9;2;1;1
258098857792;258098857814;22;2,9;2;1;1
258098857814;258098857864;50;2,9;2;1;1
258098857864;258098858245;381;2,9;2;1;1
258098858245;258098859104;859;2,9;2;1;1
258098859104;258098859281;177;2,9;2;1;1
258098859281;258098859918;637;2,9;2;1;1
258098859918;258098863320;3402;2,9;2;1;1
258098863320;258098863612;292;2,9;2;1;1
258098863612;258098863638;26;2,9;2;1;1
258098863638;258098863723;85;2,9;2;1;1
258098863723;258098863944;221;2,9;2;1;1
258098863944;258098863967;23;2,9;2;1;1
258098863967;258098864017;50;2,9;2;1;1
258098864017;258098864061;44;2,9;2;1;1
258098864061;258098864170;109;2,9;2;1;1
258098864170;258098864244;74;2,9;2;1;1
258098864244;258098864281;37;2,9;2;1;1
258098864281;258098864462;181;2,9;2;1;1
258098864462;258098864507;45;2,9;2;1;1
258098864507;258098864615;108;2,9;2;1;1
258098864615;258098864627;12;2,9;2;1;1
258098864627;258098864717;90;2,9;2;1;1
258098864717;258098864719;2;2,9;2;1;1
258098864719;258098864888;169;2,9;2;1;1
258098864888;258098865074;186;2,9;2;1;1
258098865074;258098865119;45;2,9;2;1;1
258098865119;258098865228;109;2,9;2;1;1
258098865228;258098871480;6252;2,9;2;1;1
258098871480;258098873028;1548;2,9;2;1;1
258098873028;258098873036;8;2,9;2;1;1
258098873036;258098873126;90;2,9;2;1;1
258098873126;258098873369;243;2,9;2;1;1
258098873369;258098873412;43;2,9;2;1;1
258098873412;258098873896;484;2,9;2;1;1
258098873896;258098874274;378;2,9;2;1;1
258098874274;258098878233;3959;2,9;2;1;1
258098878233;258098879324;1091;2,9;2;1;1
258098879324;258098886791;7467;2,9;2;1;1
258098886791;258098886811;20;2,9;2;1;1
258098886811;258098887175;364;2,9;2;1;1
258098887175;258098888765;1590;2,9;2;1;1
258098888765;258098888889;124;2,9;2;1;1
258098888889;258098889151;262;2,9;2;1;1
258098889151;258098889714;563;2,9;2;1;1
258098889714;258098889951;237;2,9;2;1;1
258098889951;258098889989;38;2,9;2;1;1
258098889989;258098893097;3108;2,9;2;1;1
258098893097;258098893110;13;2,9;2;1;1
258098893110;258098893235;125;2,9;2;1;1
258098893235;258098893307;72;2,9;2;1;1
258098893307;258098893614;307;2,9;2;1;1
258098893614;258098893659;45;2,9;2;1;1
258098893659;258098893809;150;2,9;2;1;1
258098893809;258098893861;52;2,9;2;1;1
258098893861;258098894094;233;2,9;2;1;1
258098894094;258098897923;3829;2,9;2;1;1
258098897923;258098903266;5343;2,9;2;1;1
258098903266;258098903382;116;2,9;2;1;1
258098903382;258098903425;43;2,9;2;1;1
258098903425;258098903659;234;2,9;2;1;1
258098903659;258098903877;218;2,9;2;1;1
258098903877;258098903923;46;2,9;2;1;1
258098903923;258098904467;544;2,9;2;1;1
258098904467;258098904533;66;2,9;2;1;1
258098904533;258098915232;10699;2,9;2;1;1
258098915232;258098919120;3888;2,9;2;1;1
258098919120;258098919171;51;2,9;2;1;1
258098919171;258098919240;69;2,9;2;1;1
258098919240;258098919447;207;2,9;2;1;1
258098919447;258098919483;36;2,9;2;1;1
258098919483;258098919572;89;2,9;2;1;1
258098919572;258098919691;119;2,9;2;1;1
258098919691;258098919888;197;2,9;2;1;1
258098919888;258098919904;16;2,9;2;1;1
258098919904;258098919927;23;2,9;2;1;1
258098919927;258098920045;118;2,9;2;1;1
258098920045;258098920116;71;2,9;2;1;1
258098920116;258098920163;47;2,9;2;1;1
258098920163;258098920228;65;2,9;2;1;1
258098920228;258098920252;24;2,9;2;1;1
258098920252;258098920333;81;2,9;2;1;1
258098920333;258098929058;8725;2,9;2;1;1
258098929058;258098944862;15804;2,9;2;1;1
258098944862;258098945258;396;2,9;2;1;1
258098945258;258098945293;35;2,9;2;1;1
258098945293;258098945310;17;2,9;2;1;1
258098945310;258098945389;79;2,9;2;1;1
258098945389;258098945427;38;2,9;2;1;1
258098945427;258098945787;360;2,9;2;1;1
258098945787;258098945795;8;2,9;2;1;1
258098945795;258098945854;59;2,9;2;1;1
258098945854;258098945869;15;2,9;2;1;1
258098945869;258098945939;70;2,9;2;1;1
258098945939;258098951018;5079;2,9;2;1;1
258098951018;258098951103;85;2,9;2;1;1
258098951103;258098951112;9;2,9;2;1;1
258098951112;258098951412;300;2,9;2;1;1
258098951412;258098951432;20;2,9;2;1;1
258098951432;258098951492;60;2,9;2;1;1
258098951492;258098951542;50;2,9;2;1;1
258098951542;258098951589;47;2,9;2;1;1
258098951589;258098951624;35;2,9;2;1;1
258098951624;258098951636;12;2,9;2;1;1
258098951636;258098951755;119;2,9;2;1;1
258098951755;258098951770;15;2,9;2;1;1
258098951770;258098951783;13;2,9;2;1;1
258098951783;258098951903;120;2,9;2;1;1
258098951903;258098951918;15;2,9;2;1;1
258098951918;258098952065;147;2,9;2;1;1
258098952065;258098952088;23;2,9;2;1;1
258098952088;258098952190;102;2,9;2;1;1
258098952190;258098952233;43;2,9;2;1;1
258098952233;258098952378;145;2,9;2;1;1
258098952378;258098957636;5258;2,9;2;1;1
258098957636;258098957827;191;2,9;2;1;1
258098957827;258098957833;6;2,9;2;1;1
258098957833;258098958112;279;2,9;2;1;1
258098958112;258098958943;831;2,9;2;1;1
258098958943;258098959089;146;2,9;2;1;1
258098959089;258098959368;279;2,9;2;1;1
258098959368;258098959557;189;2,9;2;1;1
258098959557;258098959798;241;2,9;2;1;1
258098959798;258098959820;22;2,9;2;1;1
258098959820;258098959965;145;2,9;2;1;1
258098959965;258098961993;2028;2,9;2;1;1
258098961993;258098962343;350;2,9;2;1;1
258098962343;258098962847;504;2,9;2;1;1
258098962847;258098970033;7186;2,9;2;1;1
258098970033;258098970477;444;2,9;2;1;1
258098970477;258099006904;36427;2,9;2;1;1
258099006904;258099007099;195;2,9;2;1;1
258099007099;258099007386;287;2,9;2;1;1
258099007386;258099007481;95;2,9;2;1;1
258099007481;258099007668;187;2,9;2;1;1
258099007668;258099007863;195;2,9;2;1;1
258099007863;258099007907;44;2,9;2;1;1
258099007907;258099008107;200;2,9;2;1;1
258099008107;258099008253;146;2,9;2;1;1
258099008253;258099008398;145;2,9;2;1;1
258099008398;258099010021;1623;2,9;2;1;1
258099010021;258099013207;3186;2,9;2;1;1
258099013207;258099017072;3865;2,9;2;1;1
258099017072;258099017221;149;2,9;2;1;1
258099017221;258099017301;80;2,9;2;1;1
258099017301;258099017338;37;2,9;2;1;1
258099017338;258099017500;162;2,9;2;1;1
258099017500;258099017525;25;2,9;2;1;1
258099017525;258099017652;127;2,9;2;1;1
258099017652;258099017798;146;2,9;2;1;1
258099017798;258099017884;86;2,9;2;1;1
258099017884;258099017914;30;2,9;2;1;1
258099017914;258099017941;27;2,9;2;1;1
258099017941;258099019203;1262;2,9;2;1;1
258099019203;258099022525;3322;2,9;2;1;1
258099022525;258099022605;80;2,9;2;1;1
258099022605;258099024134;1529;2,9;2;1;1
258099024134;258099024167;33;2,9;2;1;1
258099024167;258099024217;50;2,9;2;1;1
258099024217;258099024278;61;2,9;2;1;1
258099024278;258099024300;22;2,9;2;1;1
258099024300;258099024420;120;2,9;2;1;1
258099024420;258099024448;28;2,9;2;1;1
258099024448;258099024482;34;2,9;2;1;1
258099024482;258099024613;131;2,9;2;1;1
258099024613;258099024775;162;2,9;2;1;1
258099024775;258099027482;2707;2,9;2;1;1
258099027482;258099029950;2468;2,9;2;1;1
258099029950;258099030135;185;2,9;2;1;1
258099030135;258099030172;37;2,9;2;1;1
258099030172;258099030303;131;2,9;2;1;1
258099030303;258099030458;155;2,9;2;1;1
258099030458;258099030860;402;2,9;2;1;1
258099030860;258099030999;139;2,9;2;1;1
258099030999;258099031092;93;2,9;2;1;1
258099031092;258099031159;67;2,9;2;1;1
258099031159;258099031194;35;2,9;2;1;1
258099031194;258099031793;599;2,9;2;1;1
258099031793;258099031988;195;2,9;2;1;1
258099031988;258099032322;334;2,9;2;1;1
258099032322;258099032418;96;2,9;2;1;1
258099032418;258099032623;205;2,9;2;1;1
258099032623;258099032665;42;2,9;2;1;1
258099032665;258099032780;115;2,9;2;1;1
258099032780;258099032821;41;2,9;2;1;1
258099032821;258099032915;94;2,9;2;1;1
258099032915;258099033061;146;2,9;2;1;1
258099033061;258099037797;4736;2,9;2;1;1
258099037797;258099041132;3335;2,9;2;1;1
258099041132;258099043055;1923;2,9;2;1;1
258099043055;258099046358;3303;2,9;2;1;1
258099046358;258099055978;9620;2,9;2;1;1
258099055978;258099056022;44;2,9;2;1;1
258099056022;258099068186;12164;2,9;2;1;1
258099068186;258099068373;187;2,9;2;1;1
258099068373;258099068405;32;2,9;2;1;1
258099068405;258099068455;50;2,9;2;1;1
258099068455;258099068515;60;2,9;2;1;1
258099068515;258099068884;369;2,9;2;1;1
258099068884;258099083030;14146;2,9;2;1;1
258099083030;258099083039;9;2,9;2;1;1
258099083039;258099083055;16;2,9;2;1;1
258099083055;258099083070;15;2,9;2;1;1
258099083070;258099083164;94;2,9;2;1;1
258099083164;258099083340;176;2,9;2;1;1
258099083340;258099085231;1891;2,9;2;1;1
258099085231;258099098118;12887;2,9;2;1;1
258099098118;258099098288;170;2,9;2;1;1
258099098288;258099146983;48695;2,9;2;1;1
258099146983;258099147080;97;2,9;2;1;1
258099147080;258099147215;135;2,9;2;1;1
258099147215;258099147261;46;2,9;2;1;1
258099147261;258099147282;21;2,9;2;1;1
258099147282;258099147393;111;2,9;2;1;1
258099147393;258099147420;27;2,9;2;1;1
258099147420;258099147428;8;2,9;2;1;1
258099147428;258099147492;64;2,9;2;1;1
258099147492;258099147642;150;2,9;2;1;1
258099147642;258099147759;117;2,9;2;1;1
258099147759;258099151040;3281;2,9;2;1;1
258099151040;258099151048;8;2,9;2;1;1
258099151048;258099151099;51;2,9;2;1;1
258099151099;258099151116;17;2,9;2;1;1
258099151116;258099151134;18;2,9;2;1;1
258099151134;258099151169;35;2,9;2;1;1
258099151169;258099151193;24;2,9;2;1;1
258099151193;258099157909;6716;2,9;2;1;1
258099157909;258099170727;12818;2,9;2;1;1
258099170727;258099170881;154;2,9;2;1;1
258099170881;258099171037;156;2,9;2;1;1
258099171037;258099171132;95;2,9;2;1;1
258099171132;258099171159;27;2,9;2;1;1
258099171159;258099171168;9;2,9;2;1;1
258099171168;258099171336;168;2,9;2;1;1
258099171336;258099171378;42;2,9;2;1;1
258099171378;258099171407;29;2,9;2;1;1
258099171407;258099171437;30;2,9;2;1;1
258099171437;258099179856;8419;2,9;2;1;1
258099179856;258099186890;7034;2,9;2;1;1
258099186890;258099196703;9813;2,9;2;1;1
258099196703;258099196901;198;2,9;2;1;1
258099196901;258099197160;259;2,9;2;1;1
258099197160;258099197234;74;2,9;2;1;1
258099197234;258099197603;369;2,9;2;1;1
258099197603;258099226090;28487;2,9;2;1;1
258099226090;258099233362;7272;2,9;2;1;1
258099233362;258099237947;4585;2,9;2;1;1
258099237947;258099237998;51;2,9;2;1;1
258099237998;258099238049;51;2,9;2;1;1
258099238049;258099238100;51;2,9;2;1;1
258099238100;258099238150;50;2,9;2;1;1
258099238150;258099238200;50;2,9;2;1;1
258099238200;258099239169;969;2,9;2;1;1
258099239169;258099258597;19428;2,9;2;1;1
258099258597;258099258970;373;2,9;2;1;1
258099258970;258099259288;318;2,9;2;1;1
258099259288;258099261867;2579;2,9;2;1;1
258099261867;258099261916;49;2,9;2;1;1
258099261916;258099261968;52;2,9;2;1;1
258099261968;258099262038;70;2,9;2;1;1
258099262038;258099262820;782;2,9;2;1;1
258099262820;258099262856;36;2,9;2;1;1
258099262856;258099266113;3257;2,9;2;1;1
258099266113;258099266275;162;2,9;2;1;1
258099266275;258099266330;55;2,9;2;1;1
258099266330;258099266451;121;2,9;2;1;1
258099266451;258099266789;338;2,9;2;1;1
258099266789;258099266957;168;2,9;2;1;1
258099266957;258099267121;164;2,9;2;1;1
258099267121;258099267412;291;2,9;2;1;1
258099267412;258099267434;22;2,9;2;1;1
258099267434;258099267532;98;2,9;2;1;1
258099267532;258099276225;8693;2,9;2;1;1
258099276225;258099278773;2548;2,9;2;1;1
258099278773;258099278795;22;2,9;2;1;1
258099278795;258099278933;138;2,9;2;1;1
258099278933;258099278984;51;2,9;2;1;1
258099278984;258099279298;314;2,9;2;1;1
258099279298;258099280157;859;2,9;2;1;1
258099280157;258099281164;1007;2,9;2;1;1
258099281164;258099281621;457;2,9;2;1;1
258099281621;258099286308;4687;2,9;2;1;1
258099286308;258099286357;49;2,9;2;1;1
258099286357;258099286398;41;2,9;2;1;1
258099286398;258099286513;115;2,9;2;1;1
258099286513;258099286580;67;2,9;2;1;1
258099286580;258099286748;168;2,9;2;1;1
258099286748;258099286877;129;2,9;2;1;1
258099286877;258099286893;16;2,9;2;1;1
258099286893;258099287059;166;2,9;2;1;1
258099287059;258099287368;309;2,9;2;1;1
258099287368;258099290510;3142;2,9;2;1;1
258099290510;258099290511;1;2,9;2;1;1
258099290511;258099290548;37;2,9;2;1;1
258099290548;258099290570;22;2,9;2;1;1
258099290570;258099290759;189;2,9;2;1;1
258099290759;258099296908;6149;2,9;2;1;1
258099296908;258099296941;33;2,9;2;1;1
258099296941;258099297039;98;2,9;2;1;1
258099297039;258099297075;36;2,9;2;1;1
258099297075;258099297114;39;2,9;2;1;1
258099297114;258099297146;32;2,9;2;1;1
258099297146;258099307183;10037;2,9;2;1;1
258099307183;258099310246;3063;2,9;2;1;1
258099310246;258099311110;864;2,9;2;1;1
258099311110;258099311647;537;2,9;2;1;1
258099311647;258099311691;44;2,9;2;1;1
258099311691;258099312034;343;2,9;2;1;1
258099312034;258099312086;52;2,9;2;1;1
258099312086;258099312646;560;2,9;2;1;1
258099312646;258099349298;36652;2,9;2;1;1
258099349298;258099349391;93;2,9;2;1;1
258099349391;258099349399;8;2,9;2;1;1
258099349399;258099349444;45;2,9;2;1;1
258099349444;258099349591;147;2,9;2;1;1
258099349591;258099349600;9;2,9;2;1;1
258099349600;258099349640;40;2,9;2;1;1
258099349640;258099349779;139;2,9;2;1;1
258099349779;258099349962;183;2,9;2;1;1
258099349962;258099349996;34;2,9;2;1;1
258099349996;258099362048;12052;2,9;2;1;1
258099362048;258099371350;9302;2,9;2;1;1
258099371350;258099371389;39;2,9;2;1;1
258099371389;258099371437;48;2,9;2;1;1
258099371437;258099371447;10;2,9;2;1;1
258099371447;258099371674;227;2,9;2;1;1
258099371674;258099371755;81;2,9;2;1;1
258099371755;258099371758;3;2,9;2;1;1
258099371758;258099371784;26;2,9;2;1;1
258099371784;258099371976;192;2,9;2;1;1
258099371976;258099372237;261;2,9;2;1;1
258099372237;258099372504;267;2,9;2;1;1
258099372504;258099381623;9119;2,9;2;1;1
258099381623;258099381894;271;2,9;2;1;1
258099381894;258099384130;2236;2,9;2;1;1
258099384130;258099392846;8716;2,9;2;1;1
258099392846;258099392972;126;2,9;2;1;1
258099392972;258099403409;10437;2,9;2;1;1
258099403409;258099404622;1213;2,9;2;1;1
258099404622;258099406936;2314;2,9;2;1;1
258099406936;258099406967;31;2,9;2;1;1
258099406967;258099407013;46;2,9;2;1;1
258099407013;258099407074;61;2,9;2;1;1
258099407074;258099407220;146;2,9;2;1;1
258099407220;258099407253;33;2,9;2;1;1
258099407253;258099407411;158;2,9;2;1;1
258099407411;258099407452;41;2,9;2;1;1
258099407452;258099407556;104;2,9;2;1;1
258099407556;258099407805;249;2,9;2;1;1
258099407805;258099418408;10603;2,9;2;1;1
258099418408;258099418687;279;2,9;2;1;1
258099418687;258099429705;11018;2,9;2;1;1
258099429705;258099429732;27;2,9;2;1;1
258099429732;258099429810;78;2,9;2;1;1
258099429810;258099430754;944;2,9;2;1;1
258099430754;258099430794;40;2,9;2;1;1
258099430794;258099451201;20407;2,9;2;1;1
258099451201;258099460763;9562;2,9;2;1;1
258099460763;258099461006;243;2,9;2;1;1
258099461006;258099461027;21;2,9;2;1;1
258099461027;258099461098;71;2,9;2;1;1
258099461098;258099461124;26;2,9;2;1;1
258099461124;258099461144;20;2,9;2;1;1
258099461144;258099461788;644;2,9;2;1;1
258099461788;258099482500;20712;2,9;2;1;1
258099482500;258099510159;27659;2,9;2;1;1
258099510159;258099513394;3235;2,9;2;1;1
258099513394;258099513410;16;2,9;2;1;1
258099513410;258099548402;34992;2,9;2;1;1
258099548402;258099558364;9962;2,9;2;1;1
258099558364;258099559071;707;2,9;2;1;1
258099559071;258099559126;55;2,9;2;1;1
258099559126;258099559174;48;2,9;2;1;1
258099559174;258099559256;82;2,9;2;1;1
258099559256;258099562721;3465;2,9;2;1;1
258099562721;258099562949;228;2,9;2;1;1
258099562949;258099563095;146;2,9;2;1;1
258099563095;258099563352;257;2,9;2;1;1
258099563352;258099563384;32;2,9;2;1;1
258099563384;258099563838;454;2,9;2;1;1
258099563838;258099587446;23608;2,9;2;1;1
258099587446;258099587743;297;2,9;2;1;1
258099587743;258099588002;259;2,9;2;1;1
258099588002;258099588116;114;2,9;2;1;1
258099588116;258099588182;66;2,9;2;1;1
258099588182;258099588229;47;2,9;2;1;1
258099588229;258099588292;63;2,9;2;1;1
258099588292;258099588471;179;2,9;2;1;1
258099588471;258099588509;38;2,9;2;1;1
258099588509;258099608046;19537;2,9;2;1;1
258099608046;258099608393;347;2,9;2;1;1
258099608393;258099608614;221;2,9;2;1;1
258099608614;258099611884;3270;2,9;2;1;1
258099611884;258099612297;413;2,9;2;1;1
258099612297;258099612564;267;2,9;2;1;1
258099612564;258099612816;252;2,9;2;1;1
258099612816;258099612946;130;2,9;2;1;1
258099612946;258099612988;42;2,9;2;1;1
258099612988;258099613020;32;2,9;2;1;1
258099613020;258099613199;179;2,9;2;1;1
258099613199;258099613296;97;2,9;2;1;1
258099613296;258099613354;58;2,9;2;1;1
258099613354;258099631466;18112;2,9;2;1;1
258099631466;258099631590;124;2,9;2;1;1
258099631590;258099631715;125;2,9;2;1;1
258099631715;258099633638;1923;2,9;2;1;1
258099633638;258099634117;479;2,9;2;1;1
258099634117;258099635008;891;2,9;2;1;1
258099635008;258099635179;171;2,9;2;1;1
258099635179;258099635282;103;2,9;2;1;1
258099635282;258099635298;16;2,9;2;1;1
258099635298;258099635367;69;2,9;2;1;1
258099635367;258099635402;35;2,9;2;1;1
258099635402;258099635419;17;2,9;2;1;1
258099635419;258099635501;82;2,9;2;1;1
258099635501;258099635530;29;2,9;2;1;1
258099635530;258099635705;175;2,9;2;1;1
258099635705;258099645678;9973;2,9;2;1;1
258099645678;258099645752;74;2,9;2;1;1
258099645752;258099645807;55;2,9;2;1;1
258099645807;258099645888;81;2,9;2;1;1
258099645888;258099645903;15;2,9;2;1;1
258099645903;258099646197;294;2,9;2;1;1
258099646197;258099647388;1191;2,9;2;1;1
258099647388;258099648177;789;2,9;2;1;1
258099648177;258099648483;306;2,9;2;1;1
258099648483;258099649197;714;2,9;2;1;1
258099649197;258099649267;70;2,9;2;1;1
258099649267;258099649304;37;2,9;2;1;1
258099649304;258099649367;63;2,9;2;1;1
258099649367;258099649485;118;2,9;2;1;1
258099649485;258099670019;20534;2,9;2;1;1
258099670019;258099680322;10303;2,9;2;1;1
258099680322;258099680487;165;2,9;2;1;1
258099680487;258099680750;263;2,9;2;1;1
258099680750;258099681000;250;2,9;2;1;1
258099681000;258099681192;192;2,9;2;1;1
258099681192;258099681336;144;2,9;2;1;1
258099681336;258099681481;145;2,9;2;1;1
258099681481;258099681625;144;2,9;2;1;1
258099681625;258099681771;146;2,9;2;1;1
258099681771;258099681913;142;2,9;2;1;1
258099681913;258099690399;8486;2,9;2;1;1
258099690399;258099691147;748;2,9;2;1;1
258099691147;258099694714;3567;2,9;2;1;1
258099694714;258099694973;259;2,9;2;1;1
258099694973;258099736037;41064;2,9;2;1;1
258099736037;258099744369;8332;2,9;2;1;1
258099744369;258099744501;132;2,9;2;1;1
258099744501;258099744619;118;2,9;2;1;1
258099744619;258099744739;120;2,9;2;1;1
258099744739;258099744857;118;2,9;2;1;1
258099744857;258099744986;129;2,9;2;1;1
258099744986;258099745259;273;2,9;2;1;1
258099745259;258099745402;143;2,9;2;1;1
258099745402;258099745549;147;2,9;2;1;1
258099745549;258099745781;232;2,9;2;1;1
258099745781;258099745808;27;2,9;2;1;1
258099745808;258099746202;394;2,9;2;1;1
258099746202;258099746337;135;2,9;2;1;1
258099746337;258099746379;42;2,9;2;1;1
258099746379;258099746744;365;2,9;2;1;1
258099746744;258099755057;8313;2,9;2;1;1
258099755057;258099781692;26635;2,9;2;1;1
258099781692;258099781759;67;2,9;2;1;1
258099781759;258099781760;1;2,9;2;1;1
258099781760;258099781768;8;2,9;2;1;1
258099781768;258099781786;18;2,9;2;1;1
258099781786;258099781818;32;2,9;2;1;1
258099781818;258099781868;50;2,9;2;1;1
258099781868;258099781879;11;2,9;2;1;1
258099781879;258099781894;15;2,9;2;1;1
258099781894;258099781979;85;2,9;2;1;1
258099781979;258099795124;13145;2,9;2;1;1
258099795124;258099801334;6210;2,9;2;1;1
258099801334;258099801380;46;2,9;2;1;1
258099801380;258099801620;240;2,9;2;1;1
258099801620;258099801659;39;2,9;2;1;1
258099801659;258099801727;68;2,9;2;1;1
258099801727;258099802561;834;2,9;2;1;1
258099802561;258099802605;44;2,9;2;1;1
258099802605;258099802936;331;2,9;2;1;1
258099802936;258099814752;11816;2,9;2;1;1
258099814752;258099819584;4832;2,9;2;1;1
258099819584;258099819744;160;2,9;2;1;1
258099819744;258099820086;342;2,9;2;1;1
258099820086;258099820552;466;2,9;2;1;1
258099820552;258099820665;113;2,9;2;1;1
258099820665;258099820804;139;2,9;2;1;1
258099820804;258099820943;139;2,9;2;1;1
258099820943;258099821090;147;2,9;2;1;1
258099821090;258099821123;33;2,9;2;1;1
258099821123;258099821150;27;2,9;2;1;1
258099821150;258099822987;1837;2,9;2;1;1
258099822987;258099823942;955;2,9;2;1;1
258099823942;258099829642;5700;2,9;2;1;1
258099829642;258099835498;5856;2,9;2;1;1
258099835498;258099881797;46299;2,9;2;1;1
258099881797;258099882240;443;2,9;2;1;1
258099882240;258099882694;454;2,9;2;1;1
258099882694;258099882762;68;2,9;2;1;1
258099882762;258099882856;94;2,9;2;1;1
258099882856;258099882982;126;2,9;2;1;1
258099882982;258099883024;42;2,9;2;1;1
258099883024;258099883053;29;2,9;2;1;1
258099883053;258099883089;36;2,9;2;1;1
258099883089;258099883162;73;2,9;2;1;1
258099883162;258099883219;57;2,9;2;1;1
258099883219;258099883283;64;2,9;2;1;1
258099883283;258099883588;305;2,9;2;1;1
258099883588;258099883621;33;2,9;2;1;1
258099883621;258099883635;14;2,9;2;1;1
258099883635;258099883728;93;2,9;2;1;1
258099883728;258099883787;59;2,9;2;1;1
258099883787;258099883922;135;2,9;2;1;1
258099883922;258099884067;145;2,9;2;1;1
258099884067;258099884103;36;2,9;2;1;1
258099884103;258099884347;244;2,9;2;1;1
258099884347;258099893603;9256;2,9;2;1;1
258099893603;258099893734;131;2,9;2;1;1
258099893734;258099894282;548;2,9;2;1;1
258099894282;258099894321;39;2,9;2;1;1
258099894321;258099894535;214;2,9;2;1;1
258099894535;258099895884;1349;2,9;2;1;1
258099895884;258099895920;36;2,9;2;1;1
258099895920;258099899299;3379;2,9;2;1;1
258099899299;258099899463;164;2,9;2;1;1
258099899463;258099899603;140;2,9;2;1;1
258099899603;258099899723;120;2,9;2;1;1
258099899723;258099899749;26;2,9;2;1;1
258099899749;258099899896;147;2,9;2;1;1
258099899896;258099899952;56;2,9;2;1;1
258099899952;258099900097;145;2,9;2;1;1
258099900097;258099900242;145;2,9;2;1;1
258099900242;258099900386;144;2,9;2;1;1
258099900386;258099902744;2358;2,9;2;1;1
258099902744;258099907915;5171;2,9;2;1;1
258099907915;258099912559;4644;2,9;2;1;1
258099912559;258099923530;10971;2,9;2;1;1
258099923530;258099926940;3410;2,9;2;1;1
258099926940;258099927001;61;2,9;2;1;1
258099927001;258099927052;51;2,9;2;1;1
258099927052;258099927062;10;2,9;2;1;1
258099927062;258099927652;590;2,9;2;1;1
258099927652;258099952367;24715;2,9;2;1;1
258099952367;258099956279;3912;2,9;2;1;1
258099956279;258099956509;230;2,9;2;1;1
258099956509;258099956737;228;2,9;2;1;1
258099956737;258099957169;432;2,9;2;1;1
258099957169;258099981764;24595;2,9;2;1;1
258099981764;258099984147;2383;2,9;2;1;1
258099984147;258099984235;88;2,9;2;1;1
258099984235;258099984455;220;2,9;2;1;1
258099984455;258099990835;6380;2,9;2;1;1
258099990835;258099991101;266;2,9;2;1;1
258099991101;258099991832;731;2,9;2;1;1
258099991832;258099991975;143;2,9;2;1;1
258099991975;258099992116;141;2,9;2;1;1
258099992116;258099992163;47;2,9;2;1;1
258099992163;258099992257;94;2,9;2;1;1
258099992257;258099992335;78;2,9;2;1;1
258099992335;258099992470;135;2,9;2;1;1
258099992470;258099992500;30;2,9;2;1;1
258099992500;258099992677;177;2,9;2;1;1
258099992677;258099992908;231;2,9;2;1;1
258099992908;258099994155;1247;2,9;2;1;1
258099994155;258099994167;12;2,9;2;1;1
258099994167;258099994190;23;2,9;2;1;1
258099994190;258099994586;396;2,9;2;1;1
258099994586;258100026895;32309;2,9;2;1;1
258100026895;258100026929;34;2,9;2;1;1
258100026929;258100027284;355;2,9;2;1;1
258100027284;258100027341;57;2,9;2;1;1
258100027341;258100027690;349;2,9;2;1;1
258100027690;258100049236;21546;2,9;2;1;1
258100049236;258100053020;3784;2,9;2;1;1
258100053020;258100053128;108;2,9;2;1;1
258100053128;258100053442;314;2,9;2;1;1
258100053442;258100053630;188;2,9;2;1;1
258100053630;258100079746;26116;2,9;2;1;1
258100079746;258100083372;3626;2,9;2;1;1
258100083372;258100085776;2404;2,9;2;1;1
258100085776;258100087241;1465;2,9;2;1;1
258100087241;258100088773;1532;2,9;2;1;1
258100088773;258100089924;1151;2,9;2;1;1
258100089924;258100089984;60;2,9;2;1;1
258100089984;258100090169;185;2,9;2;1;1
258100090169;258100090477;308;2,9;2;1;1
258100090477;258100090946;469;2,9;2;1;1
258100090946;258100099695;8749;2,9;2;1;1
258100099695;258100099744;49;2,9;2;1;1
258100099744;258100099794;50;2,9;2;1;1
258100099794;258100099872;78;2,9;2;1;1
258100099872;258100100287;415;2,9;2;1;1
258100100287;258100100533;246;2,9;2;1;1
258100100533;258100105321;4788;2,9;2;1;1
258100105321;258100105643;322;2,9;2;1;1
258100105643;258100105731;88;2,9;2;1;1
258100105731;258100109900;4169;2,9;2;1;1
258100109900;258100109956;56;2,9;2;1;1
258100109956;258100110175;219;2,9;2;1;1
258100110175;258100113197;3022;2,9;2;1;1
258100113197;258100113460;263;2,9;2;1;1
258100113460;258100113543;83;2,9;2;1;1
258100113543;258100113732;189;2,9;2;1;1
258100113732;258100114778;1046;2,9;2;1;1
258100114778;258100120471;5693;2,9;2;1;1
258100120471;258100120520;49;2,9;2;1;1
258100120520;258100120557;37;2,9;2;1;1
258100120557;258100126445;5888;2,9;2;1;1
258100126445;258100129600;3155;2,9;2;1;1
258100129600;258100129627;27;2,9;2;1;1
258100129627;258100130391;764;2,9;2;1;1
258100130391;258100130483;92;2,9;2;1;1
258100130483;258100135087;4604;2,9;2;1;1
258100135087;258100140685;5598;2,9;2;1;1
258100140685;258100140852;167;2,9;2;1;1
258100140852;258100140905;53;2,9;2;1;1
258100140905;258100159268;18363;2,9;2;1;1
258100159268;258100162788;3520;2,9;2;1;1
258100162788;258100171897;9109;2,9;2;1;1
258100171897;258100171931;34;2,9;2;1;1
258100171931;258100172012;81;2,9;2;1;1
258100172012;258100174206;2194;2,9;2;1;1
258100174206;258100174432;226;2,9;2;1;1
258100174432;258100174545;113;2,9;2;1;1
258100174545;258100174629;84;2,9;2;1;1
258100174629;258100174671;42;2,9;2;1;1
258100174671;258100174786;115;2,9;2;1;1
258100174786;258100174814;28;2,9;2;1;1
258100174814;258100174932;118;2,9;2;1;1
258100174932;258100175152;220;2,9;2;1;1
258100175152;258100175268;116;2,9;2;1;1
258100175268;258100176007;739;2,9;2;1;1
258100176007;258100186483;10476;2,9;2;1;1
258100186483;258100186723;240;2,9;2;1;1
258100186723;258100187990;1267;2,9;2;1;1
258100187990;258100188169;179;2,9;2;1;1
258100188169;258100188264;95;2,9;2;1;1
258100188264;258100188404;140;2,9;2;1;1
258100188404;258100188428;24;2,9;2;1;1
258100188428;258100188822;394;2,9;2;1;1
258100188822;258100189023;201;2,9;2;1;1
258100189023;258100189061;38;2,9;2;1;1
258100189061;258100199192;10131;2,9;2;1;1
258100199192;258100199680;488;2,9;2;1;1
258100199680;258100201792;2112;2,9;2;1;1
258100201792;258100201859;67;2,9;2;1;1
258100201859;258100201942;83;2,9;2;1;1
258100201942;258100201985;43;2,9;2;1;1
258100201985;258100202092;107;2,9;2;1;1
258100202092;258100202132;40;2,9;2;1;1
258100202132;258100202275;143;2,9;2;1;1
258100202275;258100202308;33;2,9;2;1;1
258100202308;258100202327;19;2,9;2;1;1
258100202327;258100202531;204;2,9;2;1;1
258100202531;258100212085;9554;2,9;2;1;1
258100212085;258100212117;32;2,9;2;1;1
258100212117;258100212221;104;2,9;2;1;1
258100212221;258100212250;29;2,9;2;1;1
258100212250;258100212379;129;2,9;2;1;1
258100212379;258100212512;133;2,9;2;1;1
258100212512;258100212692;180;2,9;2;1;1
258100212692;258100212729;37;2,9;2;1;1
258100212729;258100212817;88;2,9;2;1;1
258100212817;258100212824;7;2,9;2;1;1
258100212824;258100218367;5543;2,9;2;1;1
258100218367;258100218434;67;2,9;2;1;1
258100218434;258100218476;42;2,9;2;1;1
258100218476;258100218603;127;2,9;2;1;1
258100218603;258100218659;56;2,9;2;1;1
258100218659;258100218671;12;2,9;2;1;1
258100218671;258100218748;77;2,9;2;1;1
258100218748;258100218823;75;2,9;2;1;1
258100218823;258100218888;65;2,9;2;1;1
258100218888;258100219096;208;2,9;2;1;1
258100219096;258100222778;3682;2,9;2;1;1
258100222778;258100229925;7147;2,9;2;1;1
258100229925;258100238601;8676;2,9;2;1;1
258100238601;258100240748;2147;2,9;2;1;1
258100240748;258100260437;19689;2,9;2;1;1
258100260437;258100260639;202;2,9;2;1;1
258100260639;258100263502;2863;2,9;2;1;1
258100263502;258100263558;56;2,9;2;1;1
258100263558;258100264014;456;2,9;2;1;1
258100264014;258100273942;9928;2,9;2;1;1
258100273942;258100274089;147;2,9;2;1;1
258100274089;258100274209;120;2,9;2;1;1
258100274209;258100274341;132;2,9;2;1;1
258100274341;258100274357;16;2,9;2;1;1
258100274357;258100274533;176;2,9;2;1;1
258100274533;258100274592;59;2,9;2;1;1
258100274592;258100274742;150;2,9;2;1;1
258100274742;258100274914;172;2,9;2;1;1
258100274914;258100275131;217;2,9;2;1;1
258100275131;258100279904;4773;2,9;2;1;1
258100279904;258100280283;379;2,9;2;1;1
258100280283;258100290989;10706;2,9;2;1;1
258100290989;258100293272;2283;2,9;2;1;1
258100293272;258100293306;34;2,9;2;1;1
258100293306;258100293575;269;2,9;2;1;1
258100293575;258100294116;541;2,9;2;1;1
258100294116;258100294370;254;2,9;2;1;1
258100294370;258100294609;239;2,9;2;1;1
258100294609;258100294637;28;2,9;2;1;1
258100294637;258100297869;3232;2,9;2;1;1
258100297869;258100297942;73;2,9;2;1;1
258100297942;258100298015;73;2,9;2;1;1
258100298015;258100298136;121;2,9;2;1;1
258100298136;258100298164;28;2,9;2;1;1
258100298164;258100298205;41;2,9;2;1;1
258100298205;258100298281;76;2,9;2;1;1
258100298281;258100298576;295;2,9;2;1;1
258100298576;258100298903;327;2,9;2;1;1
258100298903;258100299111;208;2,9;2;1;1
258100299111;258100303771;4660;2,9;2;1;1
258100303771;258100303814;43;2,9;2;1;1
258100303814;258100304006;192;2,9;2;1;1
258100304006;258100304105;99;2,9;2;1;1
258100304105;258100304456;351;2,9;2;1;1
258100304456;258100304834;378;2,9;2;1;1
258100304834;258100308346;3512;2,9;2;1;1
258100308346;258100308354;8;2,9;2;1;1
258100308354;258100308407;53;2,9;2;1;1
258100308407;258100308415;8;2,9;2;1;1
258100308415;258100308467;52;2,9;2;1;1
258100308467;258100308520;53;2,9;2;1;1
258100308520;258100308613;93;2,9;2;1;1
258100308613;258100310753;2140;2,9;2;1;1
258100310753;258100319268;8515;2,9;2;1;1
258100319268;258100323517;4249;2,9;2;1;1
258100323517;258100323894;377;2,9;2;1;1
258100323894;258100340794;16900;2,9;2;1;1
258100340794;258100369766;28972;2,9;2;1;1
258100369766;258100369874;108;2,9;2;1;1
258100369874;258100369898;24;2,9;2;1;1
258100369898;258100370041;143;2,9;2;1;1
258100370041;258100370255;214;2,9;2;1;1
258100370255;258100372515;2260;2,9;2;1;1
258100372515;258100372577;62;2,9;2;1;1
258100372577;258100375109;2532;2,9;2;1;1
258100375109;258100375895;786;2,9;2;1;1
258100375895;258100376065;170;2,9;2;1;1
258100376065;258100376507;442;2,9;2;1;1
258100376507;258100376521;14;2,9;2;1;1
258100376521;258100376569;48;2,9;2;1;1
258100376569;258100376706;137;2,9;2;1;1
258100376706;258100376872;166;2,9;2;1;1
258100376872;258100376993;121;2,9;2;1;1
258100376993;258100377023;30;2,9;2;1;1
258100377023;258100377368;345;2,9;2;1;1
258100377368;258100379091;1723;2,9;2;1;1
258100379091;258100379538;447;2,9;2;1;1
258100379538;258100379580;42;2,9;2;1;1
258100379580;258100379955;375;2,9;2;1;1
258100379955;258100380218;263;2,9;2;1;1
258100380218;258100380434;216;2,9;2;1;1
258100380434;258100380462;28;2,9;2;1;1
258100380462;258100387718;7256;2,9;2;1;1
258100387718;258100388217;499;2,9;2;1;1
258100388217;258100388275;58;2,9;2;1;1
258100388275;258100388469;194;2,9;2;1;1
258100388469;258100389151;682;2,9;2;1;1
258100389151;258100393603;4452;2,9;2;1;1
258100393603;258100393624;21;2,9;2;1;1
258100393624;258100393638;14;2,9;2;1;1
258100393638;258100393679;41;2,9;2;1;1
258100393679;258100393731;52;2,9;2;1;1
258100393731;258100393781;50;2,9;2;1;1
258100393781;258100393808;27;2,9;2;1;1
258100393808;258100402240;8432;2,9;2;1;1
258100402240;258100402279;39;2,9;2;1;1
258100402279;258100402337;58;2,9;2;1;1
258100402337;258100402510;173;2,9;2;1;1
258100402510;258100402555;45;2,9;2;1;1
258100402555;258100402637;82;2,9;2;1;1
258100402637;258100402792;155;2,9;2;1;1
258100402792;258100402825;33;2,9;2;1;1
258100402825;258100403013;188;2,9;2;1;1
258100403013;258100403178;165;2,9;2;1;1
258100403178;258100410909;7731;2,9;2;1;1
258100410909;258100411866;957;2,9;2;1;1
258100411866;258100412209;343;2,9;2;1;1
258100412209;258100412582;373;2,9;2;1;1
258100412582;258100412642;60;2,9;2;1;1
258100412642;258100412749;107;2,9;2;1;1
258100412749;258100413289;540;2,9;2;1;1
258100413289;258100413485;196;2,9;2;1;1
258100413485;258100416436;2951;2,9;2;1;1
258100416436;258100417141;705;2,9;2;1;1
258100417141;258100421502;4361;2,9;2;1;1
258100421502;258100421556;54;2,9;2;1;1
258100421556;258100421719;163;2,9;2;1;1
258100421719;258100421829;110;2,9;2;1;1
258100421829;258100421835;6;2,9;2;1;1
258100421835;258100422129;294;2,9;2;1;1
258100422129;258100422304;175;2,9;2;1;1
258100422304;258100422549;245;2,9;2;1;1
258100422549;258100422587;38;2,9;2;1;1
258100422587;258100422682;95;2,9;2;1;1
258100422682;258100422752;70;2,9;2;1;1
258100422752;258100422818;66;2,9;2;1;1
258100422818;258100422828;10;2,9;2;1;1
258100422828;258100422996;168;2,9;2;1;1
258100422996;258100423633;637;2,9;2;1;1
258100423633;258100430828;7195;2,9;2;1;1
258100430828;258100430918;90;2,9;2;1;1
258100430918;258100430945;27;2,9;2;1;1
258100430945;258100430961;16;2,9;2;1;1
258100430961;258100430985;24;2,9;2;1;1
258100430985;258100431001;16;2,9;2;1;1
258100431001;258100431113;112;2,9;2;1;1
258100431113;258100431133;20;2,9;2;1;1
258100431133;258100431148;15;2,9;2;1;1
258100431148;258100431284;136;2,9;2;1;1
258100431284;258100438119;6835;2,9;2;1;1
258100438119;258100438430;311;2,9;2;1;1
258100438430;258100441422;2992;2,9;2;1;1
258100441422;258100441787;365;2,9;2;1;1
258100441787;258100454361;12574;2,9;2;1;1
258100454361;258100456656;2295;2,9;2;1;1
258100456656;258100459473;2817;2,9;2;1;1
258100459473;258100459948;475;2,9;2;1;1
258100459948;258100460162;214;2,9;2;1;1
258100460162;258100460375;213;2,9;2;1;1
258100460375;258100460685;310;2,9;2;1;1
258100460685;258100461242;557;2,9;2;1;1
258100461242;258100461352;110;2,9;2;1;1
258100461352;258100461584;232;2,9;2;1;1
258100461584;258100461773;189;2,9;2;1;1
258100461773;258100462217;444;2,9;2;1;1
258100462217;258100462779;562;2,9;2;1;1
258100462779;258100463502;723;2,9;2;1;1
258100463502;258100471811;8309;2,9;2;1;1
258100471811;258100473826;2015;2,9;2;1;1
258100473826;258100474400;574;2,9;2;1;1
258100474400;258100474526;126;2,9;2;1;1
258100474526;258100474599;73;2,9;2;1;1
258100474599;258100474726;127;2,9;2;1;1
258100474726;258100475324;598;2,9;2;1;1
258100475324;258100475720;396;2,9;2;1;1
258100475720;258100475883;163;2,9;2;1;1
258100475883;258100475974;91;2,9;2;1;1
258100475974;258100476152;178;2,9;2;1;1
258100476152;258100476224;72;2,9;2;1;1
258100476224;258100491133;14909;2,9;2;1;1
258100491133;258100506249;15116;2,9;2;1;1
258100506249;258100506393;144;2,9;2;1;1
258100506393;258100506430;37;2,9;2;1;1
258100506430;258100506434;4;2,9;2;1;1
258100506434;258100506562;128;2,9;2;1;1
258100506562;258100506838;276;2,9;2;1;1
258100506838;258100507081;243;2,9;2;1;1
258100507081;258100507122;41;2,9;2;1;1
258100507122;258100507275;153;2,9;2;1;1
258100507275;258100507443;168;2,9;2;1;1
258100507443;258100510966;3523;2,9;2;1;1
258100510966;258100511117;151;2,9;2;1;1
258100511117;258100511280;163;2,9;2;1;1
258100511280;258100511481;201;2,9;2;1;1
258100511481;258100515279;3798;2,9;2;1;1
258100515279;258100515316;37;2,9;2;1;1
258100515316;258100515502;186;2,9;2;1;1
258100515502;258100518175;2673;2,9;2;1;1
258100518175;258100518374;199;2,9;2;1;1
258100518374;258100518472;98;2,9;2;1;1
258100518472;258100518535;63;2,9;2;1;1
258100518535;258100518637;102;2,9;2;1;1
258100518637;258100518800;163;2,9;2;1;1
258100518800;258100518846;46;2,9;2;1;1
258100518846;258100518885;39;2,9;2;1;1
258100518885;258100519026;141;2,9;2;1;1
258100519026;258100519161;135;2,9;2;1;1
258100519161;258100520224;1063;2,9;2;1;1
258100520224;258100520326;102;2,9;2;1;1
258100520326;258100520373;47;2,9;2;1;1
258100520373;258100520381;8;2,9;2;1;1
258100520381;258100520432;51;2,9;2;1;1
258100520432;258100520443;11;2,9;2;1;1
258100520443;258100520467;24;2,9;2;1;1
258100520467;258100520495;28;2,9;2;1;1
258100520495;258100521291;796;2,9;2;1;1
258100521291;258100530002;8711;2,9;2;1;1
258100530002;258100534393;4391;2,9;2;1;1
258100534393;258100534401;8;2,9;2;1;1
258100534401;258100534493;92;2,9;2;1;1
258100534493;258100534687;194;2,9;2;1;1
258100534687;258100534749;62;2,9;2;1;1
258100534749;258100534759;10;2,9;2;1;1
258100534759;258100534812;53;2,9;2;1;1
258100534812;258100535187;375;2,9;2;1;1
258100535187;258100535724;537;2,9;2;1;1
258100535724;258100535855;131;2,9;2;1;1
258100535855;258100535910;55;2,9;2;1;1
258100535910;258100535956;46;2,9;2;1;1
258100535956;258100535982;26;2,9;2;1;1
258100535982;258100536047;65;2,9;2;1;1
258100536047;258100536121;74;2,9;2;1;1
258100536121;258100536122;1;2,9;2;1;1
258100536122;258100536303;181;2,9;2;1;1
258100536303;258100536337;34;2,9;2;1;1
258100536337;258100536368;31;2,9;2;1;1
258100536368;258100539185;2817;2,9;2;1;1
258100539185;258100539305;120;2,9;2;1;1
258100539305;258100539332;27;2,9;2;1;1
258100539332;258100539713;381;2,9;2;1;1
258100539713;258100539751;38;2,9;2;1;1
258100539751;258100539770;19;2,9;2;1;1
258100539770;258100539898;128;2,9;2;1;1
258100539898;258100540046;148;2,9;2;1;1
258100540046;258100540240;194;2,9;2;1;1
258100540240;258100540371;131;2,9;2;1;1
258100540371;258100546457;6086;2,9;2;1;1
258100546457;258100547084;627;2,9;2;1;1
258100547084;258100557321;10237;2,9;2;1;1
258100557321;258100557344;23;2,9;2;1;1
258100557344;258100561221;3877;2,9;2;1;1
258100561221;258100564806;3585;2,9;2;1;1
258100564806;258100571717;6911;2,9;2;1;1
258100571717;258100571751;34;2,9;2;1;1
258100571751;258100607304;35553;2,9;2;1;1
258100607304;258100664229;56925;2,9;2;1;1
258100664229;258100664833;604;2,9;2;1;1
258100664833;258100664899;66;2,9;2;1;1
258100664899;258100672611;7712;2,9;2;1;1
258100672611;258100673467;856;2,9;2;1;1
258100673467;258100673621;154;2,9;2;1;1
258100673621;258100673666;45;2,9;2;1;1
258100673666;258100673850;184;2,9;2;1;1
258100673850;258100674025;175;2,9;2;1;1
258100674025;258100674217;192;2,9;2;1;1
258100674217;258100674258;41;2,9;2;1;1
258100674258;258100674389;131;2,9;2;1;1
258100674389;258100674891;502;2,9;2;1;1
258100674891;258100684004;9113;2,9;2;1;1
258100684004;258100684012;8;2,9;2;1;1
258100684012;258100684064;52;2,9;2;1;1
258100684064;258100684106;42;2,9;2;1;1
258100684106;258100684165;59;2,9;2;1;1
258100684165;258100684192;27;2,9;2;1;1
258100684192;258100684249;57;2,9;2;1;1
258100684249;258100684302;53;2,9;2;1;1
258100684302;258100684669;367;2,9;2;1;1
258100684669;258100685057;388;2,9;2;1;1
258100685057;258100706469;21412;2,9;2;1;1
258100706469;258100709722;3253;2,9;2;1;1
258100709722;258100709893;171;2,9;2;1;1
258100709893;258100709972;79;2,9;2;1;1
258100709972;258100710109;137;2,9;2;1;1
258100710109;258100710209;100;2,9;2;1;1
258100710209;258100710234;25;2,9;2;1;1
258100710234;258100710239;5;2,9;2;1;1
258100710239;258100710289;50;2,9;2;1;1
258100710289;258100710465;176;2,9;2;1;1
258100710465;258100710503;38;2,9;2;1;1
258100710503;258100712965;2462;2,9;2;1;1
258100712965;258100714174;1209;2,9;2;1;1
258100714174;258100721519;7345;2,9;2;1;1
258100721519;258100722225;706;2,9;2;1;1
258100722225;258100726366;4141;2,9;2;1;1
258100726366;258100726416;50;2,9;2;1;1
258100726416;258100753914;27498;2,9;2;1;1
258100753914;258100753959;45;2,9;2;1;1
258100753959;258100762610;8651;2,9;2;1;1
258100762610;258100763164;554;2,9;2;1;1
258100763164;258100763325;161;2,9;2;1;1
258100763325;258100763532;207;2,9;2;1;1
258100763532;258100763711;179;2,9;2;1;1
258100763711;258100763870;159;2,9;2;1;1
258100763870;258100763941;71;2,9;2;1;1
258100763941;258100764587;646;2,9;2;1;1
258100764587;258100764694;107;2,9;2;1;1
258100764694;258100764816;122;2,9;2;1;1
258100764816;258100764992;176;2,9;2;1;1
258100764992;258100765329;337;2,9;2;1;1
258100765329;258100768947;3618;2,9;2;1;1
258100768947;258100769119;172;2,9;2;1;1
258100769119;258100769146;27;2,9;2;1;1
258100769146;258100769414;268;2,9;2;1;1
258100769414;258100769465;51;2,9;2;1;1
258100769465;258100773778;4313;2,9;2;1;1
258100773778;258100774200;422;2,9;2;1;1
258100774200;258100774412;212;2,9;2;1;1
258100774412;258100774523;111;2,9;2;1;1
258100774523;258100774853;330;2,9;2;1;1
258100774853;258100775029;176;2,9;2;1;1
258100775029;258100775049;20;2,9;2;1;1
258100775049;258100775116;67;2,9;2;1;1
258100775116;258100775217;101;2,9;2;1;1
258100775217;258100775388;171;2,9;2;1;1
258100775388;258100775606;218;2,9;2;1;1
258100775606;258100775778;172;2,9;2;1;1
258100775778;258100783565;7787;2,9;2;1;1
258100783565;258100785767;2202;2,9;2;1;1
258100785767;258100785789;22;2,9;2;1;1
258100785789;258100786005;216;2,9;2;1;1
258100786005;258100787140;1135;2,9;2;1;1
258100787140;258100787194;54;2,9;2;1;1
258100787194;258100787203;9;2,9;2;1;1
258100787203;258100787234;31;2,9;2;1;1
258100787234;258100787278;44;2,9;2;1;1
258100787278;258100787344;66;2,9;2;1;1
258100787344;258100787404;60;2,9;2;1;1
258100787404;258100787530;126;2,9;2;1;1
258100787530;258100787607;77;2,9;2;1;1
258100787607;258100787820;213;2,9;2;1;1
258100787820;258100798780;10960;2,9;2;1;1
258100798780;258100807612;8832;2,9;2;1;1
258100807612;258100807677;65;2,9;2;1;1
258100807677;258100808273;596;2,9;2;1;1
258100808273;258100812464;4191;2,9;2;1;1
258100812464;258100812488;24;2,9;2;1;1
258100812488;258100812567;79;2,9;2;1;1
258100812567;258100812576;9;2,9;2;1;1
258100812576;258100812676;100;2,9;2;1;1
258100812676;258100812705;29;2,9;2;1;1
258100812705;258100812715;10;2,9;2;1;1
258100812715;258100812773;58;2,9;2;1;1
258100812773;258100812921;148;2,9;2;1;1
258100812921;258100812951;30;2,9;2;1;1
258100812951;258100825055;12104;2,9;2;1;1
258100825055;258100847237;22182;2,9;2;1;1
258100847237;258100849261;2024;2,9;2;1;1
258100849261;258100850175;914;2,9;2;1;1
258100850175;258100850182;7;2,9;2;1;1
258100850182;258100850313;131;2,9;2;1;1
258100850313;258100850315;2;2,9;2;1;1
258100850315;258100850350;35;2,9;2;1;1
258100850350;258100850422;72;2,9;2;1;1
258100850422;258100850448;26;2,9;2;1;1
258100850448;258100850563;115;2,9;2;1;1
258100850563;258100850603;40;2,9;2;1;1
258100850603;258100850635;32;2,9;2;1;1
258100850635;258100859973;9338;2,9;2;1;1
258100859973;258100859981;8;2,9;2;1;1
258100859981;258100860040;59;2,9;2;1;1
258100860040;258100860095;55;2,9;2;1;1
258100860095;258100860131;36;2,9;2;1;1
258100860131;258100860617;486;2,9;2;1;1
258100860617;258100860950;333;2,9;2;1;1
258100860950;258100870845;9895;2,9;2;1;1
258100870845;258100870898;53;2,9;2;1;1
258100870898;258100920531;49633;2,9;2;1;1
258100920531;258100955791;35260;2,9;2;1;1
258100955791;258100960096;4305;2,9;2;1;1
258100960096;258100960148;52;2,9;2;1;1
258100960148;258100960174;26;2,9;2;1;1
258100960174;258100960233;59;2,9;2;1;1
258100960233;258100960284;51;2,9;2;1;1
258100960284;258100961209;925;2,9;2;1;1
258100961209;258100961247;38;2,9;2;1;1
258100961247;258100973669;12422;2,9;2;1;1
258100973669;258100973753;84;2,9;2;1;1
258100973753;258100973961;208;2,9;2;1;1
258100973961;258101019443;45482;2,9;2;1;1
258101019443;258101032497;13054;2,9;2;1;1
258101032497;258101033024;527;2,9;2;1;1
258101033024;258101033066;42;2,9;2;1;1
258101033066;258101054806;21740;2,9;2;1;1
258101054806;258101062952;8146;2,9;2;1;1
258101062952;258101066297;3345;2,9;2;1;1
258101066297;258101066852;555;2,9;2;1;1
258101066852;258101070500;3648;2,9;2;1;1
258101070500;258101070599;99;2,9;2;1;1
258101070599;258101070758;159;2,9;2;1;1
258101070758;258101070778;20;2,9;2;1;1
258101070778;258101070888;110;2,9;2;1;1
258101070888;258101071014;126;2,9;2;1;1
258101071014;258101071075;61;2,9;2;1;1
258101071075;258101071176;101;2,9;2;1;1
258101071176;258101071178;2;2,9;2;1;1
258101071178;258101071312;134;2,9;2;1;1
258101071312;258101071376;64;2,9;2;1;1
258101071376;258101071939;563;2,9;2;1;1
258101071939;258101072163;224;2,9;2;1;1
258101072163;258101072503;340;2,9;2;1;1
258101072503;258101073234;731;2,9;2;1;1
258101073234;258101073305;71;2,9;2;1;1
258101073305;258101076223;2918;2,9;2;1;1
258101076223;258101076392;169;2,9;2;1;1
258101076392;258101076477;85;2,9;2;1;1
258101076477;258101076513;36;2,9;2;1;1
258101076513;258101076874;361;2,9;2;1;1
258101076874;258101077069;195;2,9;2;1;1
258101077069;258101077210;141;2,9;2;1;1
258101077210;258101077760;550;2,9;2;1;1
258101077760;258101079799;2039;2,9;2;1;1
258101079799;258101079843;44;2,9;2;1;1
258101079843;258101079898;55;2,9;2;1;1
258101079898;258101079943;45;2,9;2;1;1
258101079943;258101080004;61;2,9;2;1;1
258101080004;258101080081;77;2,9;2;1;1
258101080081;258101080104;23;2,9;2;1;1
258101080104;258101080135;31;2,9;2;1;1
258101080135;258101080164;29;2,9;2;1;1
258101080164;258101080336;172;2,9;2;1;1
258101080336;258101080347;11;2,9;2;1;1
258101080347;258101080534;187;2,9;2;1;1
258101080534;258101080710;176;2,9;2;1;1
258101080710;258101080914;204;2,9;2;1;1
258101080914;258101081077;163;2,9;2;1;1
258101081077;258101081256;179;2,9;2;1;1
258101081256;258101081304;48;2,9;2;1;1
258101081304;258101081560;256;2,9;2;1;1
258101081560;258101081704;144;2,9;2;1;1
258101081704;258101087518;5814;2,9;2;1;1
258101087518;258101092321;4803;2,9;2;1;1
258101092321;258101096907;4586;2,9;2;1;1
258101096907;258101096933;26;2,9;2;1;1
258101096933;258101097037;104;2,9;2;1;1
258101097037;258101097405;368;2,9;2;1;1
258101097405;258101097764;359;2,9;2;1;1
258101097764;258101101045;3281;2,9;2;1;1
258101101045;258101101190;145;2,9;2;1;1
258101101190;258101101302;112;2,9;2;1;1
258101101302;258101101337;35;2,9;2;1;1
258101101337;258101101451;114;2,9;2;1;1
258101101451;258101101606;155;2,9;2;1;1
258101101606;258101101632;26;2,9;2;1;1
258101101632;258101101671;39;2,9;2;1;1
258101101671;258101101834;163;2,9;2;1;1
258101101834;258101101950;116;2,9;2;1;1
258101101950;258101108861;6911;2,9;2;1;1
258101108861;258101109098;237;2,9;2;1;1
258101109098;258101110394;1296;2,9;2;1;1
258101110394;258101122552;12158;2,9;2;1;1
258101122552;258101128200;5648;2,9;2;1;1
258101128200;258101129335;1135;2,9;2;1;1
258101129335;258101131009;1674;2,9;2;1;1
258101131009;258101131533;524;2,9;2;1;1
258101131533;258101131999;466;2,9;2;1;1
258101131999;258101133365;1366;2,9;2;1;1
258101133365;258101133741;376;2,9;2;1;1
258101133741;258101133918;177;2,9;2;1;1
258101133918;258101134071;153;2,9;2;1;1
258101134071;258101134220;149;2,9;2;1;1
258101134220;258101134356;136;2,9;2;1;1
258101134356;258101134494;138;2,9;2;1;1
258101134494;258101134632;138;2,9;2;1;1
258101134632;258101134766;134;2,9;2;1;1
258101134766;258101134899;133;2,9;2;1;1
258101134899;258101141515;6616;2,9;2;1;1
258101141515;258101141596;81;2,9;2;1;1
258101141596;258101143062;1466;2,9;2;1;1
258101143062;258101152165;9103;2,9;2;1;1
258101152165;258101152557;392;2,9;2;1;1
258101152557;258101155352;2795;2,9;2;1;1
258101155352;258101156594;1242;2,9;2;1;1
258101156594;258101156700;106;2,9;2;1;1
258101156700;258101156738;38;2,9;2;1;1
258101156738;258101157263;525;2,9;2;1;1
258101157263;258101157432;169;2,9;2;1;1
258101157432;258101157476;44;2,9;2;1;1
258101157476;258101157519;43;2,9;2;1;1
258101157519;258101157563;44;2,9;2;1;1
258101157563;258101173804;16241;2,9;2;1;1
258101173804;258101173855;51;2,9;2;1;1
258101173855;258101173995;140;2,9;2;1;1
258101173995;258101177418;3423;2,9;2;1;1
258101177418;258101177601;183;2,9;2;1;1
258101177601;258101177614;13;2,9;2;1;1
258101177614;258101177644;30;2,9;2;1;1
258101177644;258101177649;5;2,9;2;1;1
258101177649;258101177718;69;2,9;2;1;1
258101177718;258101177752;34;2,9;2;1;1
258101177752;258101177845;93;2,9;2;1;1
258101177845;258101177994;149;2,9;2;1;1
258101177994;258101178141;147;2,9;2;1;1
258101178141;258101178320;179;2,9;2;1;1
258101178320;258101182458;4138;2,9;2;1;1
258101182458;258101184842;2384;2,9;2;1;1
258101184842;258101188411;3569;2,9;2;1;1
258101188411;258101190708;2297;2,9;2;1;1
258101190708;258101201611;10903;2,9;2;1;1
258101201611;258101201839;228;2,9;2;1;1
258101201839;258101202085;246;2,9;2;1;1
258101202085;258101210535;8450;2,9;2;1;1
258101210535;258101210849;314;2,9;2;1;1
258101210849;258101221004;10155;2,9;2;1;1
258101221004;258101221152;148;2,9;2;1;1
258101221152;258101241261;20109;2,9;2;1;1
258101241261;258101241272;11;2,9;2;1;1
258101241272;258101241608;336;2,9;2;1;1
258101241608;258101241648;40;2,9;2;1;1
258101241648;258101241743;95;2,9;2;1;1
258101241743;258101241785;42;2,9;2;1;1
258101241785;258101241926;141;2,9;2;1;1
258101241926;258101242076;150;2,9;2;1;1
258101242076;258101242113;37;2,9;2;1;1
258101242113;258101260003;17890;2,9;2;1;1
258101260003;258101260671;668;2,9;2;1;1
258101260671;258101261145;474;2,9;2;1;1
258101261145;258101262028;883;2,9;2;1;1
258101262028;258101262114;86;2,9;2;1;1
258101262114;258101265315;3201;2,9;2;1;1
258101265315;258101265595;280;2,9;2;1;1
258101265595;258101265801;206;2,9;2;1;1
258101265801;258101265884;83;2,9;2;1;1
258101265884;258101266058;174;2,9;2;1;1
258101266058;258101266315;257;2,9;2;1;1
258101266315;258101266349;34;2,9;2;1;1
258101266349;258101266442;93;2,9;2;1;1
258101266442;258101266496;54;2,9;2;1;1
258101266496;258101266658;162;2,9;2;1;1
258101266658;258101269616;2958;2,9;2;1;1
258101269616;258101269881;265;2,9;2;1;1
258101269881;258101270247;366;2,9;2;1;1
258101270247;258101270272;25;2,9;2;1;1
258101270272;258101270356;84;2,9;2;1;1
258101270356;258101270400;44;2,9;2;1;1
258101270400;258101270465;65;2,9;2;1;1
258101270465;258101270603;138;2,9;2;1;1
258101270603;258101270679;76;2,9;2;1;1
258101270679;258101270704;25;2,9;2;1;1
258101270704;258101270744;40;2,9;2;1;1
258101270744;258101270921;177;2,9;2;1;1
258101270921;258101279359;8438;2,9;2;1;1
258101279359;258101279385;26;2,9;2;1;1
258101279385;258101279449;64;2,9;2;1;1
258101279449;258101279475;26;2,9;2;1;1
258101279475;258101279687;212;2,9;2;1;1
258101279687;258101286544;6857;2,9;2;1;1
258101286544;258101287554;1010;2,9;2;1;1
258101287554;258101287582;28;2,9;2;1;1
258101287582;258101287631;49;2,9;2;1;1
258101287631;258101287632;1;2,9;2;1;1
258101287632;258101287642;10;2,9;2;1;1
258101287642;258101287666;24;2,9;2;1;1
258101287666;258101287736;70;2,9;2;1;1
258101287736;258101288505;769;2,9;2;1;1
258101288505;258101289204;699;2,9;2;1;1
258101289204;258101291659;2455;2,9;2;1;1
258101291659;258101292151;492;2,9;2;1;1
258101292151;258101292441;290;2,9;2;1;1
258101292441;258101292447;6;2,9;2;1;1
258101292447;258101292536;89;2,9;2;1;1
258101292536;258101292625;89;2,9;2;1;1
258101292625;258101292636;11;2,9;2;1;1
258101292636;258101292750;114;2,9;2;1;1
258101292750;258101292976;226;2,9;2;1;1
258101292976;258101292993;17;2,9;2;1;1
258101292993;258101294254;1261;2,9;2;1;1
258101294254;258101294415;161;2,9;2;1;1
258101294415;258101294582;167;2,9;2;1;1
258101294582;258101294766;184;2,9;2;1;1
258101294766;258101294908;142;2,9;2;1;1
258101294908;258101294950;42;2,9;2;1;1
258101294950;258101296667;1717;2,9;2;1;1
258101296667;258101296729;62;2,9;2;1;1
258101296729;258101296814;85;2,9;2;1;1
258101296814;258101296957;143;2,9;2;1;1
258101296957;258101297349;392;2,9;2;1;1
258101297349;258101297581;232;2,9;2;1;1
258101297581;258101297586;5;2,9;2;1;1
258101297586;258101297749;163;2,9;2;1;1
258101297749;258101297926;177;2,9;2;1;1
258101297926;258101297962;36;2,9;2;1;1
258101297962;258101298140;178;2,9;2;1;1
258101298140;258101299412;1272;2,9;2;1;1
258101299412;258101299728;316;2,9;2;1;1
258101299728;258101302968;3240;2,9;2;1;1
258101302968;258101303076;108;2,9;2;1;1
258101303076;258101303391;315;2,9;2;1;1
258101303391;258101303580;189;2,9;2;1;1
258101303580;258101307003;3423;2,9;2;1;1
258101307003;258101309454;2451;2,9;2;1;1
258101309454;258101339571;30117;2,9;2;1;1
258101339571;258101342582;3011;2,9;2;1;1
258101342582;258101342608;26;2,9;2;1;1
258101342608;258101349124;6516;2,9;2;1;1
258101349124;258101349692;568;2,9;2;1;1
258101349692;258101350144;452;2,9;2;1;1
258101350144;258101350336;192;2,9;2;1;1
258101350336;258101350534;198;2,9;2;1;1
258101350534;258101350670;136;2,9;2;1;1
258101350670;258101350804;134;2,9;2;1;1
258101350804;258101350942;138;2,9;2;1;1
258101350942;258101350979;37;2,9;2;1;1
258101350979;258101351120;141;2,9;2;1;1
258101351120;258101352464;1344;2,9;2;1;1
258101352464;258101352578;114;2,9;2;1;1
258101352578;258101352812;234;2,9;2;1;1
258101352812;258101384900;32088;2,9;2;1;1
258101384900;258101388401;3501;2,9;2;1;1
258101388401;258101388419;18;2,9;2;1;1
258101388419;258101388462;43;2,9;2;1;1
258101388462;258101388645;183;2,9;2;1;1
258101388645;258101388927;282;2,9;2;1;1
258101388927;258101389213;286;2,9;2;1;1
258101389213;258101427940;38727;2,9;2;1;1
258101427940;258101434221;6281;2,9;2;1;1
258101434221;258101434256;35;2,9;2;1;1
258101434256;258101434324;68;2,9;2;1;1
258101434324;258101434384;60;2,9;2;1;1
258101434384;258101434549;165;2,9;2;1;1
258101434549;258101434569;20;2,9;2;1;1
258101434569;258101434604;35;2,9;2;1;1
258101434604;258101434753;149;2,9;2;1;1
258101434753;258101434790;37;2,9;2;1;1
258101434790;258101434884;94;2,9;2;1;1
258101434884;258101445252;10368;2,9;2;1;1
258101445252;258101459911;14659;2,9;2;1;1
258101459911;258101459981;70;2,9;2;1;1
258101459981;258101460008;27;2,9;2;1;1
258101460008;258101462957;2949;2,9;2;1;1
258101462957;258101463312;355;2,9;2;1;1
258101463312;258101463424;112;2,9;2;1;1
258101463424;258101463452;28;2,9;2;1;1
258101463452;258101463460;8;2,9;2;1;1
258101463460;258101463583;123;2,9;2;1;1
258101463583;258101463637;54;2,9;2;1;1
258101463637;258101463676;39;2,9;2;1;1
258101463676;258101463808;132;2,9;2;1;1
258101463808;258101471384;7576;2,9;2;1;1
258101471384;258101473666;2282;2,9;2;1;1
258101473666;258101473795;129;2,9;2;1;1
258101473795;258101476555;2760;2,9;2;1;1
258101476555;258101476758;203;2,9;2;1;1
258101476758;258101477041;283;2,9;2;1;1
258101477041;258101477322;281;2,9;2;1;1
258101477322;258101477368;46;2,9;2;1;1
258101477368;258101482573;5205;2,9;2;1;1
258101482573;258101504310;21737;2,9;2;1;1
258101504310;258101519850;15540;2,9;2;1;1
258101519850;258101530979;11129;2,9;2;1;1
258101530979;258101530987;8;2,9;2;1;1
258101530987;258101531037;50;2,9;2;1;1
258101531037;258101531087;50;2,9;2;1;1
258101531087;258101531114;27;2,9;2;1;1
258101531114;258101531168;54;2,9;2;1;1
258101531168;258101532105;937;2,9;2;1;1
258101532105;258101556992;24887;2,9;2;1;1
258101556992;258101597566;40574;2,9;2;1;1
258101597566;258101600706;3140;2,9;2;1;1
258101600706;258101600759;53;2,9;2;1;1
258101600759;258101600793;34;2,9;2;1;1
258101600793;258101604600;3807;2,9;2;1;1
258101604600;258101604794;194;2,9;2;1;1
258101604794;258101604862;68;2,9;2;1;1
258101604862;258101604940;78;2,9;2;1;1
258101604940;258101605035;95;2,9;2;1;1
258101605035;258101605108;73;2,9;2;1;1
258101605108;258101605202;94;2,9;2;1;1
258101605202;258101605356;154;2,9;2;1;1
258101605356;258101605450;94;2,9;2;1;1
258101605450;258101605595;145;2,9;2;1;1
258101605595;258101616550;10955;2,9;2;1;1
258101616550;258101655704;39154;2,9;2;1;1
258101655704;258101656629;925;2,9;2;1;1
258101656629;258101656659;30;2,9;2;1;1
258101656659;258101657338;679;2,9;2;1;1
258101657338;258101657383;45;2,9;2;1;1
258101657383;258101657436;53;2,9;2;1;1
258101657436;258101658724;1288;2,9;2;1;1
258101658724;258101661995;3271;2,9;2;1;1
258101661995;258101662024;29;2,9;2;1;1
258101662024;258101662048;24;2,9;2;1;1
258101662048;258101662147;99;2,9;2;1;1
258101662147;258101662198;51;2,9;2;1;1
258101662198;258101662358;160;2,9;2;1;1
258101662358;258101662362;4;2,9;2;1;1
258101662362;258101662447;85;2,9;2;1;1
258101662447;258101662480;33;2,9;2;1;1
258101662480;258101662666;186;2,9;2;1;1
258101662666;258101669881;7215;2,9;2;1;1
258101669881;258101670625;744;2,9;2;1;1
258101670625;258101675120;4495;2,9;2;1;1
258101675120;258101675245;125;2,9;2;1;1
258101675245;258101675397;152;2,9;2;1;1
258101675397;258101677768;2371;2,9;2;1;1
258101677768;258101680098;2330;2,9;2;1;1
258101680098;258101680211;113;2,9;2;1;1
258101680211;258101680236;25;2,9;2;1;1
258101680236;258101680254;18;2,9;2;1;1
258101680254;258101680291;37;2,9;2;1;1
258101680291;258101680302;11;2,9;2;1;1
258101680302;258101680422;120;2,9;2;1;1
258101680422;258101680437;15;2,9;2;1;1
258101680437;258101680837;400;2,9;2;1;1
258101680837;258101680983;146;2,9;2;1;1
258101680983;258101682840;1857;2,9;2;1;1
258101682840;258101682993;153;2,9;2;1;1
258101682993;258101683106;113;2,9;2;1;1
258101683106;258101683366;260;2,9;2;1;1
258101683366;258101683498;132;2,9;2;1;1
258101683498;258101683958;460;2,9;2;1;1
258101683958;258101686844;2886;2,9;2;1;1
258101686844;258101689754;2910;2,9;2;1;1
258101689754;258101689827;73;2,9;2;1;1
258101689827;258101689863;36;2,9;2;1;1
258101689863;258101689993;130;2,9;2;1;1
258101689993;258101690331;338;2,9;2;1;1
258101690331;258101691047;716;2,9;2;1;1
258101691047;258101725584;34537;2,9;2;1;1
258101725584;258101731821;6237;2,9;2;1;1
258101731821;258101731866;45;2,9;2;1;1
258101731866;258101731909;43;2,9;2;1;1
258101731909;258101731971;62;2,9;2;1;1
258101731971;258101732093;122;2,9;2;1;1
258101732093;258101732243;150;2,9;2;1;1
258101732243;258101732341;98;2,9;2;1;1
258101732341;258101732555;214;2,9;2;1;1
258101732555;258101732716;161;2,9;2;1;1
258101732716;258101751723;19007;2,9;2;1;1
258101751723;258101754922;3199;2,9;2;1;1
258101754922;258101754974;52;2,9;2;1;1
258101754974;258101755024;50;2,9;2;1;1
258101755024;258101755075;51;2,9;2;1;1
258101755075;258101755126;51;2,9;2;1;1
258101755126;258101765190;10064;2,9;2;1;1
258101765190;258101765241;51;2,9;2;1;1
258101765241;258101765398;157;2,9;2;1;1
258101765398;258101765600;202;2,9;2;1;1
258101765600;258101765608;8;2,9;2;1;1
258101765608;258101765614;6;2,9;2;1;1
258101765614;258101765659;45;2,9;2;1;1
258101765659;258101765692;33;2,9;2;1;1
258101765692;258101765861;169;2,9;2;1;1
258101765861;258101766064;203;2,9;2;1;1
258101766064;258101766920;856;2,9;2;1;1
258101766920;258101767083;163;2,9;2;1;1
258101767083;258101767248;165;2,9;2;1;1
258101767248;258101767412;164;2,9;2;1;1
258101767412;258101767577;165;2,9;2;1;1
258101767577;258101774896;7319;2,9;2;1;1
258101774896;258101777283;2387;2,9;2;1;1
258101777283;258101777510;227;2,9;2;1;1
258101777510;258101777520;10;2,9;2;1;1
258101777520;258101777651;131;2,9;2;1;1
258101777651;258101777723;72;2,9;2;1;1
258101777723;258101777810;87;2,9;2;1;1
258101777810;258101777991;181;2,9;2;1;1
258101777991;258101778210;219;2,9;2;1;1
258101778210;258101778311;101;2,9;2;1;1
258101778311;258101778471;160;2,9;2;1;1
258101778471;258101778584;113;2,9;2;1;1
258101778584;258101778869;285;2,9;2;1;1
258101778869;258101779206;337;2,9;2;1;1
258101779206;258101783184;3978;2,9;2;1;1
258101783184;258101783306;122;2,9;2;1;1
258101783306;258101783373;67;2,9;2;1;1
258101783373;258101783717;344;2,9;2;1;1
258101783717;258101786015;2298;2,9;2;1;1
258101786015;258101795721;9706;2,9;2;1;1
258101795721;258101796427;706;2,9;2;1;1
258101796427;258101796500;73;2,9;2;1;1
258101796500;258101796517;17;2,9;2;1;1
258101796517;258101796636;119;2,9;2;1;1
258101796636;258101796637;1;2,9;2;1;1
258101796637;258101796729;92;2,9;2;1;1
258101796729;258101796810;81;2,9;2;1;1
258101796810;258101796847;37;2,9;2;1;1
258101796847;258101797019;172;2,9;2;1;1
258101797019;258101797184;165;2,9;2;1;1
258101797184;258101797805;621;2,9;2;1;1
258101797805;258101807634;9829;2,9;2;1;1
258101807634;258101832982;25348;2,9;2;1;1
258101832982;258101833159;177;2,9;2;1;1
258101833159;258101833269;110;2,9;2;1;1
258101833269;258101833455;186;2,9;2;1;1
258101833455;258101833512;57;2,9;2;1;1
258101833512;258101834368;856;2,9;2;1;1
258101834368;258101834452;84;2,9;2;1;1
258101834452;258101834877;425;2,9;2;1;1
258101834877;258101835194;317;2,9;2;1;1
258101835194;258101835228;34;2,9;2;1;1
258101835228;258101835363;135;2,9;2;1;1
258101835363;258101835405;42;2,9;2;1;1
258101835405;258101835441;36;2,9;2;1;1
258101835441;258101835493;52;2,9;2;1;1
258101835493;258101835517;24;2,9;2;1;1
258101835517;258101835793;276;2,9;2;1;1
258101835793;258101835921;128;2,9;2;1;1
258101835921;258101836096;175;2,9;2;1;1
258101836096;258101836640;544;2,9;2;1;1
258101836640;258101840197;3557;2,9;2;1;1
258101840197;258101840278;81;2,9;2;1;1
258101840278;258101840304;26;2,9;2;1;1
258101840304;258101840444;140;2,9;2;1;1
258101840444;258101840536;92;2,9;2;1;1
258101840536;258101840616;80;2,9;2;1;1
258101840616;258101840639;23;2,9;2;1;1
258101840639;258101840676;37;2,9;2;1;1
258101840676;258101840807;131;2,9;2;1;1
258101840807;258101840914;107;2,9;2;1;1
258101840914;258101841041;127;2,9;2;1;1
258101841041;258101841125;84;2,9;2;1;1
258101841125;258101841195;70;2,9;2;1;1
258101841195;258101841228;33;2,9;2;1;1
258101841228;258101841272;44;2,9;2;1;1
258101841272;258101841519;247;2,9;2;1;1
258101841519;258101841573;54;2,9;2;1;1
258101841573;258101841738;165;2,9;2;1;1
258101841738;258101841924;186;2,9;2;1;1
258101841924;258101842069;145;2,9;2;1;1
258101842069;258101842218;149;2,9;2;1;1
258101842218;258101847550;5332;2,9;2;1;1
258101847550;258101848992;1442;2,9;2;1;1
258101848992;258101849136;144;2,9;2;1;1
258101849136;258101849292;156;2,9;2;1;1
258101849292;258101854714;5422;2,9;2;1;1
258101854714;258101856534;1820;2,9;2;1;1
258101856534;258101856609;75;2,9;2;1;1
258101856609;258101856695;86;2,9;2;1;1
258101856695;258101858963;2268;2,9;2;1;1
258101858963;258101859110;147;2,9;2;1;1
258101859110;258101859144;34;2,9;2;1;1
258101859144;258101859180;36;2,9;2;1;1
258101859180;258101859719;539;2,9;2;1;1
258101859719;258101861750;2031;2,9;2;1;1
258101861750;258101861842;92;2,9;2;1;1
258101861842;258101861907;65;2,9;2;1;1
258101861907;258101861916;9;2,9;2;1;1
258101861916;258101862057;141;2,9;2;1;1
258101862057;258101862122;65;2,9;2;1;1
258101862122;258101862177;55;2,9;2;1;1
258101862177;258101862201;24;2,9;2;1;1
258101862201;258101862438;237;2,9;2;1;1
258101862438;258101862471;33;2,9;2;1;1
258101862471;258101873362;10891;2,9;2;1;1
258101873362;258101873418;56;2,9;2;1;1
258101873418;258101873538;120;2,9;2;1;1
258101873538;258101873650;112;2,9;2;1;1
258101873650;258101873826;176;2,9;2;1;1
258101873826;258101873911;85;2,9;2;1;1
258101873911;258101874043;132;2,9;2;1;1
258101874043;258101874275;232;2,9;2;1;1
258101874275;258101874467;192;2,9;2;1;1
258101874467;258101874999;532;2,9;2;1;1
258101874999;258101878696;3697;2,9;2;1;1
258101878696;258101878783;87;2,9;2;1;1
258101878783;258101878842;59;2,9;2;1;1
258101878842;258101878894;52;2,9;2;1;1
258101878894;258101879844;950;2,9;2;1;1
258101879844;258101881523;1679;2,9;2;1;1
258101881523;258101881939;416;2,9;2;1;1
258101881939;258101881979;40;2,9;2;1;1
258101881979;258101882256;277;2,9;2;1;1
258101882256;258101882330;74;2,9;2;1;1
258101882330;258101882442;112;2,9;2;1;1
258101882442;258101883002;560;2,9;2;1;1
258101883002;258101883047;45;2,9;2;1;1
258101883047;258101883253;206;2,9;2;1;1
258101883253;258101883355;102;2,9;2;1;1
258101883355;258101883533;178;2,9;2;1;1
258101883533;258101883703;170;2,9;2;1;1
258101883703;258101883891;188;2,9;2;1;1
258101883891;258101884268;377;2,9;2;1;1
258101884268;258101885031;763;2,9;2;1;1
258101885031;258101885177;146;2,9;2;1;1
258101885177;258101885316;139;2,9;2;1;1
258101885316;258101885454;138;2,9;2;1;1
258101885454;258101885666;212;2,9;2;1;1
258101885666;258101885948;282;2,9;2;1;1
258101885948;258101885965;17;2,9;2;1;1
258101885965;258101886147;182;2,9;2;1;1
258101886147;258101886198;51;2,9;2;1;1
258101886198;258101886295;97;2,9;2;1;1
258101886295;258101886335;40;2,9;2;1;1
258101886335;258101886370;35;2,9;2;1;1
258101886370;258101886425;55;2,9;2;1;1
258101886425;258101886513;88;2,9;2;1;1
258101886513;258101886636;123;2,9;2;1;1
258101886636;258101886813;177;2,9;2;1;1
258101886813;258101886960;147;2,9;2;1;1
258101886960;258101887298;338;2,9;2;1;1
258101887298;258101887561;263;2,9;2;1;1
258101887561;258101887796;235;2,9;2;1;1
258101887796;258101889515;1719;2,9;2;1;1
258101889515;258101896217;6702;2,9;2;1;1
258101896217;258101897248;1031;2,9;2;1;1
258101897248;258101900058;2810;2,9;2;1;1
258101900058;258101900469;411;2,9;2;1;1
258101900469;258101900605;136;2,9;2;1;1
258101900605;258101900921;316;2,9;2;1;1
258101900921;258101901097;176;2,9;2;1;1
258101901097;258101901478;381;2,9;2;1;1
258101901478;258101922174;20696;2,9;2;1;1
258101922174;258101924664;2490;2,9;2;1;1
258101924664;258101935459;10795;2,9;2;1;1
258101935459;258101935648;189;2,9;2;1;1
258101935648;258101935712;64;2,9;2;1;1
258101935712;258101935804;92;2,9;2;1;1
258101935804;258101936574;770;2,9;2;1;1
258101936574;258101936632;58;2,9;2;1;1
258101936632;258101936677;45;2,9;2;1;1
258101936677;258101936721;44;2,9;2;1;1
258101936721;258101936782;61;2,9;2;1;1
258101936782;258101937046;264;2,9;2;1;1
258101937046;258101938575;1529;2,9;2;1;1
258101938575;258101948994;10419;2,9;2;1;1
258101948994;258101960588;11594;2,9;2;1;1
258101960588;258101960654;66;2,9;2;1;1
258101960654;258101960674;20;2,9;2;1;1
258101960674;258101960792;118;2,9;2;1;1
258101960792;258101960797;5;2,9;2;1;1
258101960797;258101960935;138;2,9;2;1;1
258101960935;258101961087;152;2,9;2;1;1
258101961087;258101961143;56;2,9;2;1;1
258101961143;258101961260;117;2,9;2;1;1
258101961260;258101961497;237;2,9;2;1;1
258101961497;258101969251;7754;2,9;2;1;1
258101969251;258101969594;343;2,9;2;1;1
258101969594;258101969811;217;2,9;2;1;1
258101969811;258101970019;208;2,9;2;1;1
258101970019;258101970043;24;2,9;2;1;1
258101970043;258101970146;103;2,9;2;1;1
258101970146;258101970189;43;2,9;2;1;1
258101970189;258101970336;147;2,9;2;1;1
258101970336;258101970457;121;2,9;2;1;1
258101970457;258101970499;42;2,9;2;1;1
258101970499;258101971370;871;2,9;2;1;1
258101971370;258101999393;28023;2,9;2;1;1
258101999393;258102263960;264567;2,9;2;1;1
258102263960;258102273716;9756;2,9;2;1;1
258102273716;258102273768;52;2,9;2;1;1
258102273768;258102301517;27749;2,9;2;1;1
258102301517;258102302484;967;2,9;2;1;1
258102302484;258102302546;62;2,9;2;1;1
258102302546;258102302571;25;2,9;2;1;1
258102302571;258102302811;240;2,9;2;1;1
258102302811;258102302860;49;2,9;2;1;1
258102302860;258102302888;28;2,9;2;1;1
258102302888;258102303225;337;2,9;2;1;1
258102303225;258102303399;174;2,9;2;1;1
258102303399;258102303546;147;2,9;2;1;1
258102303546;258102303730;184;2,9;2;1;1
258102303730;258102350631;46901;2,9;2;1;1
258102350631;258102350870;239;2,9;2;1;1
258102350870;258102352515;1645;2,9;2;1;1
258102352515;258102353012;497;2,9;2;1;1
258102353012;258102353315;303;2,9;2;1;1
258102353315;258102353571;256;2,9;2;1;1
258102353571;258102355480;1909;2,9;2;1;1
258102355480;258102359470;3990;2,9;2;1;1
258102359470;258102359696;226;2,9;2;1;1
258102359696;258102370476;10780;2,9;2;1;1
258102370476;258102370808;332;2,9;2;1;1
258102370808;258102370977;169;2,9;2;1;1
258102370977;258102371014;37;2,9;2;1;1
258102371014;258102371032;18;2,9;2;1;1
258102371032;258102373237;2205;2,9;2;1;1
258102373237;258102373378;141;2,9;2;1;1
258102373378;258102383602;10224;2,9;2;1;1
258102383602;258102383674;72;2,9;2;1;1
258102383674;258102384024;350;2,9;2;1;1
258102384024;258102384578;554;2,9;2;1;1
258102384578;258102385003;425;2,9;2;1;1
258102385003;258102385040;37;2,9;2;1;1
258102385040;258102404196;19156;2,9;2;1;1
258102404196;258102405567;1371;2,9;2;1;1
258102405567;258102417357;11790;2,9;2;1;1
258102417357;258102417413;56;2,9;2;1;1
258102417413;258102417517;104;2,9;2;1;1
258102417517;258102417529;12;2,9;2;1;1
258102417529;258102417551;22;2,9;2;1;1
258102417551;258102417910;359;2,9;2;1;1
258102417910;258102417937;27;2,9;2;1;1
258102417937;258102418249;312;2,9;2;1;1
258102418249;258102418548;299;2,9;2;1;1
258102418548;258102418636;88;2,9;2;1;1
258102418636;258102419329;693;2,9;2;1;1
258102419329;258102421096;1767;2,9;2;1;1
258102421096;258102421147;51;2,9;2;1;1
258102421147;258102421198;51;2,9;2;1;1
258102421198;258102421249;51;2,9;2;1;1
258102421249;258102421299;50;2,9;2;1;1
258102421299;258102421349;50;2,9;2;1;1
258102421349;258102422299;950;2,9;2;1;1
258102422299;258102445423;23124;2,9;2;1;1
258102445423;258102448280;2857;2,9;2;1;1
258102448280;258102448386;106;2,9;2;1;1
258102448386;258102448416;30;2,9;2;1;1
258102448416;258102448564;148;2,9;2;1;1
258102448564;258102448586;22;2,9;2;1;1
258102448586;258102448667;81;2,9;2;1;1
258102448667;258102448795;128;2,9;2;1;1
258102448795;258102448839;44;2,9;2;1;1
258102448839;258102448871;32;2,9;2;1;1
258102448871;258102448921;50;2,9;2;1;1
258102448921;258102449024;103;2,9;2;1;1
258102449024;258102449048;24;2,9;2;1;1
258102449048;258102449163;115;2,9;2;1;1
258102449163;258102449182;19;2,9;2;1;1
258102449182;258102449406;224;2,9;2;1;1
258102449406;258102449446;40;2,9;2;1;1
258102449446;258102449592;146;2,9;2;1;1
258102449592;258102449742;150;2,9;2;1;1
258102449742;258102449781;39;2,9;2;1;1
258102449781;258102449878;97;2,9;2;1;1
258102449878;258102457634;7756;2,9;2;1;1
258102457634;258102457719;85;2,9;2;1;1
258102457719;258102457926;207;2,9;2;1;1
258102457926;258102457957;31;2,9;2;1;1
258102457957;258102458048;91;2,9;2;1;1
258102458048;258102458198;150;2,9;2;1;1
258102458198;258102460063;1865;2,9;2;1;1
258102460063;258102460137;74;2,9;2;1;1
258102460137;258102460163;26;2,9;2;1;1
258102460163;258102460223;60;2,9;2;1;1
258102460223;258102460249;26;2,9;2;1;1
258102460249;258102460739;490;2,9;2;1;1
258102460739;258102461051;312;2,9;2;1;1
258102461051;258102479292;18241;2,9;2;1;1
258102479292;258102479318;26;2,9;2;1;1
258102479318;258102479374;56;2,9;2;1;1
258102479374;258102479387;13;2,9;2;1;1
258102479387;258102479410;23;2,9;2;1;1
258102479410;258102479424;14;2,9;2;1;1
258102479424;258102479447;23;2,9;2;1;1
258102479447;258102479971;524;2,9;2;1;1
258102479971;258102484547;4576;2,9;2;1;1
258102484547;258102494912;10365;2,9;2;1;1
258102494912;258102505484;10572;2,9;2;1;1
258102505484;258102505486;2;2,9;2;1;1
258102505486;258102505565;79;2,9;2;1;1
258102505565;258102505576;11;2,9;2;1;1
258102505576;258102505641;65;2,9;2;1;1
258102505641;258102505725;84;2,9;2;1;1
258102505725;258102505774;49;2,9;2;1;1
258102505774;258102505781;7;2,9;2;1;1
258102505781;258102506094;313;2,9;2;1;1
258102506094;258102506339;245;2,9;2;1;1
258102506339;258102507194;855;2,9;2;1;1
258102507194;258102507207;13;2,9;2;1;1
258102507207;258102507458;251;2,9;2;1;1
258102507458;258102507526;68;2,9;2;1;1
258102507526;258102510285;2759;2,9;2;1;1
258102510285;258102513790;3505;2,9;2;1;1
258102513790;258102513839;49;2,9;2;1;1
258102513839;258102517021;3182;2,9;2;1;1
258102517021;258102526010;8989;2,9;2;1;1
258102526010;258102540038;14028;2,9;2;1;1
258102540038;258102557412;17374;2,9;2;1;1
258102557412;258102563145;5733;2,9;2;1;1
258102563145;258102563166;21;2,9;2;1;1
258102563166;258102563215;49;2,9;2;1;1
258102563215;258102563266;51;2,9;2;1;1
258102563266;258102563292;26;2,9;2;1;1
258102563292;258102563347;55;2,9;2;1;1
258102563347;258102570178;6831;2,9;2;1;1
258102570178;258102570960;782;2,9;2;1;1
258102570960;258102571252;292;2,9;2;1;1
258102571252;258102571654;402;2,9;2;1;1
258102571654;258102571813;159;2,9;2;1;1
258102571813;258102571956;143;2,9;2;1;1
258102571956;258102572068;112;2,9;2;1;1
258102572068;258102572099;31;2,9;2;1;1
258102572099;258102581250;9151;2,9;2;1;1
258102581250;258102585585;4335;2,9;2;1;1
258102585585;258102588687;3102;2,9;2;1;1
258102588687;258102588953;266;2,9;2;1;1
258102588953;258102589244;291;2,9;2;1;1
258102589244;258102589488;244;2,9;2;1;1
258102589488;258102589609;121;2,9;2;1;1
258102589609;258102589667;58;2,9;2;1;1
258102589667;258102589670;3;2,9;2;1;1
258102589670;258102589678;8;2,9;2;1;1
258102589678;258102589729;51;2,9;2;1;1
258102589729;258102589760;31;2,9;2;1;1
258102589760;258102589780;20;2,9;2;1;1
258102589780;258102589832;52;2,9;2;1;1
258102589832;258102589881;49;2,9;2;1;1
258102589881;258102590050;169;2,9;2;1;1
258102590050;258102590313;263;2,9;2;1;1
258102590313;258102590372;59;2,9;2;1;1
258102590372;258102590493;121;2,9;2;1;1
258102590493;258102590538;45;2,9;2;1;1
258102590538;258102593134;2596;2,9;2;1;1
258102593134;258102593196;62;2,9;2;1;1
258102593196;258102593359;163;2,9;2;1;1
258102593359;258102593478;119;2,9;2;1;1
258102593478;258102593844;366;2,9;2;1;1
258102593844;258102593961;117;2,9;2;1;1
258102593961;258102593992;31;2,9;2;1;1
258102593992;258102594202;210;2,9;2;1;1
258102594202;258102594243;41;2,9;2;1;1
258102594243;258102594306;63;2,9;2;1;1
258102594306;258102603220;8914;2,9;2;1;1
258102603220;258102605253;2033;2,9;2;1;1
258102605253;258102624949;19696;2,9;2;1;1
258102624949;258102648527;23578;2,9;2;1;1
258102648527;258102648935;408;2,9;2;1;1
258102648935;258102649132;197;2,9;2;1;1
258102649132;258102649363;231;2,9;2;1;1
258102649363;258102649406;43;2,9;2;1;1
258102649406;258102649506;100;2,9;2;1;1
258102649506;258102649549;43;2,9;2;1;1
258102649549;258102649696;147;2,9;2;1;1
258102649696;258102649844;148;2,9;2;1;1
258102649844;258102649970;126;2,9;2;1;1
258102649970;258102650042;72;2,9;2;1;1
258102650042;258102653798;3756;2,9;2;1;1
258102653798;258102653960;162;2,9;2;1;1
258102653960;258102654108;148;2,9;2;1;1
258102654108;258102654143;35;2,9;2;1;1
258102654143;258102654244;101;2,9;2;1;1
258102654244;258102654655;411;2,9;2;1;1
258102654655;258102654819;164;2,9;2;1;1
258102654819;258102655145;326;2,9;2;1;1
258102655145;258102655227;82;2,9;2;1;1
258102655227;258102655278;51;2,9;2;1;1
258102655278;258102663040;7762;2,9;2;1;1
258102663040;258102664684;1644;2,9;2;1;1
258102664684;258102666103;1419;2,9;2;1;1
258102666103;258102668057;1954;2,9;2;1;1
258102668057;258102668147;90;2,9;2;1;1
258102668147;258102668412;265;2,9;2;1;1
258102668412;258102668535;123;2,9;2;1;1
258102668535;258102668589;54;2,9;2;1;1
258102668589;258102668743;154;2,9;2;1;1
258102668743;258102668950;207;2,9;2;1;1
258102668950;258102668972;22;2,9;2;1;1
258102668972;258102669007;35;2,9;2;1;1
258102669007;258102669100;93;2,9;2;1;1
258102669100;258102669135;35;2,9;2;1;1
258102669135;258102669137;2;2,9;2;1;1
258102669137;258102669158;21;2,9;2;1;1
258102669158;258102669292;134;2,9;2;1;1
258102669292;258102669302;10;2,9;2;1;1
258102669302;258102670557;1255;2,9;2;1;1
258102670557;258102671515;958;2,9;2;1;1
258102671515;258102677602;6087;2,9;2;1;1
258102677602;258102689766;12164;2,9;2;1;1
258102689766;258102698194;8428;2,9;2;1;1
258102698194;258102711550;13356;2,9;2;1;1
258102711550;258102720325;8775;2,9;2;1;1
258102720325;258102721832;1507;2,9;2;1;1
258102721832;258102724860;3028;2,9;2;1;1
258102724860;258102724877;17;2,9;2;1;1
258102724877;258102725482;605;2,9;2;1;1
258102725482;258102727383;1901;2,9;2;1;1
258102727383;258102765241;37858;2,9;2;1;1
258102765241;258102765351;110;2,9;2;1;1
258102765351;258102765390;39;2,9;2;1;1
258102765390;258102765416;26;2,9;2;1;1
258102765416;258102765436;20;2,9;2;1;1
258102765436;258102765584;148;2,9;2;1;1
258102765584;258102765591;7;2,9;2;1;1
258102765591;258102765793;202;2,9;2;1;1
258102765793;258102765833;40;2,9;2;1;1
258102765833;258102767906;2073;2,9;2;1;1
258102767906;258102777990;10084;2,9;2;1;1
258102777990;258102778013;23;2,9;2;1;1
258102778013;258102792315;14302;2,9;2;1;1
258102792315;258102792352;37;2,9;2;1;1
258102792352;258102792384;32;2,9;2;1;1
258102792384;258102792448;64;2,9;2;1;1
258102792448;258102792552;104;2,9;2;1;1
258102792552;258102792673;121;2,9;2;1;1
258102792673;258102792701;28;2,9;2;1;1
258102792701;258102792733;32;2,9;2;1;1
258102792733;258102792792;59;2,9;2;1;1
258102792792;258102798376;5584;2,9;2;1;1
258102798376;258102800081;1705;2,9;2;1;1
258102800081;258102808752;8671;2,9;2;1;1
258102808752;258102808929;177;2,9;2;1;1
258102808929;258102811175;2246;2,9;2;1;1
258102811175;258102830384;19209;2,9;2;1;1
258102830384;258102838711;8327;2,9;2;1;1
258102838711;258102849231;10520;2,9;2;1;1
258102849231;258102849264;33;2,9;2;1;1
258102849264;258102864459;15195;2,9;2;1;1
258102864459;258102864472;13;2,9;2;1;1
258102864472;258102864495;23;2,9;2;1;1
258102864495;258102864524;29;2,9;2;1;1
258102864524;258102865125;601;2,9;2;1;1
258102865125;258102865183;58;2,9;2;1;1
258102865183;258102865474;291;2,9;2;1;1
258102865474;258102869342;3868;2,9;2;1;1
258102869342;258102869469;127;2,9;2;1;1
258102869469;258102869522;53;2,9;2;1;1
258102869522;258102869556;34;2,9;2;1;1
258102869556;258102869578;22;2,9;2;1;1
258102869578;258102869607;29;2,9;2;1;1
258102869607;258102869656;49;2,9;2;1;1
258102869656;258102869767;111;2,9;2;1;1
258102869767;258102869787;20;2,9;2;1;1
258102869787;258102869824;37;2,9;2;1;1
258102869824;258102869828;4;2,9;2;1;1
258102869828;258102869867;39;2,9;2;1;1
258102869867;258102869902;35;2,9;2;1;1
258102869902;258102869942;40;2,9;2;1;1
258102869942;258102869947;5;2,9;2;1;1
258102869947;258102869961;14;2,9;2;1;1
258102869961;258102870219;258;2,9;2;1;1
258102870219;258102870379;160;2,9;2;1;1
258102870379;258102870537;158;2,9;2;1;1
258102870537;258102870824;287;2,9;2;1;1
258102870824;258102871133;309;2,9;2;1;1
258102871133;258102875527;4394;2,9;2;1;1
258102875527;258102875651;124;2,9;2;1;1
258102875651;258102875731;80;2,9;2;1;1
258102875731;258102875980;249;2,9;2;1;1
258102875980;258102876023;43;2,9;2;1;1
258102876023;258102876277;254;2,9;2;1;1
258102876277;258102876566;289;2,9;2;1;1
258102876566;258102876617;51;2,9;2;1;1
258102876617;258102876750;133;2,9;2;1;1
258102876750;258102878378;1628;2,9;2;1;1
258102878378;258102878466;88;2,9;2;1;1
258102878466;258102878549;83;2,9;2;1;1
258102878549;258102878604;55;2,9;2;1;1
258102878604;258102878655;51;2,9;2;1;1
258102878655;258102878823;168;2,9;2;1;1
258102878823;258102878931;108;2,9;2;1;1
258102878931;258102879004;73;2,9;2;1;1
258102879004;258102880914;1910;2,9;2;1;1
258102880914;258102884152;3238;2,9;2;1;1
258102884152;258102884377;225;2,9;2;1;1
258102884377;258102884601;224;2,9;2;1;1
258102884601;258102887290;2689;2,9;2;1;1
258102887290;258102887651;361;2,9;2;1;1
258102887651;258102887723;72;2,9;2;1;1
258102887723;258102888014;291;2,9;2;1;1
258102888014;258102888337;323;2,9;2;1;1
258102888337;258102888582;245;2,9;2;1;1
258102888582;258102888793;211;2,9;2;1;1
258102888793;258102889079;286;2,9;2;1;1
258102889079;258102901011;11932;2,9;2;1;1
258102901011;258102901031;20;2,9;2;1;1
258102901031;258102901601;570;2,9;2;1;1
258102901601;258102901654;53;2,9;2;1;1
258102901654;258102901841;187;2,9;2;1;1
258102901841;258102901884;43;2,9;2;1;1
258102901884;258102902234;350;2,9;2;1;1
258102902234;258102902247;13;2,9;2;1;1
258102902247;258102902303;56;2,9;2;1;1
258102902303;258102902534;231;2,9;2;1;1
258102902534;258102902819;285;2,9;2;1;1
258102902819;258102903152;333;2,9;2;1;1
258102903152;258102903316;164;2,9;2;1;1
258102903316;258102903580;264;2,9;2;1;1
258102903580;258102903945;365;2,9;2;1;1
258102903945;258102903988;43;2,9;2;1;1
258102903988;258102904076;88;2,9;2;1;1
258102904076;258102904110;34;2,9;2;1;1
258102904110;258102904272;162;2,9;2;1;1
258102904272;258102904447;175;2,9;2;1;1
258102904447;258102904617;170;2,9;2;1;1
258102904617;258102907121;2504;2,9;2;1;1
258102907121;258102907257;136;2,9;2;1;1
258102907257;258102907299;42;2,9;2;1;1
258102907299;258102907379;80;2,9;2;1;1
258102907379;258102907513;134;2,9;2;1;1
258102907513;258102907673;160;2,9;2;1;1
258102907673;258102907862;189;2,9;2;1;1
258102907862;258102907901;39;2,9;2;1;1
258102907901;258102908206;305;2,9;2;1;1
258102908206;258102909938;1732;2,9;2;1;1
258102909938;258102913945;4007;2,9;2;1;1
258102913945;258102918686;4741;2,9;2;1;1
258102918686;258102918835;149;2,9;2;1;1
258102918835;258102918873;38;2,9;2;1;1
258102918873;258102920562;1689;2,9;2;1;1
258102920562;258102921061;499;2,9;2;1;1
258102921061;258102921107;46;2,9;2;1;1
258102921107;258102921158;51;2,9;2;1;1
258102921158;258102921453;295;2,9;2;1;1
258102921453;258102921485;32;2,9;2;1;1
258102921485;258102921628;143;2,9;2;1;1
258102921628;258102921675;47;2,9;2;1;1
258102921675;258102922938;1263;2,9;2;1;1
258102922938;258102926465;3527;2,9;2;1;1
258102926465;258102926865;400;2,9;2;1;1
258102926865;258102929084;2219;2,9;2;1;1
258102929084;258102931181;2097;2,9;2;1;1
258102931181;258102941471;10290;2,9;2;1;1
258102941471;258102963973;22502;2,9;2;1;1
258102963973;258102966795;2822;2,9;2;1;1
258102966795;258102970513;3718;2,9;2;1;1
258102970513;258102970714;201;2,9;2;1;1
258102970714;258102970975;261;2,9;2;1;1
258102970975;258102971408;433;2,9;2;1;1
258102971408;258102971450;42;2,9;2;1;1
258102971450;258102971570;120;2,9;2;1;1
258102971570;258102971629;59;2,9;2;1;1
258102971629;258102971840;211;2,9;2;1;1
258102971840;258102971877;37;2,9;2;1;1
258102971877;258102971916;39;2,9;2;1;1
258102971916;258102975250;3334;2,9;2;1;1
258102975250;258102978728;3478;2,9;2;1;1
258102978728;258102979817;1089;2,9;2;1;1
258102979817;258102987935;8118;2,9;2;1;1
258102987935;258102997252;9317;2,9;2;1;1
258102997252;258103006108;8856;2,9;2;1;1
258103006108;258103006121;13;2,9;2;1;1
258103006121;258103006143;22;2,9;2;1;1
258103006143;258103006247;104;2,9;2;1;1
258103006247;258103034415;28168;2,9;2;1;1
258103034415;258103045245;10830;2,9;2;1;1
258103045245;258103045757;512;2,9;2;1;1
258103045757;258103047669;1912;2,9;2;1;1
258103047669;258103047723;54;2,9;2;1;1
258103047723;258103047738;15;2,9;2;1;1
258103047738;258103047854;116;2,9;2;1;1
258103047854;258103048088;234;2,9;2;1;1
258103048088;258103064532;16444;2,9;2;1;1
258103064532;258103065557;1025;2,9;2;1;1
258103065557;258103065989;432;2,9;2;1;1
258103065989;258103068030;2041;2,9;2;1;1
258103068030;258103068063;33;2,9;2;1;1
258103068063;258103068133;70;2,9;2;1;1
258103068133;258103071378;3245;2,9;2;1;1
258103071378;258103071541;163;2,9;2;1;1
258103071541;258103071756;215;2,9;2;1;1
258103071756;258103071786;30;2,9;2;1;1
258103071786;258103071844;58;2,9;2;1;1
258103071844;258103071902;58;2,9;2;1;1
258103071902;258103071946;44;2,9;2;1;1
258103071946;258103071986;40;2,9;2;1;1
258103071986;258103072023;37;2,9;2;1;1
258103072023;258103072131;108;2,9;2;1;1
258103072131;258103076205;4074;2,9;2;1;1
258103076205;258103076377;172;2,9;2;1;1
258103076377;258103076618;241;2,9;2;1;1
258103076618;258103076776;158;2,9;2;1;1
258103076776;258103076998;222;2,9;2;1;1
258103076998;258103077201;203;2,9;2;1;1
258103077201;258103077403;202;2,9;2;1;1
258103077403;258103077615;212;2,9;2;1;1
258103077615;258103077755;140;2,9;2;1;1
258103077755;258103081661;3906;2,9;2;1;1
258103081661;258103081845;184;2,9;2;1;1
258103081845;258103082087;242;2,9;2;1;1
258103082087;258103082158;71;2,9;2;1;1
258103082158;258103082301;143;2,9;2;1;1
258103082301;258103082443;142;2,9;2;1;1
258103082443;258103082472;29;2,9;2;1;1
258103082472;258103082636;164;2,9;2;1;1
258103082636;258103082672;36;2,9;2;1;1
258103082672;258103082704;32;2,9;2;1;1
258103082704;258103082898;194;2,9;2;1;1
258103082898;258103083386;488;2,9;2;1;1
258103083386;258103083965;579;2,9;2;1;1
258103083965;258103086823;2858;2,9;2;1;1
258103086823;258103086930;107;2,9;2;1;1
258103086930;258103087243;313;2,9;2;1;1
258103087243;258103087432;189;2,9;2;1;1
258103087432;258103088347;915;2,9;2;1;1
258103088347;258103088356;9;2,9;2;1;1
258103088356;258103088371;15;2,9;2;1;1
258103088371;258103088425;54;2,9;2;1;1
258103088425;258103093157;4732;2,9;2;1;1
258103093157;258103097724;4567;2,9;2;1;1
258103097724;258103114259;16535;2,9;2;1;1
258103114259;258103119175;4916;2,9;2;1;1
258103119175;258103124160;4985;2,9;2;1;1
258103124160;258103134122;9962;2,9;2;1;1
258103134122;258103134209;87;2,9;2;1;1
258103134209;258103137032;2823;2,9;2;1;1
258103137032;258103166703;29671;2,9;2;1;1
258103166703;258103169465;2762;2,9;2;1;1
258103169465;258103169674;209;2,9;2;1;1
258103169674;258103179644;9970;2,9;2;1;1
258103179644;258103179861;217;2,9;2;1;1
258103179861;258103179911;50;2,9;2;1;1
258103179911;258103194147;14236;2,9;2;1;1
258103194147;258103194153;6;2,9;2;1;1
258103194153;258103195112;959;2,9;2;1;1
258103195112;258103196144;1032;2,9;2;1;1
258103196144;258103198893;2749;2,9;2;1;1
258103198893;258103199100;207;2,9;2;1;1
258103199100;258103199113;13;2,9;2;1;1
258103199113;258103199274;161;2,9;2;1;1
258103199274;258103199310;36;2,9;2;1;1
258103199310;258103218888;19578;2,9;2;1;1
258103218888;258103220199;1311;2,9;2;1;1
258103220199;258103220706;507;2,9;2;1;1
258103220706;258103220904;198;2,9;2;1;1
258103220904;258103220985;81;2,9;2;1;1
258103220985;258103221069;84;2,9;2;1;1
258103221069;258103230529;9460;2,9;2;1;1
258103230529;258103231386;857;2,9;2;1;1
258103231386;258103233766;2380;2,9;2;1;1
258103233766;258103233781;15;2,9;2;1;1
258103233781;258103233856;75;2,9;2;1;1
258103233856;258103237119;3263;2,9;2;1;1
258103237119;258103237177;58;2,9;2;1;1
258103237177;258103237576;399;2,9;2;1;1
258103237576;258103237666;90;2,9;2;1;1
258103237666;258103237695;29;2,9;2;1;1
258103237695;258103237708;13;2,9;2;1;1
258103237708;258103237821;113;2,9;2;1;1
258103237821;258103237841;20;2,9;2;1;1
258103237841;258103238190;349;2,9;2;1;1
258103238190;258103238339;149;2,9;2;1;1
258103238339;258103238404;65;2,9;2;1;1
258103238404;258103238869;465;2,9;2;1;1
258103238869;258103239158;289;2,9;2;1;1
258103239158;258103256868;17710;2,9;2;1;1
258103256868;258103258882;2014;2,9;2;1;1
258103258882;258103259075;193;2,9;2;1;1
258103259075;258103259118;43;2,9;2;1;1
258103259118;258103259186;68;2,9;2;1;1
258103259186;258103259221;35;2,9;2;1;1
258103259221;258103259414;193;2,9;2;1;1
258103259414;258103259451;37;2,9;2;1;1
258103259451;258103259599;148;2,9;2;1;1
258103259599;258103259636;37;2,9;2;1;1
258103259636;258103259731;95;2,9;2;1;1
258103259731;258103266890;7159;2,9;2;1;1
258103266890;258103267637;747;2,9;2;1;1
258103267637;258103282639;15002;2,9;2;1;1
258103282639;258103298424;15785;2,9;2;1;1
258103298424;258103298466;42;2,9;2;1;1
258103298466;258103298508;42;2,9;2;1;1
258103298508;258103302851;4343;2,9;2;1;1
258103302851;258103303046;195;2,9;2;1;1
258103303046;258103303313;267;2,9;2;1;1
258103303313;258103303491;178;2,9;2;1;1
258103303491;258103303511;20;2,9;2;1;1
258103303511;258103303662;151;2,9;2;1;1
258103303662;258103303731;69;2,9;2;1;1
258103303731;258103303895;164;2,9;2;1;1
258103303895;258103304061;166;2,9;2;1;1
258103304061;258103304225;164;2,9;2;1;1
258103304225;258103309286;5061;2,9;2;1;1
258103309286;258103309338;52;2,9;2;1;1
258103309338;258103309465;127;2,9;2;1;1
258103309465;258103310739;1274;2,9;2;1;1
258103310739;258103310809;70;2,9;2;1;1
258103310809;258103310834;25;2,9;2;1;1
258103310834;258103310908;74;2,9;2;1;1
258103310908;258103310982;74;2,9;2;1;1
258103310982;258103311067;85;2,9;2;1;1
258103311067;258103311145;78;2,9;2;1;1
258103311145;258103311238;93;2,9;2;1;1
258103311238;258103311354;116;2,9;2;1;1
258103311354;258103311448;94;2,9;2;1;1
258103311448;258103312548;1100;2,9;2;1;1
258103312548;258103312895;347;2,9;2;1;1
258103312895;258103313250;355;2,9;2;1;1
258103313250;258103313330;80;2,9;2;1;1
258103313330;258103314632;1302;2,9;2;1;1
258103314632;258103317487;2855;2,9;2;1;1
258103317487;258103317635;148;2,9;2;1;1
258103317635;258103317741;106;2,9;2;1;1
258103317741;258103317781;40;2,9;2;1;1
258103317781;258103317824;43;2,9;2;1;1
258103317824;258103317905;81;2,9;2;1;1
258103317905;258103318081;176;2,9;2;1;1
258103318081;258103318110;29;2,9;2;1;1
258103318110;258103318175;65;2,9;2;1;1
258103318175;258103318270;95;2,9;2;1;1
258103318270;258103318333;63;2,9;2;1;1
258103318333;258103318365;32;2,9;2;1;1
258103318365;258103318440;75;2,9;2;1;1
258103318440;258103318498;58;2,9;2;1;1
258103318498;258103318637;139;2,9;2;1;1
258103318637;258103318827;190;2,9;2;1;1
258103318827;258103318847;20;2,9;2;1;1
258103318847;258103318889;42;2,9;2;1;1
258103318889;258103319139;250;2,9;2;1;1
258103319139;258103319176;37;2,9;2;1;1
258103319176;258103319427;251;2,9;2;1;1
258103319427;258103319572;145;2,9;2;1;1
258103319572;258103325126;5554;2,9;2;1;1
258103325126;258103325669;543;2,9;2;1;1
258103325669;258103325844;175;2,9;2;1;1
258103325844;258103325875;31;2,9;2;1;1
258103325875;258103326396;521;2,9;2;1;1
258103326396;258103331764;5368;2,9;2;1;1
258103331764;258103332137;373;2,9;2;1;1
258103332137;258103332212;75;2,9;2;1;1
258103332212;258103332275;63;2,9;2;1;1
258103332275;258103333584;1309;2,9;2;1;1
258103333584;258103333597;13;2,9;2;1;1
258103333597;258103333782;185;2,9;2;1;1
258103333782;258103334388;606;2,9;2;1;1
258103334388;258103363655;29267;2,9;2;1;1
258103363655;258103367819;4164;2,9;2;1;1
258103367819;258103367840;21;2,9;2;1;1
258103367840;258103367854;14;2,9;2;1;1
258103367854;258103367895;41;2,9;2;1;1
258103367895;258103367947;52;2,9;2;1;1
258103367947;258103367997;50;2,9;2;1;1
258103367997;258103368024;27;2,9;2;1;1
258103368024;258103372852;4828;2,9;2;1;1
258103372852;258103383618;10766;2,9;2;1;1
258103383618;258103383671;53;2,9;2;1;1
258103383671;258103383707;36;2,9;2;1;1
258103383707;258103383737;30;2,9;2;1;1
258103383737;258103383756;19;2,9;2;1;1
258103383756;258103383787;31;2,9;2;1;1
258103383787;258103384446;659;2,9;2;1;1
258103384446;258103401750;17304;2,9;2;1;1
258103401750;258103402038;288;2,9;2;1;1
258103402038;258103405819;3781;2,9;2;1;1
258103405819;258103405866;47;2,9;2;1;1
258103405866;258103405906;40;2,9;2;1;1
258103405906;258103405960;54;2,9;2;1;1
258103405960;258103405972;12;2,9;2;1;1
258103405972;258103406003;31;2,9;2;1;1
258103406003;258103406086;83;2,9;2;1;1
258103406086;258103406230;144;2,9;2;1;1
258103406230;258103406299;69;2,9;2;1;1
258103406299;258103406430;131;2,9;2;1;1
258103406430;258103408509;2079;2,9;2;1;1
258103408509;258103408712;203;2,9;2;1;1
258103408712;258103409397;685;2,9;2;1;1
258103409397;258103409585;188;2,9;2;1;1
258103409585;258103409626;41;2,9;2;1;1
258103409626;258103409782;156;2,9;2;1;1
258103409782;258103409950;168;2,9;2;1;1
258103409950;258103410118;168;2,9;2;1;1
258103410118;258103410287;169;2,9;2;1;1
258103410287;258103410453;166;2,9;2;1;1
258103410453;258103413755;3302;2,9;2;1;1
258103413755;258103413869;114;2,9;2;1;1
258103413869;258103413900;31;2,9;2;1;1
258103413900;258103414082;182;2,9;2;1;1
258103414082;258103414269;187;2,9;2;1;1
258103414269;258103414308;39;2,9;2;1;1
258103414308;258103414438;130;2,9;2;1;1
258103414438;258103414581;143;2,9;2;1;1
258103414581;258103414802;221;2,9;2;1;1
258103414802;258103414926;124;2,9;2;1;1
258103414926;258103416563;1637;2,9;2;1;1
258103416563;258103420517;3954;2,9;2;1;1
258103420517;258103424413;3896;2,9;2;1;1
258103424413;258103429691;5278;2,9;2;1;1
258103429691;258103429724;33;2,9;2;1;1
258103429724;258103429804;80;2,9;2;1;1
258103429804;258103440846;11042;2,9;2;1;1
258103440846;258103442688;1842;2,9;2;1;1
258103442688;258103442738;50;2,9;2;1;1
258103442738;258103442788;50;2,9;2;1;1
258103442788;258103442823;35;2,9;2;1;1
258103442823;258103442845;22;2,9;2;1;1
258103442845;258103444104;1259;2,9;2;1;1
258103444104;258103445086;982;2,9;2;1;1
258103445086;258103445391;305;2,9;2;1;1
258103445391;258103450588;5197;2,9;2;1;1
258103450588;258103450731;143;2,9;2;1;1
258103450731;258103450803;72;2,9;2;1;1
258103450803;258103450871;68;2,9;2;1;1
258103450871;258103450947;76;2,9;2;1;1
258103450947;258103450968;21;2,9;2;1;1
258103450968;258103451134;166;2,9;2;1;1
258103451134;258103451317;183;2,9;2;1;1
258103451317;258103451356;39;2,9;2;1;1
258103451356;258103451578;222;2,9;2;1;1
258103451578;258103451600;22;2,9;2;1;1
258103451600;258103455082;3482;2,9;2;1;1
258103455082;258103455290;208;2,9;2;1;1
258103455290;258103455780;490;2,9;2;1;1
258103455780;258103455913;133;2,9;2;1;1
258103455913;258103455970;57;2,9;2;1;1
258103455970;258103455989;19;2,9;2;1;1
258103455989;258103456067;78;2,9;2;1;1
258103456067;258103456198;131;2,9;2;1;1
258103456198;258103456245;47;2,9;2;1;1
258103456245;258103456303;58;2,9;2;1;1
258103456303;258103456353;50;2,9;2;1;1
258103456353;258103456407;54;2,9;2;1;1
258103456407;258103456467;60;2,9;2;1;1
258103456467;258103456606;139;2,9;2;1;1
258103456606;258103456806;200;2,9;2;1;1
258103456806;258103457242;436;2,9;2;1;1
258103457242;258103457277;35;2,9;2;1;1
258103457277;258103471257;13980;2,9;2;1;1
258103471257;258103493025;21768;2,9;2;1;1
258103493025;258103495550;2525;2,9;2;1;1
258103495550;258103497023;1473;2,9;2;1;1
258103497023;258103509583;12560;2,9;2;1;1
258103509583;258103513367;3784;2,9;2;1;1
258103513367;258103513555;188;2,9;2;1;1
258103513555;258103514069;514;2,9;2;1;1
258103514069;258103514766;697;2,9;2;1;1
258103514766;258103516672;1906;2,9;2;1;1
258103516672;258103516680;8;2,9;2;1;1
258103516680;258103516736;56;2,9;2;1;1
258103516736;258103516789;53;2,9;2;1;1
258103516789;258103517888;1099;2,9;2;1;1
258103517888;258103518248;360;2,9;2;1;1
258103518248;258103518415;167;2,9;2;1;1
258103518415;258103518689;274;2,9;2;1;1
258103518689;258103520043;1354;2,9;2;1;1
258103520043;258103520217;174;2,9;2;1;1
258103520217;258103520575;358;2,9;2;1;1
258103520575;258103520620;45;2,9;2;1;1
258103520620;258103520736;116;2,9;2;1;1
258103520736;258103520743;7;2,9;2;1;1
258103520743;258103520810;67;2,9;2;1;1
258103520810;258103520910;100;2,9;2;1;1
258103520910;258103520961;51;2,9;2;1;1
258103520961;258103521217;256;2,9;2;1;1
258103521217;258103522265;1048;2,9;2;1;1
258103522265;258103522474;209;2,9;2;1;1
258103522474;258103522496;22;2,9;2;1;1
258103522496;258103522532;36;2,9;2;1;1
258103522532;258103522652;120;2,9;2;1;1
258103522652;258103522999;347;2,9;2;1;1
258103522999;258103523238;239;2,9;2;1;1
258103523238;258103523402;164;2,9;2;1;1
258103523402;258103523570;168;2,9;2;1;1
258103523570;258103523735;165;2,9;2;1;1
258103523735;258103530213;6478;2,9;2;1;1
258103530213;258103533563;3350;2,9;2;1;1
258103533563;258103538065;4502;2,9;2;1;1
258103538065;258103540683;2618;2,9;2;1;1
258103540683;258103540795;112;2,9;2;1;1
258103540795;258103541019;224;2,9;2;1;1
258103541019;258103541062;43;2,9;2;1;1
258103541062;258103541097;35;2,9;2;1;1
258103541097;258103541164;67;2,9;2;1;1
258103541164;258103541223;59;2,9;2;1;1
258103541223;258103541302;79;2,9;2;1;1
258103541302;258103541307;5;2,9;2;1;1
258103541307;258103541482;175;2,9;2;1;1
258103541482;258103546441;4959;2,9;2;1;1
258103546441;258103546501;60;2,9;2;1;1
258103546501;258103546545;44;2,9;2;1;1
258103546545;258103547125;580;2,9;2;1;1
258103547125;258103548849;1724;2,9;2;1;1
258103548849;258103548887;38;2,9;2;1;1
258103548887;258103549749;862;2,9;2;1;1
258103549749;258103550221;472;2,9;2;1;1
258103550221;258103550258;37;2,9;2;1;1
258103550258;258103554984;4726;2,9;2;1;1
258103554984;258103587332;32348;2,9;2;1;1
258103587332;258103597511;10179;2,9;2;1;1
258103597511;258103597534;23;2,9;2;1;1
258103597534;258103611259;13725;2,9;2;1;1
258103611259;258103611502;243;2,9;2;1;1
258103611502;258103625324;13822;2,9;2;1;1
258103625324;258103625608;284;2,9;2;1;1
258103625608;258103632456;6848;2,9;2;1;1
258103632456;258103637701;5245;2,9;2;1;1
258103637701;258103638054;353;2,9;2;1;1
258103638054;258103638430;376;2,9;2;1;1
258103638430;258103638577;147;2,9;2;1;1
258103638577;258103638715;138;2,9;2;1;1
258103638715;258103638849;134;2,9;2;1;1
258103638849;258103638984;135;2,9;2;1;1
258103638984;258103639120;136;2,9;2;1;1
258103639120;258103639156;36;2,9;2;1;1
258103639156;258103639297;141;2,9;2;1;1
258103639297;258103642239;2942;2,9;2;1;1
258103642239;258103642309;70;2,9;2;1;1
258103642309;258103661524;19215;2,9;2;1;1
258103661524;258103673124;11600;2,9;2;1;1
258103673124;258103686695;13571;2,9;2;1;1
258103686695;258103686715;20;2,9;2;1;1
258103686715;258103686731;16;2,9;2;1;1
258103686731;258103686989;258;2,9;2;1;1
258103686989;258103687251;262;2,9;2;1;1
258103687251;258103687755;504;2,9;2;1;1
258103687755;258103694623;6868;2,9;2;1;1
258103694623;258103696102;1479;2,9;2;1;1
258103696102;258103696152;50;2,9;2;1;1
258103696152;258103696201;49;2,9;2;1;1
258103696201;258103696210;9;2,9;2;1;1
258103696210;258103696261;51;2,9;2;1;1
258103696261;258103696287;26;2,9;2;1;1
258103696287;258103700483;4196;2,9;2;1;1
258103700483;258103700498;15;2,9;2;1;1
258103700498;258103700635;137;2,9;2;1;1
258103700635;258103700777;142;2,9;2;1;1
258103700777;258103700810;33;2,9;2;1;1
258103700810;258103700915;105;2,9;2;1;1
258103700915;258103700938;23;2,9;2;1;1
258103700938;258103701119;181;2,9;2;1;1
258103701119;258103701159;40;2,9;2;1;1
258103701159;258103701314;155;2,9;2;1;1
258103701314;258103703643;2329;2,9;2;1;1
258103703643;258103704278;635;2,9;2;1;1
258103704278;258103704716;438;2,9;2;1;1
258103704716;258103705441;725;2,9;2;1;1
258103705441;258103705460;19;2,9;2;1;1
258103705460;258103705517;57;2,9;2;1;1
258103705517;258103705606;89;2,9;2;1;1
258103705606;258103705759;153;2,9;2;1;1
258103705759;258103706126;367;2,9;2;1;1
258103706126;258103706246;120;2,9;2;1;1
258103706246;258103706294;48;2,9;2;1;1
258103706294;258103706574;280;2,9;2;1;1
258103706574;258103708475;1901;2,9;2;1;1
258103708475;258103708587;112;2,9;2;1;1
258103708587;258103708622;35;2,9;2;1;1
258103708622;258103717170;8548;2,9;2;1;1
258103717170;258103717481;311;2,9;2;1;1
258103717481;258103717762;281;2,9;2;1;1
258103717762;258103718827;1065;2,9;2;1;1
258103718827;258103719520;693;2,9;2;1;1
258103719520;258103720668;1148;2,9;2;1;1
258103720668;258103727357;6689;2,9;2;1;1
258103727357;258103727793;436;2,9;2;1;1
258103727793;258103728531;738;2,9;2;1;1
258103728531;258103728603;72;2,9;2;1;1
258103728603;258103728797;194;2,9;2;1;1
258103728797;258103728884;87;2,9;2;1;1
258103728884;258103728898;14;2,9;2;1;1
258103728898;258103728940;42;2,9;2;1;1
258103728940;258103728943;3;2,9;2;1;1
258103728943;258103729111;168;2,9;2;1;1
258103729111;258103729145;34;2,9;2;1;1
258103729145;258103729243;98;2,9;2;1;1
258103729243;258103729305;62;2,9;2;1;1
258103729305;258103729461;156;2,9;2;1;1
258103729461;258103732875;3414;2,9;2;1;1
258103732875;258103732929;54;2,9;2;1;1
258103732929;258103732992;63;2,9;2;1;1
258103732992;258103733139;147;2,9;2;1;1
258103733139;258103733246;107;2,9;2;1;1
258103733246;258103733283;37;2,9;2;1;1
258103733283;258103733285;2;2,9;2;1;1
258103733285;258103733426;141;2,9;2;1;1
258103733426;258103733562;136;2,9;2;1;1
258103733562;258103733600;38;2,9;2;1;1
258103733600;258103733700;100;2,9;2;1;1
258103733700;258103740763;7063;2,9;2;1;1
258103740763;258103743203;2440;2,9;2;1;1
258103743203;258103764462;21259;2,9;2;1;1
258103764462;258103775814;11352;2,9;2;1;1
258103775814;258103776008;194;2,9;2;1;1
258103776008;258103776066;58;2,9;2;1;1
258103776066;258103776158;92;2,9;2;1;1
258103776158;258103776749;591;2,9;2;1;1
258103776749;258103776783;34;2,9;2;1;1
258103776783;258103776786;3;2,9;2;1;1
258103776786;258103776823;37;2,9;2;1;1
258103776823;258103776848;25;2,9;2;1;1
258103776848;258103776963;115;2,9;2;1;1
258103776963;258103777053;90;2,9;2;1;1
258103777053;258103777411;358;2,9;2;1;1
258103777411;258103777558;147;2,9;2;1;1
258103777558;258103777706;148;2,9;2;1;1
258103777706;258103777897;191;2,9;2;1;1
258103777897;258103778043;146;2,9;2;1;1
258103778043;258103790466;12423;2,9;2;1;1
258103790466;258103800024;9558;2,9;2;1;1
258103800024;258103808749;8725;2,9;2;1;1
258103808749;258103808886;137;2,9;2;1;1
258103808886;258103809023;137;2,9;2;1;1
258103809023;258103809150;127;2,9;2;1;1
258103809150;258103809273;123;2,9;2;1;1
258103809273;258103809773;500;2,9;2;1;1
258103809773;258103810313;540;2,9;2;1;1
258103810313;258103810609;296;2,9;2;1;1
258103810609;258103811293;684;9;1;1;1
258103811293;258103811319;26;9;1;1;1
258103811319;258103811373;54;9;1;1;1
258103811373;258103814846;3473;9;1;1;1
258103814846;258103814862;16;9;1;1;1
258103814862;258103814899;37;9;1;1;1
258103814899;258103814928;29;9;1;1;1
258103814928;258103814944;16;9;1;1;1
258103814944;258103814970;26;9;1;1;1
258103814970;258103815018;48;9;1;1;1
258103815018;258103815063;45;9;1;1;1
258103815063;258103815182;119;9;1;1;1
258103815182;258103815195;13;9;1;1;1
258103815195;258103815773;578;9;1;1;1
258103815773;258103815942;169;9;1;1;1
258103815942;258103816152;210;9;1;1;1
258103816152;258103816299;147;9;1;1;1
258103816299;258103816318;19;9;1;1;1
258103816318;258103816336;18;9;1;1;1
258103816336;258103816442;106;9;1;1;1
258103816442;258103816477;35;9;1;1;1
258103816477;258103816649;172;9;1;1;1
258103816649;258103816864;215;9;1;1;1
258103816864;258103824779;7915;9;1;1;1
258103824779;258103836768;11989;9;1;1;1
258103836768;258103881318;44550;9;1;1;1
258103881318;258103881535;217;9;1;1;1
258103881535;258103883038;1503;9;1;1;1
258103883038;258103884108;1070;9;1;1;1
258103884108;258103884544;436;9;1;1;1
258103884544;258103884915;371;9;1;1;1
258103884915;258103884943;28;9;1;1;1
258103884943;258103885081;138;9;1;1;1
258103885081;258103890442;5361;9;1;1;1
258103890442;258103892474;2032;9;1;1;1
258103892474;258103892920;446;9;1;1;1
258103892920;258103906770;13850;9;1;1;1
258103906770;258103940298;33528;9;1;1;1
258103940298;258103940443;145;9;1;1;1
258103940443;258103940460;17;9;1;1;1
258103940460;258103940468;8;9;1;1;1
258103940468;258103940573;105;9;1;1;1
258103940573;258103940783;210;9;1;1;1
258103940783;258103940930;147;9;1;1;1
258103940930;258103941089;159;9;1;1;1
258103941089;258103968722;27633;9;1;1;1
258103968722;258103978080;9358;9;1;1;1
258103978080;258103979811;1731;9;1;1;1
258103979811;258103979861;50;9;1;1;1
258103979861;258103979911;50;9;1;1;1
258103979911;258103980667;756;9;1;1;1
258103980667;258103982928;2261;9;1;1;1
258103982928;258103983000;72;9;1;1;1
258103983000;258103983042;42;9;1;1;1
258103983042;258103987989;4947;9;1;1;1
258103987989;258103988039;50;9;1;1;1
258103988039;258103988101;62;9;1;1;1
258103988101;258103988112;11;9;1;1;1
258103988112;258103988136;24;9;1;1;1
258103988136;258103992080;3944;9;1;1;1
258103992080;258104026958;34878;9;1;1;1
258104026958;258104030497;3539;9;1;1;1
258104030497;258104030556;59;9;1;1;1
258104030556;258104030704;148;9;1;1;1
258104030704;258104030951;247;9;1;1;1
258104030951;258104030989;38;9;1;1;1
258104030989;258104031007;18;9;1;1;1
258104031007;258104031124;117;9;1;1;1
258104031124;258104031259;135;9;1;1;1
258104031259;258104031408;149;9;1;1;1
258104031408;258104031527;119;9;1;1;1
258104031527;258104039563;8036;9;1;1;1
258104039563;258104042181;2618;9;1;1;1
258104042181;258104042285;104;9;1;1;1
258104042285;258104042504;219;9;1;1;1
258104042504;258104042530;26;9;1;1;1
258104042530;258104044232;1702;9;1;1;1
258104044232;258104044543;311;9;1;1;1
258104044543;258104044579;36;9;1;1;1
258104044579;258104044803;224;9;1;1;1
258104044803;258104072206;27403;9;1;1;1
258104072206;258104081651;9445;9;1;1;1
258104081651;258104081809;158;9;1;1;1
258104081809;258104081860;51;9;1;1;1
258104081860;258104081869;9;9;1;1;1
258104081869;258104119302;37433;9;1;1;1
258104119302;258104129988;10686;9;1;1;1
258104129988;258104130075;87;9;1;1;1
258104130075;258104130143;68;9;1;1;1
258104130143;258104130216;73;9;1;1;1
258104130216;258104130284;68;9;1;1;1
258104130284;258104130335;51;9;1;1;1
258104130335;258104131697;1362;9;1;1;1
258104131697;258104134363;2666;9;1;1;1
258104134363;258104134465;102;9;1;1;1
258104134465;258104134601;136;9;1;1;1
258104134601;258104134779;178;9;1;1;1
258104134779;258104134858;79;9;1;1;1
258104134858;258104134953;95;9;1;1;1
258104134953;258104149948;14995;9;1;1;1
258104149948;258104150056;108;9;1;1;1
258104150056;258104172257;22201;9;1;1;1
258104172257;258104212361;40104;9;1;1;1
258104212361;258104226089;13728;9;1;1;1
258104226089;258104234798;8709;9;1;1;1
258104234798;258104235021;223;9;1;1;1
258104235021;258104235063;42;9;1;1;1
258104235063;258104235097;34;9;1;1;1
258104235097;258104235379;282;9;1;1;1
258104235379;258104273039;37660;9;1;1;1
258104273039;258104304863;31824;9;1;1;1
258104304863;258104338397;33534;9;1;1;1
258104338397;258104339030;633;9;1;1;1
258104339030;258104340000;970;9;1;1;1
258104340000;258104364388;24388;9;1;1;1
258104364388;258104364417;29;9;1;1;1
258104364417;258104364462;45;9;1;1;1
258104364462;258104364561;99;9;1;1;1
258104364561;258104364591;30;9;1;1;1
258104364591;258104364603;12;9;1;1;1
258104364603;258104364621;18;9;1;1;1
258104364621;258104364748;127;9;1;1;1
258104364748;258104364782;34;9;1;1;1
258104364782;258104373828;9046;9;1;1;1
258104373828;258104377034;3206;9;1;1;1
258104377034;258104377049;15;9;1;1;1
258104377049;258104377065;16;9;1;1;1
258104377065;258104377188;123;9;1;1;1
258104377188;258104377256;68;9;1;1;1
258104377256;258104377330;74;9;1;1;1
258104377330;258104377496;166;9;1;1;1
258104377496;258104377572;76;9;1;1;1
258104377572;258104377602;30;9;1;1;1
258104377602;258104377632;30;9;1;1;1
258104377632;258104377634;2;9;1;1;1
258104377634;258104377731;97;9;1;1;1
258104377731;258104377813;82;9;1;1;1
258104377813;258104377845;32;9;1;1;1
258104377845;258104377985;140;9;1;1;1
258104377985;258104378022;37;9;1;1;1
258104378022;258104381008;2986;9;1;1;1
258104381008;258104381012;4;9;1;1;1
258104381012;258104381107;95;9;1;1;1
258104381107;258104381151;44;9;1;1;1
258104381151;258104381289;138;9;1;1;1
258104381289;258104381316;27;9;1;1;1
258104381316;258104381354;38;9;1;1;1
258104381354;258104381421;67;9;1;1;1
258104381421;258104381905;484;9;1;1;1
258104381905;258104381943;38;9;1;1;1
258104381943;258104384309;2366;9;1;1;1
258104384309;258104384348;39;9;1;1;1
258104384348;258104384485;137;9;1;1;1
258104384485;258104384548;63;9;1;1;1
258104384548;258104384647;99;9;1;1;1
258104384647;258104384745;98;9;1;1;1
258104384745;258104384890;145;9;1;1;1
258104384890;258104384983;93;9;1;1;1
258104384983;258104385019;36;9;1;1;1
258104385019;258104385055;36;9;1;1;1
258104385055;258104385839;784;9;1;1;1
258104385839;258104395229;9390;9;1;1;1
258104395229;258104396401;1172;9;1;1;1
258104396401;258104396500;99;9;1;1;1
258104396500;258104399890;3390;9;1;1;1
258104399890;258104400247;357;9;1;1;1
258104400247;258104401527;1280;9;1;1;1
258104401527;258104401578;51;9;1;1;1
258104401578;258104401670;92;9;1;1;1
258104401670;258104403026;1356;9;1;1;1
258104403026;258104406612;3586;9;1;1;1
258104406612;258104406808;196;9;1;1;1
258104406808;258104406816;8;9;1;1;1
258104406816;258104406868;52;9;1;1;1
258104406868;258104406918;50;9;1;1;1
258104406918;258104406970;52;9;1;1;1
258104406970;258104407021;51;9;1;1;1
258104407021;258104407332;311;9;1;1;1
258104407332;258104408430;1098;9;1;1;1
258104408430;258104411162;2732;9;1;1;1
258104411162;258104439286;28124;9;1;1;1
258104439286;258104449703;10417;9;1;1;1
258104449703;258104450010;307;9;1;1;1
258104450010;258104500468;50458;9;1;1;1
258104500468;258104500606;138;9;1;1;1
258104500606;258104500627;21;9;1;1;1
258104500627;258104500816;189;9;1;1;1
258104500816;258104500844;28;9;1;1;1
258104500844;258104500962;118;9;1;1;1
258104500962;258104501008;46;9;1;1;1
258104501008;258104501164;156;9;1;1;1
258104501164;258104501238;74;9;1;1;1
258104501238;258104501290;52;9;1;1;1
258104501290;258104501377;87;9;1;1;1
258104501377;258104501678;301;9;1;1;1
258104501678;258104502419;741;9;1;1;1
258104502419;258104502896;477;9;1;1;1
258104502896;258104503076;180;9;1;1;1
258104503076;258104504156;1080;9;1;1;1
258104504156;258104504214;58;9;1;1;1
258104504214;258104508589;4375;9;1;1;1
258104508589;258104508664;75;9;1;1;1
258104508664;258104508760;96;9;1;1;1
258104508760;258104508797;37;9;1;1;1
258104508797;258104508802;5;9;1;1;1
258104508802;258104509007;205;9;1;1;1
258104509007;258104509043;36;9;1;1;1
258104509043;258104509073;30;9;1;1;1
258104509073;258104509372;299;9;1;1;1
258104509372;258104509899;527;9;1;1;1
258104509899;258104511405;1506;9;1;1;1
258104511405;258104511514;109;9;1;1;1
258104511514;258104512016;502;9;1;1;1
258104512016;258104514622;2606;9;1;1;1
258104514622;258104514707;85;9;1;1;1
258104514707;258104515784;1077;9;1;1;1
258104515784;258104515953;169;9;1;1;1
258104515953;258104515996;43;9;1;1;1
258104515996;258104516064;68;9;1;1;1
258104516064;258104516092;28;9;1;1;1
258104516092;258104516142;50;9;1;1;1
258104516142;258104516149;7;9;1;1;1
258104516149;258104516174;25;9;1;1;1
258104516174;258104516273;99;9;1;1;1
258104516273;258104516346;73;9;1;1;1
258104516346;258104516394;48;9;1;1;1
258104516394;258104516405;11;9;1;1;1
258104516405;258104516430;25;9;1;1;1
258104516430;258104516475;45;9;1;1;1
258104516475;258104516758;283;9;1;1;1
258104516758;258104516803;45;9;1;1;1
258104516803;258104517051;248;9;1;1;1
258104517051;258104517485;434;9;1;1;1
258104517485;258104517542;57;9;1;1;1
258104517542;258104518453;911;9;1;1;1
258104518453;258104518470;17;9;1;1;1
258104518470;258104518675;205;9;1;1;1
258104518675;258104518859;184;9;1;1;1
258104518859;258104518905;46;9;1;1;1
258104518905;258104519001;96;9;1;1;1
258104519001;258104519129;128;9;1;1;1
258104519129;258104519350;221;9;1;1;1
258104519350;258104519520;170;9;1;1;1
258104519520;258104519698;178;9;1;1;1
258104519698;258104530259;10561;9;1;1;1
258104530259;258104533504;3245;9;1;1;1
258104533504;258104538500;4996;9;1;1;1
258104538500;258104546407;7907;9;1;1;1
258104546407;258104551025;4618;9;1;1;1
258104551025;258104557281;6256;9;1;1;1
258104557281;258104558753;1472;9;1;1;1
258104558753;258104558804;51;9;1;1;1
258104558804;258104558829;25;9;1;1;1
258104558829;258104558885;56;9;1;1;1
258104558885;258104558897;12;9;1;1;1
258104558897;258104558920;23;9;1;1;1
258104558920;258104559643;723;9;1;1;1
258104559643;258104561886;2243;9;1;1;1
258104561886;258104561937;51;9;1;1;1
258104561937;258104578847;16910;9;1;1;1
258104578847;258104578873;26;9;1;1;1
258104578873;258104579242;369;9;1;1;1
258104579242;258104579508;266;9;1;1;1
258104579508;258104579524;16;9;1;1;1
258104579524;258104579683;159;9;1;1;1
258104579683;258104579752;69;9;1;1;1
258104579752;258104579791;39;9;1;1;1
258104579791;258104607053;27262;9;1;1;1
258104607053;258104607438;385;9;1;1;1
258104607438;258104607696;258;9;1;1;1
258104607696;258104607822;126;9;1;1;1
258104607822;258104607870;48;9;1;1;1
258104607870;258104607899;29;9;1;1;1
258104607899;258104607934;35;9;1;1;1
258104607934;258104608013;79;9;1;1;1
258104608013;258104608059;46;9;1;1;1
258104608059;258104610635;2576;9;1;1;1
258104610635;258104610791;156;9;1;1;1
258104610791;258104611327;536;9;1;1;1
258104611327;258104612483;1156;9;1;1;1
258104612483;258104613298;815;9;1;1;1
258104613298;258104613497;199;9;1;1;1
258104613497;258104613538;41;9;1;1;1
258104613538;258104613583;45;9;1;1;1
258104613583;258104613727;144;9;1;1;1
258104613727;258104613787;60;9;1;1;1
258104613787;258104613817;30;9;1;1;1
258104613817;258104613982;165;9;1;1;1
258104613982;258104614008;26;9;1;1;1
258104614008;258104614089;81;9;1;1;1
258104614089;258104614106;17;9;1;1;1
258104614106;258104624056;9950;9;1;1;1
258104624056;258104633099;9043;9;1;1;1
258104633099;258104653714;20615;9;1;1;1
258104653714;258104655433;1719;9;1;1;1
258104655433;258104666137;10704;9;1;1;1
258104666137;258104666151;14;9;1;1;1
258104666151;258104666202;51;9;1;1;1
258104666202;258104666210;8;9;1;1;1
258104666210;258104666238;28;9;1;1;1
258104666238;258104672558;6320;9;1;1;1
258104672558;258104672849;291;9;1;1;1
258104672849;258104673011;162;2,9;2;1;1
258104673011;258104673208;197;2,9;2;1;1
258104673208;258104673225;17;2,9;2;1;1
258104673225;258104673238;13;2,9;2;1;1
258104673238;258104673268;30;2,9;2;1;1
258104673268;258104680673;7405;2,9;2;1;1
258104680673;258104681133;460;2,9;2;1;1
258104681133;258104681138;5;2,9;2;1;1
258104681138;258104681217;79;2,9;2;1;1
258104681217;258104681594;377;2,9;2;1;1
258104681594;258104681678;84;2,9;2;1;1
258104681678;258104681875;197;2,9;2;1;1
258104681875;258104681897;22;2,9;2;1;1
258104681897;258104681933;36;2,9;2;1;1
258104681933;258104681947;14;2,9;2;1;1
258104681947;258104682110;163;2,9;2;1;1
258104682110;258104695823;13713;2,9;2;1;1
258104695823;258104703889;8066;2,9;2;1;1
258104703889;258104704362;473;2,9;2;1;1
258104704362;258104704581;219;2,9;2;1;1
258104704581;258104704878;297;2,9;2;1;1
258104704878;258104705073;195;2,9;2;1;1
258104705073;258104705125;52;2,9;2;1;1
258104705125;258104705397;272;2,9;2;1;1
258104705397;258104705635;238;2,9;2;1;1
258104705635;258104705676;41;2,9;2;1;1
258104705676;258104705775;99;2,9;2;1;1
258104705775;258104706241;466;2,9;2;1;1
258104706241;258104706629;388;2,9;2;1;1
258104706629;258104710747;4118;2,9;2;1;1
258104710747;258104710919;172;2,9;2;1;1
258104710919;258104711068;149;2,9;2;1;1
258104711068;258104711386;318;2,9;2;1;1
258104711386;258104711426;40;2,9;2;1;1
258104711426;258104711713;287;2,9;2;1;1
258104711713;258104711782;69;2,9;2;1;1
258104711782;258104712160;378;2,9;2;1;1
258104712160;258104712358;198;2,9;2;1;1
258104712358;258104712529;171;2,9;2;1;1
258104712529;258104717808;5279;2,9;2;1;1
258104717808;258104719681;1873;2,9;2;1;1
258104719681;258104722555;2874;2,9;2;1;1
258104722555;258104723127;572;2,9;2;1;1
258104723127;258104723323;196;2,9;2;1;1
258104723323;258104723403;80;2,9;2;1;1
258104723403;258104723456;53;2,9;2;1;1
258104723456;258104723517;61;2,9;2;1;1
258104723517;258104723553;36;2,9;2;1;1
258104723553;258104723577;24;2,9;2;1;1
258104723577;258104723757;180;2,9;2;1;1
258104723757;258104723793;36;2,9;2;1;1
258104723793;258104723915;122;2,9;2;1;1
258104723915;258104724614;699;2,9;2;1;1
258104724614;258104729672;5058;2,9;2;1;1
258104729672;258104734179;4507;2,9;2;1;1
258104734179;258104735308;1129;2,9;2;1;1
258104735308;258104737890;2582;2,9;2;1;1
258104737890;258104748039;10149;2,9;2;1;1
258104748039;258104748073;34;2,9;2;1;1
258104748073;258104748769;696;2,9;2;1;1
258104748769;258104752198;3429;2,9;2;1;1
258104752198;258104769304;17106;9;1;1;1
258104769304;258104769489;185;9;1;1;1
258104769489;258104769653;164;9;1;1;1
258104769653;258104769999;346;9;1;1;1
258104769999;258104773129;3130;9;1;1;1
258104773129;258104773444;315;9;1;1;1
258104773444;258104773625;181;9;1;1;1
258104773625;258104774127;502;9;1;1;1
258104774127;258104774164;37;9;1;1;1
258104774164;258104774546;382;9;1;1;1
258104774546;258104774696;150;9;1;1;1
258104774696;258104774922;226;9;1;1;1
258104774922;258104775119;197;9;1;1;1
258104775119;258104775321;202;9;1;1;1
258104775321;258104775390;69;9;1;1;1
258104775390;258104775395;5;2,9;2;1;1
258104775395;258104775552;157;2,9;2;1;1
258104775552;258104775855;303;2,9;2;1;1
258104775855;258104775897;42;2,9;2;1;1
258104775897;258104775919;22;2,9;2;1;1
258104775919;258104775954;35;9;1;1;1
258104775954;258104776060;106;9;1;1;1
258104776060;258104776176;116;9;1;1;1
258104776176;258104776309;133;9;1;1;1
258104776309;258104776628;319;9;1;1;1
258104776628;258104776693;65;9;1;1;1
258104776693;258104776756;63;9;1;1;1
258104776756;258104776787;31;9;1;1;1
258104776787;258104776831;44;9;1;1;1
258104776831;258104777095;264;9;1;1;1
258104777095;258104780532;3437;9;1;1;1
258104780532;258104780735;203;9;1;1;1
258104780735;258104780770;35;9;1;1;1
258104780770;258104780806;36;9;1;1;1
258104780806;258104780828;22;9;1;1;1
258104780828;258104781015;187;9;1;1;1
258104781015;258104781180;165;9;1;1;1
258104781180;258104781429;249;9;1;1;1
258104781429;258104781577;148;9;1;1;1
258104781577;258104781722;145;9;1;1;1
258104781722;258104782384;662;9;1;1;1
258104782384;258104785745;3361;9;1;1;1
258104785745;258104786062;317;9;1;1;1
258104786062;258104789269;3207;9;1;1;1
258104789269;258104796943;7674;9;1;1;1
258104796943;258104801454;4511;9;1;1;1
258104801454;258104809141;7687;9;1;1;1
258104809141;258104810840;1699;2,9;2;1;1
258104810840;258104812208;1368;2,9;2;1;1
258104812208;258104818970;6762;2,9;2;1;1
258104818970;258104819375;405;2,9;2;1;1
258104819375;258104819508;133;2,9;2;1;1
258104819508;258104819727;219;2,9;2;1;1
258104819727;258104819935;208;2,9;2;1;1
258104819935;258104819959;24;2,9;2;1;1
258104819959;258104820062;103;2,9;2;1;1
258104820062;258104820106;44;2,9;2;1;1
258104820106;258104820292;186;2,9;2;1;1
258104820292;258104820409;117;2,9;2;1;1
258104820409;258104820451;42;2,9;2;1;1
258104820451;258104823000;2549;2,9;2;1;1
258104823000;258104827024;4024;2,9;2;1;1
258104827024;258104832327;5303;2,9;2;1;1
258104832327;258104843504;11177;2,9;2;1;1
258104843504;258104845668;2164;2,9;2;1;1
258104845668;258104847462;1794;2,9;2;1;1
258104847462;258104849070;1608;2,9;2;1;1
258104849070;258104849212;142;2,9;2;1;1
258104849212;258104849632;420;2,9;2;1;1
258104849632;258104850203;571;2,9;2;1;1
258104850203;258104852634;2431;2,9;2;1;1
258104852634;258104852912;278;2,9;2;1;1
258104852912;258104854109;1197;2,9;2;1;1
258104854109;258104855279;1170;2,9;2;1;1
258104855279;258104855424;145;2,9;2;1;1
258104855424;258104855799;375;2,9;2;1;1
258104855799;258104856422;623;2,9;2;1;1
258104856422;258104857795;1373;2,9;2;1;1
258104857795;258104857862;67;2,9;2;1;1
258104857862;258104857938;76;2,9;2;1;1
258104857938;258104858146;208;2,9;2;1;1
258104858146;258104858192;46;2,9;2;1;1
258104858192;258104858216;24;2,9;2;1;1
258104858216;258104858238;22;2,9;2;1;1
258104858238;258104858350;112;2,9;2;1;1
258104858350;258104858478;128;2,9;2;1;1
258104858478;258104858624;146;2,9;2;1;1
258104858624;258104859505;881;2,9;2;1;1
258104859505;258104864224;4719;9;1;1;1
258104864224;258104868839;4615;9;1;1;1
258104868839;258104873214;4375;9;1;1;1
258104873214;258104873435;221;9;1;1;1
258104873435;258104878834;5399;9;1;1;1
258104878834;258104878899;65;9;1;1;1
258104878899;258104878931;32;9;1;1;1
258104878931;258104904150;25219;9;1;1;1
258104904150;258104908634;4484;9;1;1;1
258104908634;258104908706;72;9;1;1;1
258104908706;258104908740;34;9;1;1;1
258104908740;258104908907;167;9;1;1;1
258104908907;258104921762;12855;9;1;1;1
258104921762;258104936960;15198;2,9;2;1;1
258104936960;258104937519;559;2,9;2;1;1
258104937519;258104938517;998;2,9;2;1;1
258104938517;258104941296;2779;2,9;2;1;1
258104941296;258104948381;7085;2,9;2;1;1
258104948381;258104951385;3004;9;1;1;1
258104951385;258104951653;268;9;1;1;1
258104951653;258104951682;29;9;1;1;1
258104951682;258104951915;233;9;1;1;1
258104951915;258104952053;138;9;1;1;1
258104952053;258104956821;4768;9;1;1;1
258104956821;258104957091;270;9;1;1;1
258104957091;258104957124;33;9;1;1;1
258104957124;258104957354;230;9;1;1;1
258104957354;258104957397;43;9;1;1;1
258104957397;258104957494;97;9;1;1;1
258104957494;258104957585;91;9;1;1;1
258104957585;258104957818;233;9;1;1;1
258104957818;258104958011;193;9;1;1;1
258104958011;258104958054;43;9;1;1;1
258104958054;258104961479;3425;9;1;1;1
258104961479;258104961665;186;9;1;1;1
258104961665;258104961896;231;9;1;1;1
258104961896;258104962072;176;9;1;1;1
258104962072;258104962340;268;9;1;1;1
258104962340;258104962672;332;9;1;1;1
258104962672;258104962879;207;9;1;1;1
258104962879;258104962955;76;9;1;1;1
258104962955;258104962981;26;9;1;1;1
258104962981;258104963299;318;9;1;1;1
258104963299;258104963652;353;9;1;1;1
258104963652;258104963701;49;9;1;1;1
258104963701;258104964452;751;9;1;1;1
258104964452;258104964514;62;9;1;1;1
258104964514;258104965117;603;9;1;1;1
258104965117;258104965147;30;9;1;1;1
258104965147;258104965271;124;9;1;1;1
258104965271;258104967105;1834;9;1;1;1
258104967105;258104970148;3043;9;1;1;1
258104970148;258104974372;4224;9;1;1;1
258104974372;258104975452;1080;2,9;2;1;1
258104975452;258104975797;345;2,9;2;1;1
258104975797;258104979065;3268;2,9;2;1;1
258104979065;258104980932;1867;2,9;2;1;1
258104980932;258104982429;1497;2,9;2;1;1
258104982429;258104986177;3748;9;1;1;1
258104986177;258104986240;63;9;1;1;1
258104986240;258104986251;11;9;1;1;1
258104986251;258104986275;24;9;1;1;1
258104986275;258104986853;578;9;1;1;1
258104986853;258104988242;1389;9;1;1;1
258104988242;258104989452;1210;2,9;2;1;1
258104989452;258104990628;1176;9;1;1;1
258104990628;258104992367;1739;2,9;2;1;1
258104992367;258104993235;868;2,9;2;1;1
258104993235;258104995561;2326;2,9;2;1;1
258104995561;258104996259;698;2,9;2;1;1
258104996259;258105000674;4415;2,9;2;1;1
258105000674;258105001782;1108;2,9;2;1;1
258105001782;258105001832;50;2,9;2;1;1
258105001832;258105001863;31;2,9;2;1;1
258105001863;258105002230;367;2,9;2;1;1
258105002230;258105002304;74;2,9;2;1;1
258105002304;258105002320;16;2,9;2;1;1
258105002320;258105002381;61;2,9;2;1;1
258105002381;258105003904;1523;2,9;2;1;1
258105003904;258105004407;503;2,9;2;1;1
258105004407;258105004602;195;2,9;2;1;1
258105004602;258105005277;675;2,9;2;1;1
258105005277;258105005779;502;9;1;1;1
258105005779;258105006485;706;2,9;2;1;1
258105006485;258105031978;25493;9;1;1;1
258105031978;258105041696;9718;9;1;1;1
258105041696;258105041913;217;9;1;1;1
258105041913;258105045623;3710;9;1;1;1
258105045623;258105045899;276;9;1;1;1
258105045899;258105045935;36;9;1;1;1
258105045935;258105046295;360;9;1;1;1
258105046295;258105046329;34;9;1;1;1
258105046329;258105046456;127;2,9;2;1;1
258105046456;258105049018;2562;2,9;2;1;1
258105049018;258105049601;583;2,9;2;1;1
258105049601;258105049918;317;2,9;2;1;1
258105049918;258105049954;36;2,9;2;1;1
258105049954;258105050081;127;2,9;2;1;1
258105050081;258105050173;92;2,9;2;1;1
258105050173;258105050217;44;2,9;2;1;1
258105050217;258105050280;63;2,9;2;1;1
258105050280;258105050332;52;2,9;2;1;1
258105050332;258105050358;26;2,9;2;1;1
258105050358;258105050378;20;2,9;2;1;1
258105050378;258105050469;91;2,9;2;1;1
258105050469;258105050599;130;2,9;2;1;1
258105050599;258105050604;5;2,9;2;1;1
258105050604;258105050710;106;2,9;2;1;1
258105050710;258105050789;79;2,9;2;1;1
258105050789;258105050833;44;2,9;2;1;1
258105050833;258105050838;5;2,9;2;1;1
258105050838;258105050908;70;2,9;2;1;1
258105050908;258105050964;56;2,9;2;1;1
258105050964;258105051004;40;2,9;2;1;1
258105051004;258105051215;211;2,9;2;1;1
258105051215;258105055531;4316;2,9;2;1;1
258105055531;258105057995;2464;2,9;2;1;1
258105057995;258105063514;5519;2,9;2;1;1
258105063514;258105066809;3295;2,9;2;1;1
258105066809;258105067054;245;2,9;2;1;1
258105067054;258105069504;2450;2,9;2;1;1
258105069504;258105069555;51;2,9;2;1;1
258105069555;258105069605;50;2,9;2;1;1
258105069605;258105069658;53;2,9;2;1;1
258105069658;258105069692;34;2,9;2;1;1
258105069692;258105069715;23;2,9;2;1;1
258105069715;258105071575;1860;2,9;2;1;1
258105071575;258105071623;48;2,9;2;1;1
258105071623;258105071650;27;2,9;2;1;1
258105071650;258105071793;143;2,9;2;1;1
258105071793;258105071927;134;2,9;2;1;1
258105071927;258105072099;172;2,9;2;1;1
258105072099;258105072284;185;2,9;2;1;1
258105072284;258105072311;27;2,9;2;1;1
258105072311;258105072514;203;2,9;2;1;1
258105072514;258105072555;41;2,9;2;1;1
258105072555;258105074175;1620;2,9;2;1;1
258105074175;258105077195;3020;2,9;2;1;1
258105077195;258105081731;4536;2,9;2;1;1
258105081731;258105083557;1826;2,9;2;1;1
258105083557;258105085861;2304;2,9;2;1;1
258105085861;258105086887;1026;2,9;2;1;1
258105086887;258105087006;119;2,9;2;1;1
258105087006;258105087487;481;2,9;2;1;1
258105087487;258105087500;13;2,9;2;1;1
258105087500;258105087533;33;2,9;2;1;1
258105087533;258105087621;88;2,9;2;1;1
258105087621;258105087636;15;2,9;2;1;1
258105087636;258105087733;97;2,9;2;1;1
258105087733;258105088013;280;2,9;2;1;1
258105088013;258105088212;199;2,9;2;1;1
258105088212;258105088379;167;2,9;2;1;1
258105088379;258105088863;484;2,9;2;1;1
258105088863;258105089133;270;9;1;1;1
258105089133;258105089163;30;9;1;1;1
258105089163;258105089273;110;9;1;1;1
258105089273;258105089385;112;9;1;1;1
258105089385;258105089522;137;9;1;1;1
258105089522;258105089910;388;9;1;1;1
258105089910;258105092235;2325;9;1;1;1
258105092235;258105092254;19;9;1;1;1
258105092254;258105092406;152;9;1;1;1
258105092406;258105092505;99;9;1;1;1
258105092505;258105092532;27;9;1;1;1
258105092532;258105092566;34;9;1;1;1
258105092566;258105092763;197;9;1;1;1
258105092763;258105092769;6;9;1;1;1
258105092769;258105092883;114;9;1;1;1
258105092883;258105092937;54;9;1;1;1
258105092937;258105092967;30;9;1;1;1
258105092967;258105093037;70;9;1;1;1
258105093037;258105093065;28;9;1;1;1
258105093065;258105093264;199;9;1;1;1
258105093264;258105093298;34;9;1;1;1
258105093298;258105093480;182;9;1;1;1
258105093480;258105093630;150;9;1;1;1
258105093630;258105093668;38;9;1;1;1
258105093668;258105093761;93;9;1;1;1
258105093761;258105093881;120;9;1;1;1
258105093881;258105094001;120;9;1;1;1
258105094001;258105094476;475;9;1;1;1
258105094476;258105098304;3828;9;1;1;1
258105098304;258105098788;484;9;1;1;1
258105098788;258105103526;4738;9;1;1;1
258105103526;258105103859;333;9;1;1;1
258105103859;258105104174;315;9;1;1;1
258105104174;258105104225;51;9;1;1;1
258105104225;258105104275;50;9;1;1;1
258105104275;258105104348;73;9;1;1;1
258105104348;258105104358;10;9;1;1;1
258105104358;258105104374;16;9;1;1;1
258105104374;258105104436;62;9;1;1;1
258105104436;258105104443;7;9;1;1;1
258105104443;258105105465;1022;9;1;1;1
258105105465;258105107381;1916;9;1;1;1
258105107381;258105107719;338;9;1;1;1
258105107719;258105107772;53;9;1;1;1
258105107772;258105107808;36;9;1;1;1
258105107808;258105109413;1605;9;1;1;1
258105109413;258105115829;6416;9;1;1;1
258105115829;258105116467;638;9;1;1;1
258105116467;258105116965;498;9;1;1;1
258105116965;258105116973;8;9;1;1;1
258105116973;258105117055;82;9;1;1;1
258105117055;258105117277;222;9;1;1;1
258105117277;258105117348;71;9;1;1;1
258105117348;258105118020;672;9;1;1;1
258105118020;258105120738;2718;9;1;1;1
258105120738;258105120927;189;9;1;1;1
258105120927;258105121064;137;9;1;1;1
258105121064;258105121130;66;9;1;1;1
258105121130;258105121515;385;9;1;1;1
258105121515;258105124350;2835;9;1;1;1
258105124350;258105126631;2281;9;1;1;1
258105126631;258105127209;578;9;1;1;1
258105127209;258105127383;174;9;1;1;1
258105127383;258105128668;1285;9;1;1;1
258105128668;258105129592;924;9;1;1;1
258105129592;258105138689;9097;9;1;1;1
258105138689;258105139307;618;9;1;1;1
258105139307;258105140048;741;9;1;1;1
258105140048;258105141076;1028;9;1;1;1
258105141076;258105142260;1184;2,9;2;1;1
258105142260;258105143898;1638;2,9;2;1;1
258105143898;258105144628;730;2,9;2;1;1
258105144628;258105150675;6047;2,9;2;1;1
258105150675;258105152960;2285;2,9;2;1;1
258105152960;258105153347;387;2,9;2;1;1
258105153347;258105154938;1591;2,9;2;1;1
258105154938;258105157746;2808;2,9;2;1;1
258105157746;258105158227;481;2,9;2;1;1
258105158227;258105159881;1654;2,9;2;1;1
258105159881;258105160179;298;2,9;2;1;1
258105160179;258105160317;138;2,9;2;1;1
258105160317;258105160319;2;2,9;2;1;1
258105160319;258105160478;159;2,9;2;1;1
258105160478;258105160862;384;2,9;2;1;1
258105160862;258105160913;51;2,9;2;1;1
258105160913;258105161142;229;2,9;2;1;1
258105161142;258105161188;46;2,9;2;1;1
258105161188;258105161351;163;2,9;2;1;1
258105161351;258105164259;2908;2,9;2;1;1
258105164259;258105165553;1294;2,9;2;1;1
258105165553;258105169468;3915;2,9;2;1;1
258105169468;258105169518;50;2,9;2;1;1
258105169518;258105171074;1556;2,9;2;1;1
258105171074;258105172989;1915;2,9;2;1;1
258105172989;258105173034;45;2,9;2;1;1
258105173034;258105173089;55;2,9;2;1;1
258105173089;258105173090;1;2,9;2;1;1
258105173090;258105173266;176;2,9;2;1;1
258105173266;258105173427;161;2,9;2;1;1
258105173427;258105173460;33;2,9;2;1;1
258105173460;258105173505;45;2,9;2;1;1
258105173505;258105173568;63;2,9;2;1;1
258105173568;258105173609;41;2,9;2;1;1
258105173609;258105173797;188;2,9;2;1;1
258105173797;258105174390;593;2,9;2;1;1
258105174390;258105175952;1562;2,9;2;1;1
258105175952;258105176204;252;2,9;2;1;1
258105176204;258105179544;3340;2,9;2;1;1
258105179544;258105180525;981;2,9;2;1;1
258105180525;258105185305;4780;2,9;2;1;1
258105185305;258105185600;295;2,9;2;1;1
258105185600;258105185704;104;2,9;2;1;1
258105185704;258105185891;187;2,9;2;1;1
258105185891;258105186520;629;2,9;2;1;1
258105186520;258105187473;953;2,9;2;1;1
258105187473;258105188305;832;2,9;2;1;1
258105188305;258105188952;647;2,9;2;1;1
258105188952;258105189630;678;2,9;2;1;1
258105189630;258105197373;7743;2,9;2;1;1
258105197373;258105198105;732;9;1;1;1
258105198105;258105198191;86;9;1;1;1
258105198191;258105198225;34;9;1;1;1
258105198225;258105198432;207;9;1;1;1
258105198432;258105198498;66;9;1;1;1
258105198498;258105205384;6886;9;1;1;1
258105205384;258105205778;394;9;1;1;1
258105205778;258105205936;158;9;1;1;1
258105205936;258105206342;406;9;1;1;1
258105206342;258105206556;214;9;1;1;1
258105206556;258105206682;126;9;1;1;1
258105206682;258105206724;42;9;1;1;1
258105206724;258105206753;29;9;1;1;1
258105206753;258105206897;144;9;1;1;1
258105206897;258105207230;333;9;1;1;1
258105207230;258105208569;1339;9;1;1;1
258105208569;258105208679;110;9;1;1;1
258105208679;258105212078;3399;9;1;1;1
258105212078;258105214313;2235;9;1;1;1
258105214313;258105214363;50;9;1;1;1
258105214363;258105214376;13;9;1;1;1
258105214376;258105214396;20;9;1;1;1
258105214396;258105214564;168;9;1;1;1
258105214564;258105214999;435;9;1;1;1
258105214999;258105218206;3207;9;1;1;1
258105218206;258105218243;37;9;1;1;1
258105218243;258105218349;106;9;1;1;1
258105218349;258105218487;138;9;1;1;1
258105218487;258105218532;45;9;1;1;1
258105218532;258105218572;40;9;1;1;1
258105218572;258105218577;5;9;1;1;1
258105218577;258105218728;151;9;1;1;1
258105218728;258105218895;167;9;1;1;1
258105218895;258105219071;176;9;1;1;1
258105219071;258105219570;499;9;1;1;1
258105219570;258105228707;9137;9;1;1;1
258105228707;258105229035;328;9;1;1;1
258105229035;258105229755;720;9;1;1;1
258105229755;258105240428;10673;9;1;1;1
258105240428;258105251947;11519;9;1;1;1
258105251947;258105256214;4267;9;1;1;1
258105256214;258105257840;1626;2,9;2;1;1
258105257840;258105260660;2820;2,9;2;1;1
258105260660;258105261596;936;2,9;2;1;1
258105261596;258105261604;8;2,9;2;1;1
258105261604;258105261656;52;2,9;2;1;1
258105261656;258105261943;287;2,9;2;1;1
258105261943;258105270034;8091;2,9;2;1;1
258105270034;258105272300;2266;2,9;2;1;1
258105272300;258105273728;1428;2,9;2;1;1
258105273728;258105278395;4667;2,9;2;1;1
258105278395;258105278402;7;2,9;2;1;1
258105278402;258105278462;60;2,9;2;1;1
258105278462;258105278672;210;2,9;2;1;1
258105278672;258105278708;36;2,9;2;1;1
258105278708;258105278802;94;2,9;2;1;1
258105278802;258105278923;121;2,9;2;1;1
258105278923;258105279163;240;2,9;2;1;1
258105279163;258105279287;124;2,9;2;1;1
258105279287;258105279409;122;2,9;2;1;1
258105279409;258105282107;2698;2,9;2;1;1
258105282107;258105283406;1299;2,9;2;1;1
258105283406;258105284303;897;2,9;2;1;1
258105284303;258105287543;3240;2,9;2;1;1
258105287543;258105288739;1196;2,9;2;1;1
258105288739;258105289008;269;2,9;2;1;1
258105289008;258105294429;5421;2,9;2;1;1
258105294429;258105294557;128;2,9;2;1;1
258105294557;258105294820;263;2,9;2;1;1
258105294820;258105294899;79;2,9;2;1;1
258105294899;258105295624;725;2,9;2;1;1
258105295624;258105295671;47;2,9;2;1;1
258105295671;258105295709;38;2,9;2;1;1
258105295709;258105295747;38;2,9;2;1;1
258105295747;258105298823;3076;2,9;2;1;1
258105298823;258105299378;555;2,9;2;1;1
258105299378;258105299424;46;2,9;2;1;1
258105299424;258105299460;36;2,9;2;1;1
258105299460;258105299496;36;2,9;2;1;1
258105299496;258105299923;427;2,9;2;1;1
258105299923;258105299930;7;2,9;2;1;1
258105299930;258105299966;36;2,9;2;1;1
258105299966;258105300537;571;2,9;2;1;1
258105300537;258105301216;679;2,9;2;1;1
258105301216;258105301880;664;2,9;2;1;1
258105301880;258105304459;2579;2,9;2;1;1
258105304459;258105305342;883;2,9;2;1;1
258105305342;258105305634;292;2,9;2;1;1
258105305634;258105306141;507;2,9;2;1;1
258105306141;258105306754;613;2,9;2;1;1
258105306754;258105307816;1062;2,9;2;1;1
258105307816;258105315808;7992;2,9;2;1;1
258105315808;258105315844;36;2,9;2;1;1
258105315844;258105315912;68;2,9;2;1;1
258105315912;258105316237;325;2,9;2;1;1
258105316237;258105320197;3960;2,9;2;1;1
258105320197;258105332772;12575;9;1;1;1
258105332772;258105337508;4736;2,9;2;1;1
258105337508;258105338603;1095;2,9;2;1;1
258105338603;258105343760;5157;2,9;2;1;1
258105343760;258105358608;14848;2,9;2;1;1
258105358608;258105364047;5439;2,9;2;1;1
258105364047;258105364978;931;2,9;2;1;1
258105364978;258105365766;788;2,9;2;1;1
258105365766;258105366695;929;2,9;2;1;1
258105366695;258105371354;4659;2,9;2;1;1
258105371354;258105372022;668;2,9;2;1;1
258105372022;258105372186;164;2,9;2;1;1
258105372186;258105375966;3780;2,9;2;1;1
258105375966;258105377250;1284;2,9;2;1;1
258105377250;258105377416;166;2,9;2;1;1
258105377416;258105378009;593;2,9;2;1;1
258105378009;258105378427;418;2,9;2;1;1
258105378427;258105378462;35;2,9;2;1;1
258105378462;258105378505;43;2,9;2;1;1
258105378505;258105378547;42;2,9;2;1;1
258105378547;258105378598;51;2,9;2;1;1
258105378598;258105378640;42;2,9;2;1;1
258105378640;258105378680;40;2,9;2;1;1
258105378680;258105385374;6694;2,9;2;1;1
258105385374;258105385986;612;2,9;2;1;1
258105385986;258105386302;316;2,9;2;1;1
258105386302;258105401814;15512;2,9;2;1;1
258105401814;258105413494;11680;9;1;1;1
258105413494;258105413947;453;9;1;1;1
258105413947;258105417157;3210;9;1;1;1
258105417157;258105417500;343;9;1;1;1
258105417500;258105417566;66;9;1;1;1
258105417566;258105417900;334;9;1;1;1
258105417900;258105417934;34;9;1;1;1
258105417934;258105418041;107;9;1;1;1
258105418041;258105418112;71;9;1;1;1
258105418112;258105418133;21;9;1;1;1
258105418133;258105418147;14;9;1;1;1
258105418147;258105418228;81;9;1;1;1
258105418228;258105418288;60;9;1;1;1
258105418288;258105418318;30;9;1;1;1
258105418318;258105418420;102;9;1;1;1
258105418420;258105423593;5173;9;1;1;1
258105423593;258105423692;99;9;1;1;1
258105423692;258105423701;9;9;1;1;1
258105423701;258105423929;228;9;1;1;1
258105423929;258105424316;387;9;1;1;1
258105424316;258105424993;677;9;1;1;1
258105424993;258105428580;3587;9;1;1;1
258105428580;258105428600;20;9;1;1;1
258105428600;258105428887;287;9;1;1;1
258105428887;258105429664;777;9;1;1;1
258105429664;258105429749;85;9;1;1;1
258105429749;258105429779;30;9;1;1;1
258105429779;258105430022;243;9;1;1;1
258105430022;258105430480;458;9;1;1;1
258105430480;258105430672;192;9;1;1;1
258105430672;258105430936;264;9;1;1;1
258105430936;258105431149;213;9;1;1;1
258105431149;258105431249;100;9;1;1;1
258105431249;258105431869;620;9;1;1;1
258105431869;258105432349;480;9;1;1;1
258105432349;258105432385;36;9;1;1;1
258105432385;258105433712;1327;9;1;1;1
258105433712;258105435486;1774;2,9;2;1;1
258105435486;258105437525;2039;2,9;2;1;1
258105437525;258105439397;1872;2,9;2;1;1
258105439397;258105440886;1489;2,9;2;1;1
258105440886;258105441396;510;2,9;2;1;1
258105441396;258105441431;35;2,9;2;1;1
258105441431;258105441466;35;2,9;2;1;1
258105441466;258105441631;165;2,9;2;1;1
258105441631;258105444255;2624;2,9;2;1;1
258105444255;258105447049;2794;2,9;2;1;1
258105447049;258105447164;115;2,9;2;1;1
258105447164;258105452004;4840;2,9;2;1;1
258105452004;258105452041;37;2,9;2;1;1
258105452041;258105452432;391;2,9;2;1;1
258105452432;258105452449;17;2,9;2;1;1
258105452449;258105452555;106;2,9;2;1;1
258105452555;258105452661;106;2,9;2;1;1
258105452661;258105452752;91;2,9;2;1;1
258105452752;258105453164;412;2,9;2;1;1
258105453164;258105457014;3850;2,9;2;1;1
258105457014;258105457409;395;2,9;2;1;1
258105457409;258105457499;90;2,9;2;1;1
258105457499;258105457527;28;2,9;2;1;1
258105457527;258105457629;102;2,9;2;1;1
258105457629;258105457780;151;2,9;2;1;1
258105457780;258105458167;387;2,9;2;1;1
258105458167;258105458221;54;2,9;2;1;1
258105458221;258105458305;84;2,9;2;1;1
258105458305;258105458472;167;2,9;2;1;1
258105458472;258105458520;48;2,9;2;1;1
258105458520;258105458886;366;2,9;2;1;1
258105458886;258105458956;70;2,9;2;1;1
258105458956;258105459196;240;2,9;2;1;1
258105459196;258105459565;369;2,9;2;1;1
258105459565;258105459769;204;2,9;2;1;1
258105459769;258105459810;41;2,9;2;1;1
258105459810;258105459882;72;2,9;2;1;1
258105459882;258105460040;158;2,9;2;1;1
258105460040;258105461717;1677;2,9;2;1;1
258105461717;258105466275;4558;2,9;2;1;1
258105466275;258105467275;1000;2,9;2;1;1
258105467275;258105468603;1328;2,9;2;1;1
258105468603;258105468673;70;2,9;2;1;1
258105468673;258105477267;8594;2,9;2;1;1
258105477267;258105479020;1753;2,9;2;1;1
258105479020;258105480154;1134;2,9;2;1;1
258105480154;258105482007;1853;2,9;2;1;1
258105482007;258105482317;310;2,9;2;1;1
258105482317;258105482914;597;2,9;2;1;1
258105482914;258105483625;711;2,9;2;1;1
258105483625;258105483904;279;2,9;2;1;1
258105483904;258105484198;294;2,9;2;1;1
258105484198;258105484772;574;2,9;2;1;1
258105484772;258105486607;1835;9;1;1;1
258105486607;258105486903;296;9;1;1;1
258105486903;258105512886;25983;9;1;1;1
258105512886;258105513140;254;9;1;1;1
258105513140;258105513191;51;9;1;1;1
258105513191;258105513217;26;9;1;1;1
258105513217;258105513240;23;9;1;1;1
258105513240;258105513618;378;9;1;1;1
258105513618;258105514740;1122;9;1;1;1
258105514740;258105514756;16;9;1;1;1
258105514756;258105516407;1651;9;1;1;1
258105516407;258105526929;10522;9;1;1;1
258105526929;258105533261;6332;9;1;1;1
258105533261;258105537465;4204;9;1;1;1
258105537465;258105537710;245;9;1;1;1
258105537710;258105538015;305;9;1;1;1
258105538015;258105538445;430;9;1;1;1
258105538445;258105538474;29;9;1;1;1
258105538474;258105542005;3531;9;1;1;1
258105542005;258105542049;44;9;1;1;1
258105542049;258105542126;77;9;1;1;1
258105542126;258105542153;27;9;1;1;1
258105542153;258105542309;156;9;1;1;1
258105542309;258105542491;182;9;1;1;1
258105542491;258105542659;168;9;1;1;1
258105542659;258105542688;29;9;1;1;1
258105542688;258105542732;44;9;1;1;1
258105542732;258105542847;115;9;1;1;1
258105542847;258105550539;7692;9;1;1;1
258105550539;258105551426;887;9;1;1;1
258105551426;258105559787;8361;2,9;2;1;1
258105559787;258105559994;207;2,9;2;1;1
258105559994;258105564073;4079;2,9;2;1;1
258105564073;258105575015;10942;2,9;2;1;1
258105575015;258105577764;2749;2,9;2;1;1
258105577764;258105577938;174;2,9;2;1;1
258105577938;258105580000;2062;2,9;2;1;1
258105580000;258105582274;2274;2,9;2;1;1
258105582274;258105585709;3435;2,9;2;1;1
258105585709;258105588279;2570;2,9;2;1;1
258105588279;258105588287;8;2,9;2;1;1
258105588287;258105588314;27;2,9;2;1;1
258105588314;258105588369;55;2,9;2;1;1
258105588369;258105588882;513;2,9;2;1;1
258105588882;258105588893;11;2,9;2;1;1
258105588893;258105589034;141;2,9;2;1;1
258105589034;258105590503;1469;2,9;2;1;1
258105590503;258105590979;476;2,9;2;1;1
258105590979;258105591781;802;2,9;2;1;1
258105591781;258105593688;1907;2,9;2;1;1
258105593688;258105593900;212;2,9;2;1;1
258105593900;258105598385;4485;2,9;2;1;1
258105598385;258105599498;1113;2,9;2;1;1
258105599498;258105599527;29;2,9;2;1;1
258105599527;258105600516;989;2,9;2;1;1
258105600516;258105600537;21;9;1;1;1
258105600537;258105600699;162;9;1;1;1
258105600699;258105601670;971;9;1;1;1
258105601670;258105604705;3035;9;1;1;1
258105604705;258105604723;18;9;1;1;1
258105604723;258105604748;25;9;1;1;1
258105604748;258105604822;74;9;1;1;1
258105604822;258105604889;67;9;1;1;1
258105604889;258105604914;25;9;1;1;1
258105604914;258105604967;53;9;1;1;1
258105604967;258105605085;118;9;1;1;1
258105605085;258105605111;26;9;1;1;1
258105605111;258105605178;67;9;1;1;1
258105605178;258105607201;2023;9;1;1;1
258105607201;258105607233;32;9;1;1;1
258105607233;258105607361;128;9;1;1;1
258105607361;258105607363;2;9;1;1;1
258105607363;258105607365;2;9;1;1;1
258105607365;258105607559;194;9;1;1;1
258105607559;258105607600;41;9;1;1;1
258105607600;258105607729;129;9;1;1;1
258105607729;258105608199;470;9;1;1;1
258105608199;258105616538;8339;9;1;1;1
258105616538;258105621811;5273;9;1;1;1
258105621811;258105623550;1739;9;1;1;1
258105623550;258105625491;1941;9;1;1;1
258105625491;258105625549;58;9;1;1;1
258105625549;258105626056;507;9;1;1;1
258105626056;258105626073;17;9;1;1;1
258105626073;258105626092;19;9;1;1;1
258105626092;258105626465;373;9;1;1;1
258105626465;258105626706;241;9;1;1;1
258105626706;258105638054;11348;9;1;1;1
258105638054;258105638104;50;9;1;1;1
258105638104;258105638164;60;9;1;1;1
258105638164;258105638177;13;9;1;1;1
258105638177;258105638971;794;9;1;1;1
258105638971;258105647079;8108;9;1;1;1
258105647079;258105648838;1759;2,9;2;1;1
258105648838;258105650862;2024;2,9;2;1;1
258105650862;258105650929;67;2,9;2;1;1
258105650929;258105650995;66;2,9;2;1;1
258105650995;258105653846;2851;2,9;2;1;1
258105653846;258105666446;12600;2,9;2;1;1
258105666446;258105666519;73;2,9;2;1;1
258105666519;258105667588;1069;2,9;2;1;1
258105667588;258105668253;665;2,9;2;1;1
258105668253;258105673334;5081;2,9;2;1;1
258105673334;258105680635;7301;2,9;2;1;1
258105680635;258105680782;147;2,9;2;1;1
258105680782;258105682797;2015;2,9;2;1;1
258105682797;258105685125;2328;2,9;2;1;1
258105685125;258105685441;316;2,9;2;1;1
258105685441;258105685495;54;2,9;2;1;1
258105685495;258105685734;239;2,9;2;1;1
258105685734;258105685762;28;2,9;2;1;1
258105685762;258105685834;72;2,9;2;1;1
258105685834;258105686545;711;2,9;2;1;1
258105686545;258105686972;427;2,9;2;1;1
258105686972;258105688468;1496;2,9;2;1;1
258105688468;258105689607;1139;2,9;2;1;1
258105689607;258105690221;614;2,9;2;1;1
258105690221;258105691317;1096;2,9;2;1;1
258105691317;258105696686;5369;9;1;1;1
258105696686;258105696856;170;9;1;1;1
258105696856;258105713451;16595;9;1;1;1
258105713451;258105738838;25387;9;1;1;1
258105738838;258105748614;9776;9;1;1;1
258105748614;258105748761;147;9;1;1;1
258105748761;258105753992;5231;9;1;1;1
258105753992;258105755493;1501;2,9;2;1;1
258105755493;258105761626;6133;2,9;2;1;1
258105761626;258105763673;2047;2,9;2;1;1
258105763673;258105768171;4498;2,9;2;1;1
258105768171;258105770854;2683;2,9;2;1;1
258105770854;258105773680;2826;2,9;2;1;1
258105773680;258105780189;6509;2,9;2;1;1
258105780189;258105786047;5858;2,9;2;1;1
258105786047;258105788979;2932;2,9;2;1;1
258105788979;258105790345;1366;2,9;2;1;1
258105790345;258105790600;255;2,9;2;1;1
258105790600;258105790730;130;2,9;2;1;1
258105790730;258105790799;69;2,9;2;1;1
258105790799;258105791204;405;2,9;2;1;1
258105791204;258105791246;42;2,9;2;1;1
258105791246;258105791874;628;2,9;2;1;1
258105791874;258105791924;50;2,9;2;1;1
258105791924;258105791978;54;2,9;2;1;1
258105791978;258105796069;4091;2,9;2;1;1
258105796069;258105796147;78;2,9;2;1;1
258105796147;258105796244;97;2,9;2;1;1
258105796244;258105796350;106;2,9;2;1;1
258105796350;258105796428;78;2,9;2;1;1
258105796428;258105797169;741;2,9;2;1;1
258105797169;258105797449;280;2,9;2;1;1
258105797449;258105798002;553;2,9;2;1;1
258105798002;258105798449;447;2,9;2;1;1
258105798449;258105798616;167;2,9;2;1;1
258105798616;258105798641;25;2,9;2;1;1
258105798641;258105798743;102;2,9;2;1;1
258105798743;258105798788;45;2,9;2;1;1
258105798788;258105798806;18;2,9;2;1;1
258105798806;258105798845;39;2,9;2;1;1
258105798845;258105799018;173;2,9;2;1;1
258105799018;258105799195;177;2,9;2;1;1
258105799195;258105799299;104;2,9;2;1;1
258105799299;258105799505;206;2,9;2;1;1
258105799505;258105799576;71;2,9;2;1;1
258105799576;258105799607;31;2,9;2;1;1
258105799607;258105799868;261;2,9;2;1;1
258105799868;258105800466;598;2,9;2;1;1
258105800466;258105800592;126;2,9;2;1;1
258105800592;258105800908;316;2,9;2;1;1
258105800908;258105805644;4736;2,9;2;1;1
258105805644;258105807579;1935;2,9;2;1;1
258105807579;258105811660;4081;9;1;1;1
258105811660;258105837601;25941;9;1;1;1
258105837601;258105837634;33;9;1;1;1
258105837634;258105837651;17;9;1;1;1
258105837651;258105837928;277;9;1;1;1
258105837928;258105838010;82;9;1;1;1
258105838010;258105838140;130;9;1;1;1
258105838140;258105838621;481;9;1;1;1
258105838621;258105840090;1469;9;1;1;1
258105840090;258105840176;86;9;1;1;1
258105840176;258105840305;129;9;1;1;1
258105840305;258105840398;93;9;1;1;1
258105840398;258105840514;116;9;1;1;1
258105840514;258105840775;261;9;1;1;1
258105840775;258105841108;333;9;1;1;1
258105841108;258105862125;21017;9;1;1;1
258105862125;258105862148;23;9;1;1;1
258105862148;258105862202;54;9;1;1;1
258105862202;258105862252;50;9;1;1;1
258105862252;258105862302;50;9;1;1;1
258105862302;258105862353;51;9;1;1;1
258105862353;258105862402;49;9;1;1;1
258105862402;258105863037;635;9;1;1;1
258105863037;258105865482;2445;2,9;2;1;1
258105865482;258105865937;455;2,9;2;1;1
258105865937;258105866076;139;2,9;2;1;1
258105866076;258105866130;54;2,9;2;1;1
258105866130;258105866163;33;2,9;2;1;1
258105866163;258105866205;42;2,9;2;1;1
258105866205;258105867488;1283;2,9;2;1;1
258105867488;258105867516;28;2,9;2;1;1
258105867516;258105867543;27;2,9;2;1;1
258105867543;258105868878;1335;2,9;2;1;1
258105868878;258105871604;2726;2,9;2;1;1
258105871604;258105871767;163;2,9;2;1;1
258105871767;258105871783;16;2,9;2;1;1
258105871783;258105871836;53;2,9;2;1;1
258105871836;258105871895;59;2,9;2;1;1
258105871895;258105872019;124;2,9;2;1;1
258105872019;258105872025;6;2,9;2;1;1
258105872025;258105872065;40;2,9;2;1;1
258105872065;258105872244;179;2,9;2;1;1
258105872244;258105872331;87;2,9;2;1;1
258105872331;258105872425;94;2,9;2;1;1
258105872425;258105872628;203;2,9;2;1;1
258105872628;258105872630;2;2,9;2;1;1
258105872630;258105872666;36;2,9;2;1;1
258105872666;258105872694;28;2,9;2;1;1
258105872694;258105872790;96;2,9;2;1;1
258105872790;258105872845;55;2,9;2;1;1
258105872845;258105872870;25;2,9;2;1;1
258105872870;258105872886;16;2,9;2;1;1
258105872886;258105872896;10;2,9;2;1;1
258105872896;258105873091;195;2,9;2;1;1
258105873091;258105882463;9372;2,9;2;1;1
258105882463;258105883091;628;2,9;2;1;1
258105883091;258105883112;21;2,9;2;1;1
258105883112;258105883719;607;2,9;2;1;1
258105883719;258105884221;502;2,9;2;1;1
258105884221;258105884255;34;2,9;2;1;1
258105884255;258105888416;4161;2,9;2;1;1
258105888416;258105892416;4000;2,9;2;1;1
258105892416;258105897393;4977;2,9;2;1;1
258105897393;258105899121;1728;2,9;2;1;1
258105899121;258105899480;359;2,9;2;1;1
258105899480;258105899607;127;2,9;2;1;1
258105899607;258105900218;611;2,9;2;1;1
258105900218;258105901001;783;2,9;2;1;1
258105901001;258105901669;668;2,9;2;1;1
258105901669;258105904506;2837;2,9;2;1;1
258105904506;258105907036;2530;9;1;1;1
258105907036;258105915547;8511;9;1;1;1
258105915547;258105915583;36;9;1;1;1
258105915583;258105916011;428;9;1;1;1
258105916011;258105916046;35;9;1;1;1
258105916046;258105916069;23;9;1;1;1
258105916069;258105916978;909;9;1;1;1
258105916978;258105920051;3073;9;1;1;1
258105920051;258105920137;86;9;1;1;1
258105920137;258105920171;34;9;1;1;1
258105920171;258105920234;63;9;1;1;1
258105920234;258105920328;94;9;1;1;1
258105920328;258105920338;10;9;1;1;1
258105920338;258105920498;160;9;1;1;1
258105920498;258105920534;36;9;1;1;1
258105920534;258105920604;70;9;1;1;1
258105920604;258105920759;155;9;1;1;1
258105920759;258105930827;10068;9;1;1;1
258105930827;258105930856;29;9;1;1;1
258105930856;258105930913;57;9;1;1;1
258105930913;258105931119;206;9;1;1;1
258105931119;258105931136;17;9;1;1;1
258105931136;258105931513;377;9;1;1;1
258105931513;258105931567;54;9;1;1;1
258105931567;258105931580;13;9;1;1;1
258105931580;258105931914;334;9;1;1;1
258105931914;258105939932;8018;9;1;1;1
258105939932;258105943424;3492;9;1;1;1
258105943424;258105948692;5268;9;1;1;1
258105948692;258105956663;7971;9;1;1;1
258105956663;258105957402;739;9;1;1;1
258105957402;258105957553;151;9;1;1;1
258105957553;258105957971;418;9;1;1;1
258105957971;258105958044;73;9;1;1;1
258105958044;258105961779;3735;9;1;1;1
258105961779;258105962060;281;9;1;1;1
258105962060;258105962226;166;9;1;1;1
258105962226;258105962306;80;9;1;1;1
258105962306;258105962315;9;9;1;1;1
258105962315;258105962458;143;9;1;1;1
258105962458;258105962541;83;9;1;1;1
258105962541;258105962588;47;9;1;1;1
258105962588;258105962614;26;9;1;1;1
258105962614;258105962700;86;9;1;1;1
258105962700;258105962726;26;9;1;1;1
258105962726;258105962789;63;9;1;1;1
258105962789;258105962911;122;9;1;1;1
258105962911;258105963011;100;9;1;1;1
258105963011;258105963116;105;9;1;1;1
258105963116;258105963300;184;9;1;1;1
258105963300;258105963456;156;9;1;1;1
258105963456;258105963489;33;9;1;1;1
258105963489;258105963679;190;9;1;1;1
258105963679;258105964366;687;9;1;1;1
258105964366;258105965703;1337;9;1;1;1
258105965703;258105966236;533;2,9;2;1;1
258105966236;258105971080;4844;9;1;1;1
258105971080;258105972513;1433;9;1;1;1
258105972513;258105973936;1423;9;1;1;1
258105973936;258105973969;33;9;1;1;1
258105973969;258105973992;23;9;1;1;1
258105973992;258105974043;51;9;1;1;1
258105974043;258105974125;82;9;1;1;1
258105974125;258105974177;52;9;1;1;1
258105974177;258105974229;52;9;1;1;1
258105974229;258105975892;1663;9;1;1;1
258105975892;258105976413;521;9;1;1;1
258105976413;258105977711;1298;9;1;1;1
258105977711;258105985602;7891;9;1;1;1
258105985602;258105985816;214;9;1;1;1
258105985816;258106001549;15733;9;1;1;1
258106001549;258106006880;5331;9;1;1;1
258106006880;258106011507;4627;9;1;1;1
258106011507;258106011906;399;9;1;1;1
258106011906;258106021021;9115;9;1;1;1
258106021021;258106021071;50;9;1;1;1
258106021071;258106027593;6522;9;1;1;1
258106027593;258106027840;247;9;1;1;1
258106027840;258106028248;408;9;1;1;1
258106028248;258106028344;96;9;1;1;1
258106028344;258106028379;35;9;1;1;1
258106028379;258106028417;38;9;1;1;1
258106028417;258106028461;44;9;1;1;1
258106028461;258106028531;70;9;1;1;1
258106028531;258106028570;39;9;1;1;1
258106028570;258106028718;148;9;1;1;1
258106028718;258106036978;8260;9;1;1;1
258106036978;258106037808;830;2,9;2;1;1
258106037808;258106039813;2005;9;1;1;1
258106039813;258106040048;235;2,9;2;1;1
258106040048;258106044751;4703;2,9;2;1;1
258106044751;258106045998;1247;9;1;1;1
258106045998;258106047343;1345;2,9;2;1;1
258106047343;258106048836;1493;9;1;1;1
258106048836;258106050308;1472;9;1;1;1
258106050308;258106052673;2365;2,9;2;1;1
258106052673;258106053035;362;2,9;2;1;1
258106053035;258106055760;2725;2,9;2;1;1
258106055760;258106056610;850;2,9;2;1;1
258106056610;258106057406;796;2,9;2;1;1
258106057406;258106057718;312;9;1;1;1
258106057718;258106058170;452;2,9;2;1;1
258106058170;258106058226;56;2,9;2;1;1
258106058226;258106061265;3039;2,9;2;1;1
258106061265;258106061353;88;2,9;2;1;1
258106061353;258106062159;806;2,9;2;1;1
258106062159;258106062461;302;2,9;2;1;1
258106062461;258106063072;611;2,9;2;1;1
258106063072;258106063155;83;2,9;2;1;1
258106063155;258106067503;4348;9;1;1;1
258106067503;258106068658;1155;2,9;2;1;1
258106068658;258106071134;2476;9;1;1;1
258106071134;258106071157;23;2,9;2;1;1
258106071157;258106071223;66;2,9;2;1;1
258106071223;258106071309;86;2,9;2;1;1
258106071309;258106071370;61;2,9;2;1;1
258106071370;258106071714;344;2,9;2;1;1
258106071714;258106072128;414;9;1;1;1
258106072128;258106088204;16076;9;1;1;1
258106088204;258106094232;6028;9;1;1;1
258106094232;258106100869;6637;9;1;1;1
258106100869;258106101193;324;9;1;1;1
258106101193;258106101437;244;9;1;1;1
258106101437;258106101634;197;9;1;1;1
258106101634;258106102439;805;9;1;1;1
258106102439;258106102554;115;9;1;1;1
258106102554;258106102683;129;9;1;1;1
258106102683;258106102717;34;9;1;1;1
258106102717;258106103193;476;9;1;1;1
258106103193;258106103344;151;9;1;1;1
258106103344;258106103412;68;9;1;1;1
258106103412;258106103656;244;9;1;1;1
258106103656;258106103845;189;9;1;1;1
258106103845;258106105894;2049;9;1;1;1
258106105894;258106106056;162;9;1;1;1
258106106056;258106106356;300;9;1;1;1
258106106356;258106106389;33;9;1;1;1
258106106389;258106106589;200;9;1;1;1
258106106589;258106106631;42;9;1;1;1
258106106631;258106106842;211;9;1;1;1
258106106842;258106107018;176;9;1;1;1
258106107018;258106107064;46;9;1;1;1
258106107064;258106107112;48;9;1;1;1
258106107112;258106112909;5797;9;1;1;1
258106112909;258106115175;2266;2,9;2;1;1
258106115175;258106115483;308;2,9;2;1;1
258106115483;258106115633;150;2,9;2;1;1
258106115633;258106118167;2534;2,9;2;1;1
258106118167;258106118241;74;2,9;2;1;1
258106118241;258106118538;297;2,9;2;1;1
258106118538;258106118566;28;2,9;2;1;1
258106118566;258106118897;331;2,9;2;1;1
258106118897;258106118976;79;2,9;2;1;1
258106118976;258106118986;10;2,9;2;1;1
258106118986;258106120869;1883;2,9;2;1;1
258106120869;258106121235;366;2,9;2;1;1
258106121235;258106122044;809;2,9;2;1;1
258106122044;258106122150;106;2,9;2;1;1
258106122150;258106122158;8;2,9;2;1;1
258106122158;258106122193;35;2,9;2;1;1
258106122193;258106122556;363;2,9;2;1;1
258106122556;258106127705;5149;2,9;2;1;1
258106127705;258106142497;14792;2,9;2;1;1
258106142497;258106144476;1979;2,9;2;1;1
258106144476;258106145010;534;2,9;2;1;1
258106145010;258106146021;1011;2,9;2;1;1
258106146021;258106146557;536;2,9;2;1;1
258106146557;258106146741;184;2,9;2;1;1
258106146741;258106146770;29;2,9;2;1;1
258106146770;258106146837;67;2,9;2;1;1
258106146837;258106146889;52;2,9;2;1;1
258106146889;258106146908;19;2,9;2;1;1
258106146908;258106146977;69;2,9;2;1;1
258106146977;258106147114;137;2,9;2;1;1
258106147114;258106147336;222;2,9;2;1;1
258106147336;258106147371;35;2,9;2;1;1
258106147371;258106147401;30;2,9;2;1;1
258106147401;258106147467;66;2,9;2;1;1
258106147467;258106148386;919;2,9;2;1;1
258106148386;258106149016;630;2,9;2;1;1
258106149016;258106149058;42;2,9;2;1;1
258106149058;258106149164;106;2,9;2;1;1
258106149164;258106149741;577;2,9;2;1;1
258106149741;258106150791;1050;2,9;2;1;1
258106150791;258106154154;3363;2,9;2;1;1
258106154154;258106156912;2758;9;1;1;1
258106156912;258106164321;7409;9;1;1;1
258106164321;258106167608;3287;9;1;1;1
258106167608;258106167740;132;9;1;1;1
258106167740;258106167868;128;9;1;1;1
258106167868;258106167936;68;9;1;1;1
258106167936;258106168070;134;9;1;1;1
258106168070;258106168099;29;9;1;1;1
258106168099;258106168126;27;9;1;1;1
258106168126;258106196091;27965;9;1;1;1
258106196091;258106196832;741;9;1;1;1
258106196832;258106199553;2721;9;1;1;1
258106199553;258106205710;6157;9;1;1;1
258106205710;258106205858;148;9;1;1;1
258106205858;258106205928;70;9;1;1;1
258106205928;258106206000;72;9;1;1;1
258106206000;258106206170;170;9;1;1;1
258106206170;258106206244;74;9;1;1;1
258106206244;258106206294;50;9;1;1;1
258106206294;258106206316;22;9;1;1;1
258106206316;258106206497;181;9;1;1;1
258106206497;258106206769;272;9;1;1;1
258106206769;258106206815;46;9;1;1;1
258106206815;258106210735;3920;9;1;1;1
258106210735;258106210808;73;9;1;1;1
258106210808;258106210886;78;9;1;1;1
258106210886;258106211093;207;9;1;1;1
258106211093;258106211944;851;9;1;1;1
258106211944;258106213338;1394;9;1;1;1
258106213338;258106213438;100;9;1;1;1
258106213438;258106213545;107;9;1;1;1
258106213545;258106213694;149;9;1;1;1
258106213694;258106213826;132;9;1;1;1
258106213826;258106213968;142;9;1;1;1
258106213968;258106229338;15370;9;1;1;1
258106229338;258106241675;12337;9;1;1;1
258106241675;258106242291;616;9;1;1;1
258106242291;258106242603;312;9;1;1;1
258106242603;258106260584;17981;9;1;1;1
258106260584;258106261647;1063;9;1;1;1
258106261647;258106261861;214;9;1;1;1
258106261861;258106261930;69;9;1;1;1
258106261930;258106261949;19;9;1;1;1
258106261949;258106262372;423;9;1;1;1
258106262372;258106263147;775;9;1;1;1
258106263147;258106263181;34;9;1;1;1
258106263181;258106265151;1970;9;1;1;1
258106265151;258106265871;720;9;1;1;1
258106265871;258106266444;573;9;1;1;1
258106266444;258106266553;109;9;1;1;1
258106266553;258106266609;56;9;1;1;1
258106266609;258106266619;10;9;1;1;1
258106266619;258106266764;145;9;1;1;1
258106266764;258106266776;12;9;1;1;1
258106266776;258106266889;113;9;1;1;1
258106266889;258106266915;26;9;1;1;1
258106266915;258106266933;18;9;1;1;1
258106266933;258106267102;169;9;1;1;1
258106267102;258106268435;1333;9;1;1;1
258106268435;258106268453;18;9;1;1;1
258106268453;258106268477;24;9;1;1;1
258106268477;258106268802;325;9;1;1;1
258106268802;258106268804;2;9;1;1;1
258106268804;258106268840;36;9;1;1;1
258106268840;258106268882;42;9;1;1;1
258106268882;258106268950;68;9;1;1;1
258106268950;258106268958;8;9;1;1;1
258106268958;258106269108;150;9;1;1;1
258106269108;258106269146;38;9;1;1;1
258106269146;258106269322;176;9;1;1;1
258106269322;258106269362;40;9;1;1;1
258106269362;258106269501;139;9;1;1;1
258106269501;258106269729;228;9;1;1;1
258106269729;258106269947;218;9;1;1;1
258106269947;258106270141;194;9;1;1;1
258106270141;258106270151;10;9;1;1;1
258106270151;258106270347;196;9;1;1;1
258106270347;258106270405;58;9;1;1;1
258106270405;258106270412;7;9;1;1;1
258106270412;258106270445;33;9;1;1;1
258106270445;258106270447;2;9;1;1;1
258106270447;258106270459;12;9;1;1;1
258106270459;258106270536;77;9;1;1;1
258106270536;258106270616;80;9;1;1;1
258106270616;258106270654;38;9;1;1;1
258106270654;258106271074;420;9;1;1;1
258106271074;258106271238;164;9;1;1;1
258106271238;258106271414;176;9;1;1;1
258106271414;258106273387;1973;9;1;1;1
258106273387;258106273615;228;9;1;1;1
258106273615;258106273666;51;9;1;1;1
258106273666;258106273685;19;9;1;1;1
258106273685;258106279462;5777;9;1;1;1
258106279462;258106281552;2090;9;1;1;1
258106281552;258106282017;465;9;1;1;1
258106282017;258106284203;2186;9;1;1;1
258106284203;258106291743;7540;9;1;1;1
258106291743;258106295363;3620;9;1;1;1
258106295363;258106295395;32;9;1;1;1
258106295395;258106299501;4106;9;1;1;1
258106299501;258106302929;3428;2,9;2;1;1
258106302929;258106303141;212;2,9;2;1;1
258106303141;258106303372;231;2,9;2;1;1
258106303372;258106303408;36;2,9;2;1;1
258106303408;258106303509;101;2,9;2;1;1
258106303509;258106303517;8;2,9;2;1;1
258106303517;258106303559;42;2,9;2;1;1
258106303559;258106303679;120;2,9;2;1;1
258106303679;258106303723;44;2,9;2;1;1
258106303723;258106303739;16;2,9;2;1;1
258106303739;258106303742;3;2,9;2;1;1
258106303742;258106311376;7634;2,9;2;1;1
258106311376;258106311486;110;2,9;2;1;1
258106311486;258106316903;5417;2,9;2;1;1
258106316903;258106324433;7530;2,9;2;1;1
258106324433;258106329591;5158;2,9;2;1;1
258106329591;258106330415;824;2,9;2;1;1
258106330415;258106332951;2536;2,9;2;1;1
258106332951;258106335343;2392;2,9;2;1;1
258106335343;258106336305;962;2,9;2;1;1
258106336305;258106342456;6151;2,9;2;1;1
258106342456;258106342767;311;2,9;2;1;1
258106342767;258106342903;136;2,9;2;1;1
258106342903;258106343418;515;2,9;2;1;1
258106343418;258106345434;2016;2,9;2;1;1
258106345434;258106345965;531;2,9;2;1;1
258106345965;258106351161;5196;2,9;2;1;1
258106351161;258106351655;494;2,9;2;1;1
258106351655;258106352511;856;2,9;2;1;1
258106352511;258106352750;239;2,9;2;1;1
258106352750;258106353609;859;2,9;2;1;1
258106353609;258106355387;1778;9;1;1;1
258106355387;258106355700;313;9;1;1;1
258106355700;258106356332;632;2,9;2;1;1
258106356332;258106359566;3234;9;1;1;1
258106359566;258106364896;5330;9;1;1;1
258106364896;258106364945;49;9;1;1;1
258106364945;258106365393;448;9;1;1;1
258106365393;258106365435;42;9;1;1;1
258106365435;258106365655;220;9;1;1;1
258106365655;258106369666;4011;9;1;1;1
258106369666;258106369674;8;9;1;1;1
258106369674;258106369724;50;9;1;1;1
258106369724;258106369735;11;9;1;1;1
258106369735;258106369759;24;9;1;1;1
258106369759;258106369787;28;9;1;1;1
258106369787;258106369840;53;9;1;1;1
258106369840;258106417162;47322;9;1;1;1
258106417162;258106417184;22;9;1;1;1
258106417184;258106417266;82;9;1;1;1
258106417266;258106426257;8991;9;1;1;1
258106426257;258106426932;675;2,9;2;1;1
258106426932;258106427673;741;2,9;2;1;1
258106427673;258106427683;10;2,9;2;1;1
258106427683;258106431097;3414;2,9;2;1;1
258106431097;258106431148;51;2,9;2;1;1
258106431148;258106431161;13;2,9;2;1;1
258106431161;258106431192;31;2,9;2;1;1
258106431192;258106431252;60;2,9;2;1;1
258106431252;258106431420;168;2,9;2;1;1
258106431420;258106431424;4;2,9;2;1;1
258106431424;258106431541;117;2,9;2;1;1
258106431541;258106431571;30;2,9;2;1;1
258106431571;258106431602;31;2,9;2;1;1
258106431602;258106432158;556;2,9;2;1;1
258106432158;258106436750;4592;2,9;2;1;1
258106436750;258106440311;3561;2,9;2;1;1
258106440311;258106443630;3319;2,9;2;1;1
258106443630;258106444518;888;2,9;2;1;1
258106444518;258106457589;13071;2,9;2;1;1
258106457589;258106459172;1583;2,9;2;1;1
258106459172;258106460213;1041;2,9;2;1;1
258106460213;258106467562;7349;2,9;2;1;1
258106467562;258106470330;2768;2,9;2;1;1
258106470330;258106470981;651;2,9;2;1;1
258106470981;258106471666;685;2,9;2;1;1
258106471666;258106473614;1948;2,9;2;1;1
258106473614;258106474153;539;2,9;2;1;1
258106474153;258106474970;817;2,9;2;1;1
258106474970;258106477175;2205;2,9;2;1;1
258106477175;258106477651;476;2,9;2;1;1
258106477651;258106479395;1744;9;1;1;1
258106479395;258106492205;12810;9;1;1;1
258106492205;258106502438;10233;9;1;1;1
258106502438;258106502653;215;9;1;1;1
258106502653;258106503127;474;9;1;1;1
258106503127;258106510721;7594;9;1;1;1
258106510721;258106522454;11733;2,9;2;1;1
258106522454;258106523404;950;2,9;2;1;1
258106523404;258106523447;43;2,9;2;1;1
258106523447;258106525344;1897;2,9;2;1;1
258106525344;258106525395;51;2,9;2;1;1
258106525395;258106525407;12;2,9;2;1;1
258106525407;258106525428;21;2,9;2;1;1
258106525428;258106525463;35;2,9;2;1;1
258106525463;258106525723;260;2,9;2;1;1
258106525723;258106525740;17;2,9;2;1;1
258106525740;258106525809;69;2,9;2;1;1
258106525809;258106525927;118;2,9;2;1;1
258106525927;258106526203;276;2,9;2;1;1
258106526203;258106529079;2876;2,9;2;1;1
258106529079;258106529165;86;2,9;2;1;1
258106529165;258106529171;6;2,9;2;1;1
258106529171;258106529238;67;2,9;2;1;1
258106529238;258106529360;122;2,9;2;1;1
258106529360;258106529394;34;2,9;2;1;1
258106529394;258106529638;244;2,9;2;1;1
258106529638;258106529813;175;2,9;2;1;1
258106529813;258106529963;150;2,9;2;1;1
258106529963;258106530175;212;2,9;2;1;1
258106530175;258106531262;1087;2,9;2;1;1
258106531262;258106536396;5134;2,9;2;1;1
258106536396;258106538594;2198;9;1;1;1
258106538594;258106539938;1344;9;1;1;1
258106539938;258106539987;49;9;1;1;1
258106539987;258106540079;92;9;1;1;1
258106540079;258106554418;14339;9;1;1;1
258106554418;258106555073;655;9;1;1;1
258106555073;258106555193;120;9;1;1;1
258106555193;258106555311;118;9;1;1;1
258106555311;258106555348;37;9;1;1;1
258106555348;258106555582;234;9;1;1;1
258106555582;258106571800;16218;9;1;1;1
258106571800;258106584981;13181;9;1;1;1
258106584981;258106594525;9544;9;1;1;1
258106594525;258106601064;6539;9;1;1;1
258106601064;258106603524;2460;2,9;2;1;1
258106603524;258106611623;8099;2,9;2;1;1
258106611623;258106611828;205;2,9;2;1;1
258106611828;258106611831;3;2,9;2;1;1
258106611831;258106611855;24;2,9;2;1;1
258106611855;258106611909;54;2,9;2;1;1
258106611909;258106611972;63;2,9;2;1;1
258106611972;258106612507;535;2,9;2;1;1
258106612507;258106612536;29;2,9;2;1;1
258106612536;258106613009;473;2,9;2;1;1
258106613009;258106613044;35;2,9;2;1;1
258106613044;258106613077;33;2,9;2;1;1
258106613077;258106613309;232;2,9;2;1;1
258106613309;258106613487;178;2,9;2;1;1
258106613487;258106614750;1263;2,9;2;1;1
258106614750;258106616045;1295;2,9;2;1;1
258106616045;258106618421;2376;2,9;2;1;1
258106618421;258106618498;77;2,9;2;1;1
258106618498;258106618564;66;2,9;2;1;1
258106618564;258106618575;11;2,9;2;1;1
258106618575;258106618643;68;2,9;2;1;1
258106618643;258106618714;71;2,9;2;1;1
258106618714;258106619012;298;2,9;2;1;1
258106619012;258106619049;37;2,9;2;1;1
258106619049;258106619144;95;2,9;2;1;1
258106619144;258106619197;53;2,9;2;1;1
258106619197;258106621962;2765;2,9;2;1;1
258106621962;258106625886;3924;2,9;2;1;1
258106625886;258106627847;1961;2,9;2;1;1
258106627847;258106627869;22;2,9;2;1;1
258106627869;258106628138;269;2,9;2;1;1
258106628138;258106628397;259;2,9;2;1;1
258106628397;258106628509;112;2,9;2;1;1
258106628509;258106628554;45;2,9;2;1;1
258106628554;258106628588;34;2,9;2;1;1
258106628588;258106628725;137;2,9;2;1;1
258106628725;258106628755;30;2,9;2;1;1
258106628755;258106628854;99;2,9;2;1;1
258106628854;258106628871;17;2,9;2;1;1
258106628871;258106630104;1233;2,9;2;1;1
258106630104;258106631820;1716;2,9;2;1;1
258106631820;258106633972;2152;2,9;2;1;1
258106633972;258106634385;413;2,9;2;1;1
258106634385;258106637931;3546;2,9;2;1;1
258106637931;258106638591;660;2,9;2;1;1
258106638591;258106639558;967;2,9;2;1;1
258106639558;258106640259;701;2,9;2;1;1
258106640259;258106641693;1434;2,9;2;1;1
258106641693;258106643794;2101;2,9;2;1;1
258106643794;258106646115;2321;2,9;2;1;1
258106646115;258106649290;3175;2,9;2;1;1
258106649290;258106649426;136;9;1;1;1
258106649426;258106653432;4006;9;1;1;1
258106653432;258106653475;43;9;1;1;1
258106653475;258106653491;16;9;1;1;1
258106653491;258106653536;45;9;1;1;1
258106653536;258106653698;162;9;1;1;1
258106653698;258106655212;1514;9;1;1;1
258106655212;258106655925;713;9;1;1;1
258106655925;258106656025;100;9;1;1;1
258106656025;258106656090;65;9;1;1;1
258106656090;258106656135;45;9;1;1;1
258106656135;258106656198;63;9;1;1;1
258106656198;258106656982;784;9;1;1;1
258106656982;258106673039;16057;9;1;1;1
258106673039;258106673740;701;9;1;1;1
258106673740;258106674608;868;9;1;1;1
258106674608;258106675151;543;9;1;1;1
258106675151;258106677024;1873;9;1;1;1
258106677024;258106677078;54;9;1;1;1
258106677078;258106677130;52;9;1;1;1
258106677130;258106677156;26;9;1;1;1
258106677156;258106677272;116;9;1;1;1
258106677272;258106677910;638;9;1;1;1
258106677910;258106680171;2261;9;1;1;1
258106680171;258106680384;213;9;1;1;1
258106680384;258106697431;17047;9;1;1;1
258106697431;258106698290;859;9;1;1;1
258106698290;258106698730;440;9;1;1;1
258106698730;258106698954;224;9;1;1;1
258106698954;258106699129;175;9;1;1;1
258106699129;258106699204;75;9;1;1;1
258106699204;258106707195;7991;9;1;1;1
258106707195;258106708279;1084;9;1;1;1
258106708279;258106708360;81;9;1;1;1
258106708360;258106718725;10365;9;1;1;1
258106718725;258106720114;1389;9;1;1;1
258106720114;258106722793;2679;2,9;2;1;1
258106722793;258106722827;34;2,9;2;1;1
258106722827;258106722915;88;2,9;2;1;1
258106722915;258106723091;176;2,9;2;1;1
258106723091;258106728748;5657;2,9;2;1;1
258106728748;258106728983;235;2,9;2;1;1
258106728983;258106730657;1674;2,9;2;1;1
258106730657;258106730927;270;2,9;2;1;1
258106730927;258106731080;153;2,9;2;1;1
258106731080;258106731259;179;2,9;2;1;1
258106731259;258106731300;41;2,9;2;1;1
258106731300;258106731332;32;2,9;2;1;1
258106731332;258106731477;145;2,9;2;1;1
258106731477;258106731737;260;2,9;2;1;1
258106731737;258106731882;145;2,9;2;1;1
258106731882;258106732028;146;2,9;2;1;1
258106732028;258106738384;6356;2,9;2;1;1
258106738384;258106742257;3873;2,9;2;1;1
258106742257;258106742370;113;2,9;2;1;1
258106742370;258106742397;27;2,9;2;1;1
258106742397;258106742461;64;2,9;2;1;1
258106742461;258106742500;39;2,9;2;1;1
258106742500;258106742512;12;2,9;2;1;1
258106742512;258106746432;3920;2,9;2;1;1
258106746432;258106775734;29302;9;1;1;1
258106775734;258106776396;662;2,9;2;1;1
258106776396;258106783344;6948;9;1;1;1
258106783344;258106788065;4721;9;1;1;1
258106788065;258106788081;16;9;1;1;1
258106788081;258106788101;20;9;1;1;1
258106788101;258106788136;35;9;1;1;1
258106788136;258106788187;51;9;1;1;1
258106788187;258106788238;51;9;1;1;1
258106788238;258106788265;27;9;1;1;1
258106788265;258106788460;195;9;1;1;1
258106788460;258106788481;21;9;1;1;1
258106788481;258106788588;107;9;1;1;1
258106788588;258106806495;17907;9;1;1;1
258106806495;258106806601;106;9;1;1;1
258106806601;258106806713;112;9;1;1;1
258106806713;258106823360;16647;9;1;1;1
258106823360;258106823871;511;9;1;1;1
258106823871;258106823940;69;9;1;1;1
258106823940;258106824053;113;9;1;1;1
258106824053;258106824361;308;9;1;1;1
258106824361;258106830380;6019;9;1;1;1
258106830380;258106834233;3853;9;1;1;1
258106834233;258106837003;2770;9;1;1;1
258106837003;258106837152;149;9;1;1;1
258106837152;258106837240;88;9;1;1;1
258106837240;258106837347;107;9;1;1;1
258106837347;258106837721;374;9;1;1;1
258106837721;258106837761;40;9;1;1;1
258106837761;258106838170;409;9;1;1;1
258106838170;258106838258;88;9;1;1;1
258106838258;258106839431;1173;9;1;1;1
258106839431;258106841575;2144;2,9;2;1;1
258106841575;258106848373;6798;2,9;2;1;1
258106848373;258106850962;2589;2,9;2;1;1
258106850962;258106852097;1135;2,9;2;1;1
258106852097;258106852846;749;2,9;2;1;1
258106852846;258106860581;7735;2,9;2;1;1
258106860581;258106866469;5888;2,9;2;1;1
258106866469;258106869091;2622;2,9;2;1;1
258106869091;258106871934;2843;2,9;2;1;1
258106871934;258106872650;716;2,9;2;1;1
258106872650;258106873481;831;2,9;2;1;1
258106873481;258106873597;116;2,9;2;1;1
258106873597;258106873619;22;2,9;2;1;1
258106873619;258106873881;262;2,9;2;1;1
258106873881;258106874171;290;2,9;2;1;1
258106874171;258106879332;5161;2,9;2;1;1
258106879332;258106881353;2021;2,9;2;1;1
258106881353;258106887746;6393;2,9;2;1;1
258106887746;258106888959;1213;2,9;2;1;1
258106888959;258106888994;35;2,9;2;1;1
258106888994;258106889015;21;2,9;2;1;1
258106889015;258106889310;295;2,9;2;1;1
258106889310;258106889482;172;2,9;2;1;1
258106889482;258106891149;1667;2,9;2;1;1
258106891149;258106891180;31;2,9;2;1;1
258106891180;258106891235;55;2,9;2;1;1
258106891235;258106891367;132;2,9;2;1;1
258106891367;258106891500;133;2,9;2;1;1
258106891500;258106891602;102;2,9;2;1;1
258106891602;258106891865;263;2,9;2;1;1
258106891865;258106893886;2021;2,9;2;1;1
258106893886;258106894409;523;2,9;2;1;1
258106894409;258106894678;269;2,9;2;1;1
258106894678;258106896511;1833;2,9;2;1;1
258106896511;258106896789;278;2,9;2;1;1
258106896789;258106899149;2360;2,9;2;1;1
258106899149;258106900327;1178;2,9;2;1;1
258106900327;258106901141;814;2,9;2;1;1
258106901141;258106902272;1131;2,9;2;1;1
258106902272;258106915868;13596;9;1;1;1
258106915868;258106915917;49;9;1;1;1
258106915917;258106915929;12;9;1;1;1
258106915929;258106916005;76;9;1;1;1
258106916005;258106916060;55;9;1;1;1
258106916060;258106916447;387;9;1;1;1
258106916447;258106937702;21255;9;1;1;1
258106937702;258106940725;3023;9;1;1;1
258106940725;258106940748;23;9;1;1;1
258106940748;258106940786;38;9;1;1;1
258106940786;258106941026;240;9;1;1;1
258106941026;258106950057;9031;9;1;1;1
258106950057;258106950826;769;2,9;2;1;1
258106950826;258106952605;1779;2,9;2;1;1
258106952605;258106957029;4424;2,9;2;1;1
258106957029;258106957941;912;2,9;2;1;1
258106957941;258106959398;1457;2,9;2;1;1
258106959398;258106965422;6024;2,9;2;1;1
258106965422;258106967717;2295;2,9;2;1;1
258106967717;258106972757;5040;2,9;2;1;1
258106972757;258106979024;6267;2,9;2;1;1
258106979024;258106980682;1658;2,9;2;1;1
258106980682;258106986108;5426;2,9;2;1;1
258106986108;258106990196;4088;2,9;2;1;1
258106990196;258106997483;7287;2,9;2;1;1
258106997483;258106998752;1269;2,9;2;1;1
258106998752;258106999357;605;2,9;2;1;1
258106999357;258106999926;569;2,9;2;1;1
258106999926;258107000087;161;2,9;2;1;1
258107000087;258107000572;485;2,9;2;1;1
258107000572;258107000691;119;2,9;2;1;1
258107000691;258107001599;908;2,9;2;1;1
258107001599;258107001678;79;2,9;2;1;1
258107001678;258107003950;2272;2,9;2;1;1
258107003950;258107005043;1093;2,9;2;1;1
258107005043;258107009121;4078;2,9;2;1;1
258107009121;258107009887;766;2,9;2;1;1
258107009887;258107011931;2044;2,9;2;1;1
258107011931;258107022612;10681;2,9;2;1;1
258107022612;258107022621;9;2,9;2;1;1
258107022621;258107022658;37;2,9;2;1;1
258107022658;258107022686;28;2,9;2;1;1
258107022686;258107022739;53;2,9;2;1;1
258107022739;258107022793;54;2,9;2;1;1
258107022793;258107022924;131;2,9;2;1;1
258107022924;258107022975;51;2,9;2;1;1
258107022975;258107023689;714;2,9;2;1;1
258107023689;258107026017;2328;2,9;2;1;1
258107026017;258107026740;723;2,9;2;1;1
258107026740;258107048115;21375;9;1;1;1
258107048115;258107049345;1230;9;1;1;1
258107049345;258107049520;175;9;1;1;1
258107049520;258107087610;38090;9;1;1;1
258107087610;258107087830;220;9;1;1;1
258107087830;258107087861;31;9;1;1;1
258107087861;258107088475;614;9;1;1;1
258107088475;258107088583;108;9;1;1;1
258107088583;258107088771;188;9;1;1;1
258107088771;258107089171;400;9;1;1;1
258107089171;258107089543;372;9;1;1;1
258107089543;258107089886;343;9;1;1;1
258107089886;258107089962;76;9;1;1;1
258107089962;258107091954;1992;9;1;1;1
258107091954;258107094548;2594;9;1;1;1
258107094548;258107095157;609;9;1;1;1
258107095157;258107095511;354;9;1;1;1
258107095511;258107096211;700;9;1;1;1
258107096211;258107096880;669;9;1;1;1
258107096880;258107096923;43;9;1;1;1
258107096923;258107097044;121;9;1;1;1
258107097044;258107097176;132;9;1;1;1
258107097176;258107097405;229;9;1;1;1
258107097405;258107097654;249;9;1;1;1
258107097654;258107097700;46;9;1;1;1
258107097700;258107097705;5;9;1;1;1
258107097705;258107097771;66;9;1;1;1
258107097771;258107097845;74;9;1;1;1
258107097845;258107097954;109;9;1;1;1
258107097954;258107098427;473;9;1;1;1
258107098427;258107103575;5148;9;1;1;1
258107103575;258107103915;340;9;1;1;1
258107103915;258107104055;140;9;1;1;1
258107104055;258107104123;68;9;1;1;1
258107104123;258107104148;25;9;1;1;1
258107104148;258107104247;99;9;1;1;1
258107104247;258107104257;10;9;1;1;1
258107104257;258107104284;27;9;1;1;1
258107104284;258107106225;1941;9;1;1;1
258107106225;258107106261;36;9;1;1;1
258107106261;258107106678;417;9;1;1;1
258107106678;258107108305;1627;9;1;1;1
258107108305;258107108340;35;9;1;1;1
258107108340;258107112041;3701;9;1;1;1
258107112041;258107112643;602;2,9;2;1;1
258107112643;258107118956;6313;2,9;2;1;1
258107118956;258107128353;9397;2,9;2;1;1
258107128353;258107131567;3214;2,9;2;1;1
258107131567;258107132047;480;2,9;2;1;1
258107132047;258107132528;481;2,9;2;1;1
258107132528;258107135550;3022;2,9;2;1;1
258107135550;258107141741;6191;2,9;2;1;1
258107141741;258107141845;104;2,9;2;1;1
258107141845;258107141846;1;2,9;2;1;1
258107141846;258107141877;31;2,9;2;1;1
258107141877;258107142031;154;2,9;2;1;1
258107142031;258107142038;7;2,9;2;1;1
258107142038;258107142183;145;2,9;2;1;1
258107142183;258107142219;36;2,9;2;1;1
258107142219;258107142315;96;2,9;2;1;1
258107142315;258107142495;180;2,9;2;1;1
258107142495;258107144927;2432;2,9;2;1;1
258107144927;258107148236;3309;2,9;2;1;1
258107148236;258107149294;1058;2,9;2;1;1
258107149294;258107150122;828;2,9;2;1;1
258107150122;258107150625;503;2,9;2;1;1
258107150625;258107150643;18;2,9;2;1;1
258107150643;258107150659;16;2,9;2;1;1
258107150659;258107150694;35;2,9;2;1;1
258107150694;258107150718;24;2,9;2;1;1
258107150718;258107150773;55;2,9;2;1;1
258107150773;258107151101;328;2,9;2;1;1
258107151101;258107157202;6101;2,9;2;1;1
258107157202;258107158111;909;2,9;2;1;1
258107158111;258107158799;688;2,9;2;1;1
258107158799;258107159017;218;2,9;2;1;1
258107159017;258107160159;1142;2,9;2;1;1
258107160159;258107160373;214;2,9;2;1;1
258107160373;258107161584;1211;2,9;2;1;1
258107161584;258107162196;612;2,9;2;1;1
258107162196;258107163041;845;2,9;2;1;1
258107163041;258107164525;1484;2,9;2;1;1
258107164525;258107165469;944;2,9;2;1;1
258107165469;258107165896;427;2,9;2;1;1
258107165896;258107166597;701;2,9;2;1;1
258107166597;258107177151;10554;9;1;1;1
258107177151;258107197124;19973;9;1;1;1
258107197124;258107206384;9260;9;1;1;1
258107206384;258107206670;286;9;1;1;1
258107206670;258107221675;15005;9;1;1;1
258107221675;258107222204;529;9;1;1;1
258107222204;258107227325;5121;9;1;1;1
258107227325;258107231749;4424;2,9;2;1;1
258107231749;258107234134;2385;2,9;2;1;1
258107234134;258107236267;2133;2,9;2;1;1
258107236267;258107252114;15847;2,9;2;1;1
258107252114;258107255629;3515;2,9;2;1;1
258107255629;258107260274;4645;2,9;2;1;1
258107260274;258107261975;1701;2,9;2;1;1
258107261975;258107263657;1682;2,9;2;1;1
258107263657;258107265282;1625;2,9;2;1;1
258107265282;258107265383;101;2,9;2;1;1
258107265383;258107265867;484;2,9;2;1;1
258107265867;258107266999;1132;2,9;2;1;1
258107266999;258107267998;999;2,9;2;1;1
258107267998;258107271616;3618;2,9;2;1;1
258107271616;258107272336;720;2,9;2;1;1
258107272336;258107272414;78;2,9;2;1;1
258107272414;258107273025;611;2,9;2;1;1
258107273025;258107294033;21008;9;1;1;1
258107294033;258107294134;101;9;1;1;1
258107294134;258107294215;81;9;1;1;1
258107294215;258107294274;59;9;1;1;1
258107294274;258107294913;639;9;1;1;1
258107294913;258107295007;94;9;1;1;1
258107295007;258107295698;691;9;1;1;1
258107295698;258107295797;99;9;1;1;1
258107295797;258107318977;23180;9;1;1;1
258107318977;258107319005;28;9;1;1;1
258107319005;258107319072;67;9;1;1;1
258107319072;258107319094;22;9;1;1;1
258107319094;258107319186;92;9;1;1;1
258107319186;258107319337;151;9;1;1;1
258107319337;258107328148;8811;9;1;1;1
258107328148;258107340067;11919;9;1;1;1
258107340067;258107340192;125;9;1;1;1
258107340192;258107340319;127;9;1;1;1
258107340319;258107341183;864;9;1;1;1
258107341183;258107342194;1011;9;1;1;1
258107342194;258107343052;858;2,9;2;1;1
258107343052;258107343231;179;2,9;2;1;1
258107343231;258107344319;1088;2,9;2;1;1
258107344319;258107344398;79;2,9;2;1;1
258107344398;258107344452;54;2,9;2;1;1
258107344452;258107344700;248;2,9;2;1;1
258107344700;258107344844;144;2,9;2;1;1
258107344844;258107345285;441;2,9;2;1;1
258107345285;258107345682;397;2,9;2;1;1
258107345682;258107345851;169;2,9;2;1;1
258107345851;258107345916;65;2,9;2;1;1
258107345916;258107345936;20;2,9;2;1;1
258107345936;258107346021;85;2,9;2;1;1
258107346021;258107349509;3488;2,9;2;1;1
258107349509;258107350906;1397;2,9;2;1;1
258107350906;258107352048;1142;2,9;2;1;1
258107352048;258107352099;51;2,9;2;1;1
258107352099;258107352127;28;2,9;2;1;1
258107352127;258107352242;115;2,9;2;1;1
258107352242;258107352320;78;2,9;2;1;1
258107352320;258107352720;400;2,9;2;1;1
258107352720;258107352776;56;2,9;2;1;1
258107352776;258107353375;599;2,9;2;1;1
258107353375;258107357390;4015;2,9;2;1;1
258107357390;258107364089;6699;2,9;2;1;1
258107364089;258107364709;620;2,9;2;1;1
258107364709;258107367653;2944;2,9;2;1;1
258107367653;258107374603;6950;2,9;2;1;1
258107374603;258107376498;1895;2,9;2;1;1
258107376498;258107378826;2328;2,9;2;1;1
258107378826;258107379467;641;2,9;2;1;1
258107379467;258107379932;465;2,9;2;1;1
258107379932;258107386288;6356;2,9;2;1;1
258107386288;258107386487;199;2,9;2;1;1
258107386487;258107386607;120;2,9;2;1;1
258107386607;258107387515;908;2,9;2;1;1
258107387515;258107387577;62;2,9;2;1;1
258107387577;258107387613;36;2,9;2;1;1
258107387613;258107394396;6783;2,9;2;1;1
258107394396;258107394826;430;2,9;2;1;1
258107394826;258107396343;1517;2,9;2;1;1
258107396343;258107397543;1200;2,9;2;1;1
258107397543;258107399065;1522;2,9;2;1;1
258107399065;258107399639;574;2,9;2;1;1
258107399639;258107400426;787;2,9;2;1;1
258107400426;258107408393;7967;9;1;1;1
258107408393;258107413643;5250;9;1;1;1
258107413643;258107420344;6701;9;1;1;1
258107420344;258107420570;226;9;1;1;1
258107420570;258107420705;135;9;1;1;1
258107420705;258107420975;270;9;1;1;1
258107420975;258107421203;228;9;1;1;1
258107421203;258107421308;105;9;1;1;1
258107421308;258107421509;201;9;1;1;1
258107421509;258107422998;1489;9;1;1;1
258107422998;258107423346;348;9;1;1;1
258107423346;258107423354;8;9;1;1;1
258107423354;258107423405;51;9;1;1;1
258107423405;258107430707;7302;9;1;1;1
258107430707;258107435941;5234;9;1;1;1
258107435941;258107442358;6417;9;1;1;1
258107442358;258107443412;1054;9;1;1;1
258107443412;258107443493;81;9;1;1;1
258107443493;258107447675;4182;9;1;1;1
258107447675;258107457901;10226;9;1;1;1
258107457901;258107464332;6431;2,9;2;1;1
258107464332;258107464849;517;2,9;2;1;1
258107464849;258107464969;120;2,9;2;1;1
258107464969;258107467217;2248;2,9;2;1;1
258107467217;258107467863;646;2,9;2;1;1
258107467863;258107468554;691;2,9;2;1;1
258107468554;258107468564;10;2,9;2;1;1
258107468564;258107468589;25;2,9;2;1;1
258107468589;258107468846;257;2,9;2;1;1
258107468846;258107471221;2375;2,9;2;1;1
258107471221;258107484410;13189;2,9;2;1;1
258107484410;258107485735;1325;2,9;2;1;1
258107485735;258107488215;2480;2,9;2;1;1
258107488215;258107488567;352;2,9;2;1;1
258107488567;258107497979;9412;2,9;2;1;1
258107497979;258107498569;590;2,9;2;1;1
258107498569;258107499004;435;2,9;2;1;1
258107499004;258107499095;91;2,9;2;1;1
258107499095;258107515321;16226;2,9;2;1;1
258107515321;258107517401;2080;2,9;2;1;1
258107517401;258107518026;625;2,9;2;1;1
258107518026;258107518901;875;2,9;2;1;1
258107518901;258107519533;632;2,9;2;1;1
258107519533;258107520496;963;2,9;2;1;1
258107520496;258107521557;1061;2,9;2;1;1
258107521557;258107522608;1051;2,9;2;1;1
258107522608;258107583930;61322;9;1;1;1
258107583930;258107585155;1225;2,9;2;1;1
258107585155;258107587367;2212;2,9;2;1;1
258107587367;258107591714;4347;2,9;2;1;1
258107591714;258107596483;4769;2,9;2;1;1
258107596483;258107596720;237;2,9;2;1;1
258107596720;258107596844;124;2,9;2;1;1
258107596844;258107598396;1552;2,9;2;1;1
258107598396;258107598728;332;2,9;2;1;1
258107598728;258107598992;264;2,9;2;1;1
258107598992;258107599046;54;2,9;2;1;1
258107599046;258107601161;2115;2,9;2;1;1
258107601161;258107601411;250;2,9;2;1;1
258107601411;258107601747;336;2,9;2;1;1
258107601747;258107601793;46;2,9;2;1;1
258107601793;258107602008;215;2,9;2;1;1
258107602008;258107602043;35;2,9;2;1;1
258107602043;258107602347;304;2,9;2;1;1
258107602347;258107602552;205;2,9;2;1;1
258107602552;258107602809;257;2,9;2;1;1
258107602809;258107603003;194;2,9;2;1;1
258107603003;258107603231;228;2,9;2;1;1
258107603231;258107603267;36;2,9;2;1;1
258107603267;258107603494;227;2,9;2;1;1
258107603494;258107603617;123;2,9;2;1;1
258107603617;258107603627;10;2,9;2;1;1
258107603627;258107603672;45;2,9;2;1;1
258107603672;258107603690;18;2,9;2;1;1
258107603690;258107603833;143;2,9;2;1;1
258107603833;258107603840;7;2,9;2;1;1
258107603840;258107603870;30;2,9;2;1;1
258107603870;258107603886;16;2,9;2;1;1
258107603886;258107603896;10;2,9;2;1;1
258107603896;258107603964;68;2,9;2;1;1
258107603964;258107604066;102;2,9;2;1;1
258107604066;258107604214;148;2,9;2;1;1
258107604214;258107604286;72;2,9;2;1;1
258107604286;258107604309;23;2,9;2;1;1
258107604309;258107604348;39;2,9;2;1;1
258107604348;258107604355;7;2,9;2;1;1
258107604355;258107604404;49;2,9;2;1;1
258107604404;258107604417;13;2,9;2;1;1
258107604417;258107604578;161;2,9;2;1;1
258107604578;258107605687;1109;2,9;2;1;1
258107605687;258107606059;372;2,9;2;1;1
258107606059;258107606073;14;2,9;2;1;1
258107606073;258107606198;125;2,9;2;1;1
258107606198;258107606432;234;2,9;2;1;1
258107606432;258107606447;15;2,9;2;1;1
258107606447;258107606450;3;2,9;2;1;1
258107606450;258107606493;43;2,9;2;1;1
258107606493;258107606691;198;2,9;2;1;1
258107606691;258107606772;81;2,9;2;1;1
258107606772;258107606833;61;2,9;2;1;1
258107606833;258107606932;99;2,9;2;1;1
258107606932;258107606989;57;2,9;2;1;1
258107606989;258107606993;4;2,9;2;1;1
258107606993;258107607002;9;2,9;2;1;1
258107607002;258107607041;39;2,9;2;1;1
258107607041;258107607067;26;2,9;2;1;1
258107607067;258107607127;60;2,9;2;1;1
258107607127;258107607143;16;2,9;2;1;1
258107607143;258107607155;12;2,9;2;1;1
258107607155;258107607300;145;2,9;2;1;1
258107607300;258107607338;38;2,9;2;1;1
258107607338;258107607355;17;2,9;2;1;1
258107607355;258107607405;50;2,9;2;1;1
258107607405;258107607542;137;2,9;2;1;1
258107607542;258107607774;232;2,9;2;1;1
258107607774;258107607813;39;2,9;2;1;1
258107607813;258107607982;169;2,9;2;1;1
258107607982;258107608071;89;2,9;2;1;1
258107608071;258107608091;20;2,9;2;1;1
258107608091;258107608241;150;2,9;2;1;1
258107608241;258107608455;214;2,9;2;1;1
258107608455;258107608536;81;2,9;2;1;1
258107608536;258107608692;156;2,9;2;1;1
258107608692;258107608721;29;2,9;2;1;1
258107608721;258107608873;152;2,9;2;1;1
258107608873;258107608938;65;2,9;2;1;1
258107608938;258107608967;29;2,9;2;1;1
258107608967;258107609018;51;2,9;2;1;1
258107609018;258107609165;147;2,9;2;1;1
258107609165;258107609191;26;2,9;2;1;1
258107609191;258107609344;153;2,9;2;1;1
258107609344;258107609358;14;2,9;2;1;1
258107609358;258107609417;59;2,9;2;1;1
258107609417;258107609482;65;2,9;2;1;1
258107609482;258107609546;64;2,9;2;1;1
258107609546;258107609581;35;2,9;2;1;1
258107609581;258107609608;27;2,9;2;1;1
258107609608;258107609845;237;2,9;2;1;1
258107609845;258107609848;3;2,9;2;1;1
258107609848;258107609918;70;2,9;2;1;1
258107609918;258107609942;24;2,9;2;1;1
258107609942;258107610042;100;2,9;2;1;1
258107610042;258107610151;109;2,9;2;1;1
258107610151;258107610205;54;2,9;2;1;1
258107610205;258107610282;77;2,9;2;1;1
258107610282;258107610389;107;2,9;2;1;1
258107610389;258107610441;52;2,9;2;1;1
258107610441;258107610455;14;2,9;2;1;1
258107610455;258107610564;109;2,9;2;1;1
258107610564;258107610584;20;2,9;2;1;1
258107610584;258107610823;239;2,9;2;1;1
258107610823;258107610923;100;2,9;2;1;1
258107610923;258107610932;9;2,9;2;1;1
258107610932;258107611024;92;2,9;2;1;1
258107611024;258107611065;41;2,9;2;1;1
258107611065;258107611095;30;2,9;2;1;1
258107611095;258107611119;24;2,9;2;1;1
258107611119;258107611151;32;2,9;2;1;1
258107611151;258107611372;221;2,9;2;1;1
258107611372;258107611432;60;2,9;2;1;1
258107611432;258107611456;24;2,9;2;1;1
258107611456;258107611493;37;2,9;2;1;1
258107611493;258107611581;88;2,9;2;1;1
258107611581;258107611782;201;2,9;2;1;1
258107611782;258107612004;222;2,9;2;1;1
258107612004;258107612049;45;2,9;2;1;1
258107612049;258107612060;11;2,9;2;1;1
258107612060;258107612241;181;2,9;2;1;1
258107612241;258107612331;90;2,9;2;1;1
258107612331;258107612401;70;2,9;2;1;1
258107612401;258107612667;266;2,9;2;1;1
258107612667;258107612999;332;2,9;2;1;1
258107612999;258107613177;178;2,9;2;1;1
258107613177;258107613229;52;2,9;2;1;1
258107613229;258107613275;46;2,9;2;1;1
258107613275;258107613696;421;2,9;2;1;1
258107613696;258107613739;43;2,9;2;1;1
258107613739;258107613927;188;2,9;2;1;1
258107613927;258107613966;39;2,9;2;1;1
258107613966;258107614155;189;2,9;2;1;1
258107614155;258107614174;19;2,9;2;1;1
258107614174;258107614218;44;2,9;2;1;1
258107614218;258107614342;124;2,9;2;1;1
258107614342;258107614358;16;2,9;2;1;1
258107614358;258107614420;62;2,9;2;1;1
258107614420;258107614589;169;2,9;2;1;1
258107614589;258107614655;66;2,9;2;1;1
258107614655;258107614716;61;2,9;2;1;1
258107614716;258107614865;149;2,9;2;1;1
258107614865;258107615196;331;2,9;2;1;1
258107615196;258107615227;31;2,9;2;1;1
258107615227;258107615295;68;2,9;2;1;1
258107615295;258107615316;21;2,9;2;1;1
258107615316;258107615632;316;2,9;2;1;1
258107615632;258107615674;42;2,9;2;1;1
258107615674;258107615728;54;2,9;2;1;1
258107615728;258107615787;59;2,9;2;1;1
258107615787;258107615835;48;2,9;2;1;1
258107615835;258107615998;163;2,9;2;1;1
258107615998;258107616059;61;2,9;2;1;1
258107616059;258107616060;1;2,9;2;1;1
258107616060;258107616090;30;2,9;2;1;1
258107616090;258107616171;81;2,9;2;1;1
258107616171;258107616183;12;2,9;2;1;1
258107616183;258107616211;28;2,9;2;1;1
258107616211;258107616292;81;2,9;2;1;1
258107616292;258107616339;47;2,9;2;1;1
258107616339;258107616357;18;2,9;2;1;1
258107616357;258107616631;274;2,9;2;1;1
258107616631;258107616673;42;2,9;2;1;1
258107616673;258107616718;45;2,9;2;1;1
258107616718;258107616746;28;2,9;2;1;1
258107616746;258107616759;13;2,9;2;1;1
258107616759;258107616802;43;2,9;2;1;1
258107616802;258107616873;71;2,9;2;1;1
258107616873;258107616877;4;2,9;2;1;1
258107616877;258107616929;52;2,9;2;1;1
258107616929;258107616952;23;2,9;2;1;1
258107616952;258107617074;122;2,9;2;1;1
258107617074;258107617147;73;2,9;2;1;1
258107617147;258107617216;69;2,9;2;1;1
258107617216;258107617426;210;2,9;2;1;1
258107617426;258107617757;331;2,9;2;1;1
258107617757;258107618067;310;2,9;2;1;1
258107618067;258107618460;393;2,9;2;1;1
258107618460;258107618515;55;2,9;2;1;1
258107618515;258107618566;51;2,9;2;1;1
258107618566;258107618626;60;2,9;2;1;1
258107618626;258107618788;162;2,9;2;1;1
258107618788;258107618818;30;2,9;2;1;1
258107618818;258107618935;117;2,9;2;1;1
258107618935;258107619012;77;2,9;2;1;1
258107619012;258107619111;99;2,9;2;1;1
258107619111;258107619127;16;2,9;2;1;1
258107619127;258107619188;61;2,9;2;1;1
258107619188;258107619240;52;2,9;2;1;1
258107619240;258107619345;105;2,9;2;1;1
258107619345;258107619444;99;2,9;2;1;1
258107619444;258107619594;150;2,9;2;1;1
258107619594;258107619789;195;2,9;2;1;1
258107619789;258107620003;214;2,9;2;1;1
258107620003;258107620532;529;2,9;2;1;1
258107620532;258107621357;825;2,9;2;1;1
258107621357;258107622631;1274;2,9;2;1;1
258107622631;258107624185;1554;2,9;2;1;1
258107624185;258107624438;253;2,9;2;1;1
258107624438;258107625048;610;2,9;2;1;1
258107625048;258107690728;65680;9;1;1;1
258107690728;258107690802;74;9;1;1;1
258107690802;258107690926;124;9;1;1;1
258107690926;258107691348;422;9;1;1;1
258107691348;258107691602;254;9;1;1;1
258107691602;258107691778;176;9;1;1;1
258107691778;258107696156;4378;9;1;1;1
258107696156;258107696447;291;9;1;1;1
258107696447;258107696496;49;9;1;1;1
258107696496;258107696906;410;9;1;1;1
258107696906;258107696952;46;2,9;2;1;1
258107696952;258107697025;73;2,9;2;1;1
258107697025;258107697178;153;2,9;2;1;1
258107697178;258107697330;152;2,9;2;1;1
258107697330;258107697372;42;2,9;2;1;1
258107697372;258107698415;1043;2,9;2;1;1
258107698415;258107698438;23;2,9;2;1;1
258107698438;258107700532;2094;2,9;2;1;1
258107700532;258107704612;4080;2,9;2;1;1
258107704612;258107705192;580;2,9;2;1;1
258107705192;258107705265;73;2,9;2;1;1
258107705265;258107705457;192;2,9;2;1;1
258107705457;258107705600;143;2,9;2;1;1
258107705600;258107705650;50;2,9;2;1;1
258107705650;258107706625;975;2,9;2;1;1
258107706625;258107706626;1;2,9;2;1;1
258107706626;258107706748;122;2,9;2;1;1
258107706748;258107706840;92;2,9;2;1;1
258107706840;258107707250;410;2,9;2;1;1
258107707250;258107707890;640;2,9;2;1;1
258107707890;258107708167;277;2,9;2;1;1
258107708167;258107708330;163;2,9;2;1;1
258107708330;258107708488;158;2,9;2;1;1
258107708488;258107708628;140;2,9;2;1;1
258107708628;258107709165;537;2,9;2;1;1
258107709165;258107709206;41;2,9;2;1;1
258107709206;258107710146;940;2,9;2;1;1
258107710146;258107710351;205;2,9;2;1;1
258107710351;258107710913;562;2,9;2;1;1
258107710913;258107711053;140;2,9;2;1;1
258107711053;258107711648;595;2,9;2;1;1
258107711648;258107711748;100;2,9;2;1;1
258107711748;258107711781;33;2,9;2;1;1
258107711781;258107711821;40;2,9;2;1;1
258107711821;258107712032;211;2,9;2;1;1
258107712032;258107712217;185;2,9;2;1;1
258107712217;258107712261;44;2,9;2;1;1
258107712261;258107712364;103;2,9;2;1;1
258107712364;258107712636;272;2,9;2;1;1
258107712636;258107712638;2;2,9;2;1;1
258107712638;258107712648;10;2,9;2;1;1
258107712648;258107712721;73;2,9;2;1;1
258107712721;258107712725;4;2,9;2;1;1
258107712725;258107712736;11;2,9;2;1;1
258107712736;258107712805;69;2,9;2;1;1
258107712805;258107712900;95;2,9;2;1;1
258107712900;258107712979;79;2,9;2;1;1
258107712979;258107713156;177;2,9;2;1;1
258107713156;258107713176;20;2,9;2;1;1
258107713176;258107713249;73;2,9;2;1;1
258107713249;258107713368;119;2,9;2;1;1
258107713368;258107713395;27;2,9;2;1;1
258107713395;258107713453;58;2,9;2;1;1
258107713453;258107713576;123;2,9;2;1;1
258107713576;258107713749;173;2,9;2;1;1
258107713749;258107713828;79;2,9;2;1;1
258107713828;258107713880;52;2,9;2;1;1
258107713880;258107713886;6;2,9;2;1;1
258107713886;258107713897;11;2,9;2;1;1
258107713897;258107713923;26;2,9;2;1;1
258107713923;258107714059;136;2,9;2;1;1
258107714059;258107714074;15;2,9;2;1;1
258107714074;258107714098;24;2,9;2;1;1
258107714098;258107714196;98;2,9;2;1;1
258107714196;258107714240;44;2,9;2;1;1
258107714240;258107714277;37;2,9;2;1;1
258107714277;258107714321;44;2,9;2;1;1
258107714321;258107714384;63;2,9;2;1;1
258107714384;258107714457;73;2,9;2;1;1
258107714457;258107714491;34;2,9;2;1;1
258107714491;258107714502;11;2,9;2;1;1
258107714502;258107714615;113;2,9;2;1;1
258107714615;258107714619;4;2,9;2;1;1
258107714619;258107714669;50;2,9;2;1;1
258107714669;258107714754;85;2,9;2;1;1
258107714754;258107714999;245;2,9;2;1;1
258107714999;258107715134;135;2,9;2;1;1
258107715134;258107715270;136;2,9;2;1;1
258107715270;258107715605;335;2,9;2;1;1
258107715605;258107715857;252;2,9;2;1;1
258107715857;258107715914;57;2,9;2;1;1
258107715914;258107716061;147;2,9;2;1;1
258107716061;258107716103;42;2,9;2;1;1
258107716103;258107716650;547;2,9;2;1;1
258107716650;258107716984;334;2,9;2;1;1
258107716984;258107717207;223;2,9;2;1;1
258107717207;258107717279;72;2,9;2;1;1
258107717279;258107717518;239;2,9;2;1;1
258107717518;258107717724;206;2,9;2;1;1
258107717724;258107717851;127;2,9;2;1;1
258107717851;258107717923;72;2,9;2;1;1
258107717923;258107718464;541;2,9;2;1;1
258107718464;258107720772;2308;2,9;2;1;1
258107720772;258107720877;105;2,9;2;1;1
258107720877;258107721238;361;2,9;2;1;1
258107721238;258107721380;142;2,9;2;1;1
258107721380;258107721444;64;2,9;2;1;1
258107721444;258107721861;417;2,9;2;1;1
258107721861;258107722066;205;2,9;2;1;1
258107722066;258107722546;480;2,9;2;1;1
258107722546;258107723242;696;2,9;2;1;1
258107723242;258107723347;105;2,9;2;1;1
258107723347;258107723441;94;2,9;2;1;1
258107723441;258107723653;212;2,9;2;1;1
258107723653;258107723920;267;2,9;2;1;1
258107723920;258107723997;77;2,9;2;1;1
258107723997;258107724255;258;2,9;2;1;1
258107724255;258107724289;34;2,9;2;1;1
258107724289;258107724399;110;2,9;2;1;1
258107724399;258107724509;110;2,9;2;1;1
258107724509;258107724645;136;2,9;2;1;1
258107724645;258107724692;47;2,9;2;1;1
258107724692;258107724745;53;2,9;2;1;1
258107724745;258107724951;206;2,9;2;1;1
258107724951;258107725229;278;2,9;2;1;1
258107725229;258107725488;259;2,9;2;1;1
258107725488;258107725948;460;2,9;2;1;1
258107725948;258107726098;150;2,9;2;1;1
258107726098;258107726242;144;2,9;2;1;1
258107726242;258107726251;9;2,9;2;1;1
258107726251;258107726408;157;2,9;2;1;1
258107726408;258107726423;15;9;1;1;1
258107726423;258107726567;144;9;1;1;1
258107726567;258107726607;40;9;1;1;1
258107726607;258107726648;41;9;1;1;1
258107726648;258107726666;18;9;1;1;1
258107726666;258107726670;4;9;1;1;1
258107726670;258107726728;58;9;1;1;1
258107726728;258107726813;85;9;1;1;1
258107726813;258107726855;42;9;1;1;1
258107726855;258107726863;8;9;1;1;1
258107726863;258107726906;43;9;1;1;1
258107726906;258107726968;62;9;1;1;1
258107726968;258107727004;36;9;1;1;1
258107727004;258107727042;38;9;1;1;1
258107727042;258107727090;48;9;1;1;1
258107727090;258107727137;47;9;1;1;1
258107727137;258107727202;65;9;1;1;1
258107727202;258107727219;17;9;1;1;1
258107727219;258107727292;73;9;1;1;1
258107727292;258107727333;41;9;1;1;1
258107727333;258107727454;121;9;1;1;1
258107727454;258107727568;114;9;1;1;1
258107727568;258107727595;27;9;1;1;1
258107727595;258107727641;46;9;1;1;1
258107727641;258107727668;27;9;1;1;1
258107727668;258107728034;366;9;1;1;1
258107728034;258107728628;594;9;1;1;1
258107728628;258107728803;175;9;1;1;1
258107728803;258107729462;659;9;1;1;1
258107729462;258107729504;42;9;1;1;1
258107729504;258107729919;415;9;1;1;1
258107729919;258107735096;5177;9;1;1;1
258107735096;258107735712;616;9;1;1;1
258107735712;258107735915;203;9;1;1;1
258107735915;258107736136;221;9;1;1;1
258107736136;258107736275;139;9;1;1;1
258107736275;258107738617;2342;9;1;1;1
258107738617;258107738737;120;9;1;1;1
258107738737;258107738832;95;9;1;1;1
258107738832;258107738982;150;9;1;1;1
258107738982;258107739120;138;9;1;1;1
258107739120;258107739879;759;9;1;1;1
258107739879;258107740217;338;9;1;1;1
258107740217;258107740448;231;9;1;1;1
258107740448;258107740618;170;9;1;1;1
258107740618;258107740864;246;9;1;1;1
258107740864;258107741072;208;9;1;1;1
258107741072;258107741485;413;9;1;1;1
258107741485;258107741644;159;9;1;1;1
258107741644;258107741817;173;9;1;1;1
258107741817;258107741910;93;9;1;1;1
258107741910;258107741957;47;9;1;1;1
258107741957;258107742025;68;9;1;1;1
258107742025;258107742120;95;9;1;1;1
258107742120;258107742382;262;9;1;1;1
258107742382;258107745310;2928;9;1;1;1
258107745310;258107745609;299;9;1;1;1
258107745609;258107745663;54;9;1;1;1
258107745663;258107745895;232;9;1;1;1
258107745895;258107745903;8;9;1;1;1
258107745903;258107745954;51;9;1;1;1
258107745954;258107746047;93;9;1;1;1
258107746047;258107746165;118;9;1;1;1
258107746165;258107746305;140;9;1;1;1
258107746305;258107746352;47;9;1;1;1
258107746352;258107746831;479;9;1;1;1
258107746831;258107747691;860;9;1;1;1
258107747691;258107748674;983;9;1;1;1
258107748674;258107748982;308;9;1;1;1
258107748982;258107749133;151;9;1;1;1
258107749133;258107749300;167;9;1;1;1
258107749300;258107749875;575;9;1;1;1
258107749875;258107749925;50;9;1;1;1
258107749925;258107750053;128;9;1;1;1
258107750053;258107750077;24;9;1;1;1
258107750077;258107750216;139;9;1;1;1
258107750216;258107750258;42;9;1;1;1
258107750258;258107750465;207;9;1;1;1
258107750465;258107750557;92;9;1;1;1
258107750557;258107751029;472;9;1;1;1
258107751029;258107752788;1759;9;1;1;1
258107752788;258107755147;2359;9;1;1;1
258107755147;258107755161;14;9;1;1;1
258107755161;258107756672;1511;9;1;1;1
258107756672;258107756785;113;9;1;1;1
258107756785;258107756955;170;9;1;1;1
258107756955;258107758956;2001;2,9;2;1;1
258107758956;258107759062;106;2,9;2;1;1
258107759062;258107759532;470;2,9;2;1;1
258107759532;258107759556;24;2,9;2;1;1
258107759556;258107759836;280;2,9;2;1;1
258107759836;258107759856;20;2,9;2;1;1
258107759856;258107759877;21;2,9;2;1;1
258107759877;258107760226;349;2,9;2;1;1
258107760226;258107760345;119;2,9;2;1;1
258107760345;258107760681;336;2,9;2;1;1
258107760681;258107760954;273;2,9;2;1;1
258107760954;258107761920;966;2,9;2;1;1
258107761920;258107762219;299;2,9;2;1;1
258107762219;258107763738;1519;2,9;2;1;1
258107763738;258107764265;527;2,9;2;1;1
258107764265;258107765738;1473;2,9;2;1;1
258107765738;258107766031;293;2,9;2;1;1
258107766031;258107766243;212;9;1;1;1
258107766243;258107766470;227;9;1;1;1
258107766470;258107766913;443;9;1;1;1
258107766913;258107767213;300;9;1;1;1
258107767213;258107767836;623;9;1;1;1
258107767836;258107768540;704;9;1;1;1
258107768540;258107769501;961;9;1;1;1
258107769501;258107771376;1875;2,9;2;1;1
258107771376;258107771425;49;2,9;2;1;1
258107771425;258107771535;110;2,9;2;1;1
258107771535;258107771579;44;2,9;2;1;1
258107771579;258107771691;112;2,9;2;1;1
258107771691;258107772994;1303;2,9;2;1;1
258107772994;258107774359;1365;2,9;2;1;1
258107774359;258107775366;1007;9;1;1;1
258107775366;258107776901;1535;9;1;1;1
258107776901;258107777475;574;9;1;1;1
258107777475;258107778039;564;2,9;2;1;1
258107778039;258107778654;615;2,9;2;1;1
258107778654;258107778690;36;2,9;2;1;1
258107778690;258107779679;989;2,9;2;1;1
258107779679;258107780243;564;2,9;2;1;1
258107780243;258107782880;2637;9;1;1;1
258107782880;258107783045;165;9;1;1;1
258107783045;258107783155;110;9;1;1;1
258107783155;258107784461;1306;9;1;1;1
258107784461;258107784580;119;9;1;1;1
258107784580;258107784782;202;9;1;1;1
258107784782;258107784902;120;9;1;1;1
258107784902;258107785062;160;9;1;1;1
258107785062;258107785454;392;9;1;1;1
258107785454;258107785642;188;9;1;1;1
258107785642;258107788394;2752;9;1;1;1
258107788394;258107788607;213;9;1;1;1
258107788607;258107788682;75;9;1;1;1
258107788682;258107789714;1032;9;1;1;1
258107789714;258107791325;1611;9;1;1;1
258107791325;258107792602;1277;2,9;2;1;1
258107792602;258107793457;855;9;1;1;1
258107793457;258107793619;162;9;1;1;1
258107793619;258107793739;120;9;1;1;1
258107793739;258107793899;160;9;1;1;1
258107793899;258107794661;762;2,9;2;1;1
258107794661;258107794875;214;2,9;2;1;1
258107794875;258107795187;312;2,9;2;1;1
258107795187;258107795747;560;2,9;2;1;1
258107795747;258107796628;881;2,9;2;1;1
258107796628;258107796740;112;2,9;2;1;1
258107796740;258107797475;735;2,9;2;1;1
258107797475;258107798236;761;2,9;2;1;1
258107798236;258107799758;1522;9;1;1;1
258107799758;258107801252;1494;9;1;1;1
258107801252;258107801964;712;2,9;2;1;1
258107801964;258107802126;162;9;1;1;1
258107802126;258107802702;576;2,9;2;1;1
258107802702;258107802861;159;2,9;2;1;1
258107802861;258107803306;445;2,9;2;1;1
258107803306;258107803480;174;2,9;2;1;1
258107803480;258107803817;337;2,9;2;1;1
258107803817;258107804016;199;2,9;2;1;1
258107804016;258107804289;273;2,9;2;1;1
258107804289;258107805385;1096;9;1;1;1
258107805385;258107805441;56;9;1;1;1
258107805441;258107807020;1579;9;1;1;1
258107807020;258107808353;1333;9;1;1;1
258107808353;258107809532;1179;9;1;1;1
258107809532;258107811912;2380;9;1;1;1
258107811912;258107812086;174;9;1;1;1
258107812086;258107812229;143;9;1;1;1
258107812229;258107812543;314;9;1;1;1
258107812543;258107813382;839;9;1;1;1
258107813382;258107814317;935;9;1;1;1
258107814317;258107814434;117;9;1;1;1
258107814434;258107814527;93;9;1;1;1
258107814527;258107815015;488;9;1;1;1
258107815015;258107816918;1903;9;1;1;1
258107816918;258107817122;204;9;1;1;1
258107817122;258107818617;1495;9;1;1;1
258107818617;258107818875;258;9;1;1;1
258107818875;258107818996;121;9;1;1;1
258107818996;258107819194;198;9;1;1;1
258107819194;258107819536;342;9;1;1;1
258107819536;258107819608;72;9;1;1;1
258107819608;258107820167;559;9;1;1;1
258107820167;258107820265;98;9;1;1;1
258107820265;258107820343;78;9;1;1;1
258107820343;258107820479;136;9;1;1;1
258107820479;258107820866;387;9;1;1;1
258107820866;258107821148;282;9;1;1;1
258107821148;258107829894;8746;9;1;1;1
258107829894;258107829947;53;9;1;1;1
258107829947;258107830059;112;9;1;1;1
258107830059;258107830172;113;9;1;1;1
258107830172;258107830360;188;9;1;1;1
258107830360;258107831638;1278;9;1;1;1
258107831638;258107832189;551;9;1;1;1
258107832189;258107832417;228;9;1;1;1
258107832417;258107833008;591;9;1;1;1
258107833008;258107835205;2197;9;1;1;1
258107835205;258107835299;94;9;1;1;1
258107835299;258107836827;1528;9;1;1;1
258107836827;258107837392;565;9;1;1;1
258107837392;258107837845;453;9;1;1;1
258107837845;258107838483;638;9;1;1;1
258107838483;258107840008;1525;9;1;1;1
258107840008;258107840635;627;9;1;1;1
258107840635;258107840759;124;9;1;1;1
258107840759;258107840949;190;9;1;1;1
258107840949;258107841289;340;9;1;1;1
258107841289;258107841611;322;9;1;1;1
258107841611;258107842238;627;9;1;1;1
258107842238;258107845099;2861;9;1;1;1
258107845099;258107846491;1392;9;1;1;1
258107846491;258107846994;503;9;1;1;1
258107846994;258107847561;567;2,9;2;1;1
258107847561;258107848010;449;2,9;2;1;1
258107848010;258107848091;81;2,9;2;1;1
258107848091;258107848159;68;2,9;2;1;1
258107848159;258107848224;65;2,9;2;1;1
258107848224;258107848714;490;2,9;2;1;1
258107848714;258107848979;265;2,9;2;1;1
258107848979;258107849382;403;2,9;2;1;1
258107849382;258107849498;116;2,9;2;1;1
258107849498;258107849607;109;2,9;2;1;1
258107849607;258107852310;2703;2,9;2;1;1
258107852310;258107852534;224;2,9;2;1;1
258107852534;258107854021;1487;2,9;2;1;1
258107854021;258107854303;282;2,9;2;1;1
258107854303;258107856045;1742;2,9;2;1;1
258107856045;258107856204;159;2,9;2;1;1
258107856204;258107856259;55;2,9;2;1;1
258107856259;258107857882;1623;2,9;2;1;1
258107857882;258107858482;600;2,9;2;1;1
258107858482;258107858507;25;2,9;2;1;1
258107858507;258107858738;231;2,9;2;1;1
258107858738;258107859444;706;2,9;2;1;1
258107859444;258107860460;1016;2,9;2;1;1
258107860460;258107860617;157;2,9;2;1;1
258107860617;258107861195;578;2,9;2;1;1
258107861195;258107861307;112;2,9;2;1;1
258107861307;258107861449;142;2,9;2;1;1
258107861449;258107861697;248;2,9;2;1;1
258107861697;258107861830;133;2,9;2;1;1
258107861830;258107866516;4686;2,9;2;1;1
258107866516;258107867641;1125;2,9;2;1;1
258107867641;258107869476;1835;2,9;2;1;1
258107869476;258107869719;243;2,9;2;1;1
258107869719;258107870563;844;2,9;2;1;1
258107870563;258107871511;948;2,9;2;1;1
258107871511;258107871880;369;2,9;2;1;1
258107871880;258107874107;2227;2,9;2;1;1
258107874107;258107874156;49;2,9;2;1;1
258107874156;258107874243;87;2,9;2;1;1
258107874243;258107874306;63;2,9;2;1;1
258107874306;258107874520;214;2,9;2;1;1
258107874520;258107874694;174;2,9;2;1;1
258107874694;258107875685;991;2,9;2;1;1
258107875685;258107875842;157;2,9;2;1;1
258107875842;258107875925;83;2,9;2;1;1
258107875925;258107876102;177;2,9;2;1;1
258107876102;258107876169;67;2,9;2;1;1
258107876169;258107876364;195;2,9;2;1;1
258107876364;258107876901;537;2,9;2;1;1
258107876901;258107877001;100;2,9;2;1;1
258107877001;258107877050;49;2,9;2;1;1
258107877050;258107877250;200;2,9;2;1;1
258107877250;258107877433;183;2,9;2;1;1
258107877433;258107878254;821;2,9;2;1;1
258107878254;258107878763;509;2,9;2;1;1
258107878763;258107881347;2584;2,9;2;1;1
258107881347;258107881538;191;2,9;2;1;1
258107881538;258107881634;96;2,9;2;1;1
258107881634;258107881846;212;2,9;2;1;1
258107881846;258107882548;702;2,9;2;1;1
258107882548;258107884699;2151;2,9;2;1;1
258107884699;258107885567;868;2,9;2;1;1
258107885567;258107885625;58;2,9;2;1;1
258107885625;258107886046;421;2,9;2;1;1
258107886046;258107886142;96;2,9;2;1;1
258107886142;258107886259;117;2,9;2;1;1
258107886259;258107886707;448;2,9;2;1;1
258107886707;258107887401;694;2,9;2;1;1
258107887401;258107887447;46;2,9;2;1;1
258107887447;258107887636;189;2,9;2;1;1
258107887636;258107887682;46;2,9;2;1;1
258107887682;258107889347;1665;2,9;2;1;1
258107889347;258107889826;479;2,9;2;1;1
258107889826;258107893322;3496;2,9;2;1;1
258107893322;258107893745;423;2,9;2;1;1
258107893745;258107894117;372;2,9;2;1;1
258107894117;258107896461;2344;2,9;2;1;1
258107896461;258107897556;1095;2,9;2;1;1
258107897556;258107902304;4748;2,9;2;1;1
258107902304;258107902568;264;2,9;2;1;1
258107902568;258107903268;700;2,9;2;1;1
258107903268;258107903619;351;2,9;2;1;1
258107903619;258107903929;310;2,9;2;1;1
258107903929;258107904264;335;2,9;2;1;1
258107904264;258107904459;195;2,9;2;1;1
258107904459;258107904628;169;2,9;2;1;1
258107904628;258107904691;63;2,9;2;1;1
258107904691;258107904907;216;2,9;2;1;1
258107904907;258107905378;471;2,9;2;1;1
258107905378;258107905468;90;2,9;2;1;1
258107905468;258107906332;864;2,9;2;1;1
258107906332;258107906800;468;2,9;2;1;1
258107906800;258107907217;417;2,9;2;1;1
258107907217;258107907454;237;2,9;2;1;1
258107907454;258107908023;569;9;1;1;1
258107908023;258107908087;64;9;1;1;1
258107908087;258107908739;652;9;1;1;1
258107908739;258107911567;2828;9;1;1;1
258107911567;258107912124;557;9;1;1;1
258107912124;258107913299;1175;9;1;1;1
258107913299;258107918088;4789;9;1;1;1
258107918088;258107922751;4663;9;1;1;1
258107922751;258107923257;506;9;1;1;1
258107923257;258107925820;2563;9;1;1;1
258107925820;258107925862;42;9;1;1;1
258107925862;258107925894;32;9;1;1;1
258107925894;258107926162;268;9;1;1;1
258107926162;258107926199;37;9;1;1;1
258107926199;258107926237;38;9;1;1;1
258107926237;258107926881;644;9;1;1;1
258107926881;258107929536;2655;9;1;1;1
258107929536;258107937055;7519;9;1;1;1
258107937055;258107949555;12500;9;1;1;1
258107949555;258107960252;10697;9;1;1;1
258107960252;258107963874;3622;2,9;2;1;1
258107963874;258107964698;824;2,9;2;1;1
258107964698;258107967694;2996;2,9;2;1;1
258107967694;258107967746;52;2,9;2;1;1
258107967746;258107967816;70;2,9;2;1;1
258107967816;258107967917;101;2,9;2;1;1
258107967917;258107968056;139;2,9;2;1;1
258107968056;258107968140;84;2,9;2;1;1
258107968140;258107968210;70;2,9;2;1;1
258107968210;258107975692;7482;2,9;2;1;1
258107975692;258107976809;1117;2,9;2;1;1
258107976809;258107987468;10659;2,9;2;1;1
258107987468;258107989464;1996;2,9;2;1;1
258107989464;258107997630;8166;9;1;1;1
258107997630;258107998679;1049;9;1;1;1
258107998679;258108003444;4765;9;1;1;1
258108003444;258108004719;1275;9;1;1;1
258108004719;258108005032;313;9;1;1;1
258108005032;258108009866;4834;9;1;1;1
258108009866;258108009874;8;9;1;1;1
258108009874;258108009924;50;9;1;1;1
258108009924;258108009950;26;9;1;1;1
258108009950;258108012290;2340;9;1;1;1
258108012290;258108012637;347;9;1;1;1
258108012637;258108012811;174;9;1;1;1
258108012811;258108013440;629;9;1;1;1
258108013440;258108015283;1843;9;1;1;1
258108015283;258108015408;125;2,9;2;1;1
258108015408;258108015431;23;2,9;2;1;1
258108015431;258108015487;56;2,9;2;1;1
258108015487;258108015936;449;2,9;2;1;1
258108015936;258108017791;1855;9;1;1;1
258108017791;258108018004;213;9;1;1;1
258108018004;258108024957;6953;9;1;1;1
258108024957;258108026975;2018;9;1;1;1
258108026975;258108027675;700;9;1;1;1
258108027675;258108029426;1751;9;1;1;1
258108029426;258108030145;719;9;1;1;1
258108030145;258108034826;4681;9;1;1;1
258108034826;258108034895;69;9;1;1;1
258108034895;258108035774;879;9;1;1;1
258108035774;258108035787;13;9;1;1;1
258108035787;258108035808;21;9;1;1;1
258108035808;258108052158;16350;9;1;1;1
258108052158;258108062922;10764;9;1;1;1
258108062922;258108063353;431;9;1;1;1
258108063353;258108081122;17769;9;1;1;1
258108081122;258108083272;2150;2,9;2;1;1
258108083272;258108086118;2846;2,9;2;1;1
258108086118;258108090913;4795;2,9;2;1;1
258108090913;258108100022;9109;2,9;2;1;1
258108100022;258108100650;628;2,9;2;1;1
258108100650;258108101587;937;2,9;2;1;1
258108101587;258108102282;695;2,9;2;1;1
258108102282;258108108023;5741;2,9;2;1;1
258108108023;258108111684;3661;2,9;2;1;1
258108111684;258108111733;49;2,9;2;1;1
258108111733;258108112184;451;2,9;2;1;1
258108112184;258108112226;42;2,9;2;1;1
258108112226;258108112466;240;2,9;2;1;1
258108112466;258108113762;1296;2,9;2;1;1
258108113762;258108115969;2207;2,9;2;1;1
258108115969;258108123060;7091;2,9;2;1;1
258108123060;258108132978;9918;2,9;2;1;1
258108132978;258108133228;250;2,9;2;1;1
258108133228;258108134197;969;2,9;2;1;1
258108134197;258108136077;1880;2,9;2;1;1
258108136077;258108136575;498;2,9;2;1;1
258108136575;258108137546;971;2,9;2;1;1
258108137546;258108137754;208;2,9;2;1;1
258108137754;258108138248;494;2,9;2;1;1
258108138248;258108138965;717;2,9;2;1;1
258108138965;258108145170;6205;9;1;1;1
258108145170;258108154694;9524;9;1;1;1
258108154694;258108154729;35;9;1;1;1
258108154729;258108154943;214;9;1;1;1
258108154943;258108155068;125;9;1;1;1
258108155068;258108177609;22541;9;1;1;1
258108177609;258108180849;3240;9;1;1;1
258108180849;258108181164;315;9;1;1;1
258108181164;258108191103;9939;9;1;1;1
258108191103;258108212972;21869;2,9;2;1;1
258108212972;258108219614;6642;2,9;2;1;1
258108219614;258108223278;3664;9;1;1;1
258108223278;258108223327;49;9;1;1;1
258108223327;258108245866;22539;9;1;1;1
258108245866;258108247502;1636;2,9;2;1;1
258108247502;258108248060;558;2,9;2;1;1
258108248060;258108250834;2774;2,9;2;1;1
258108250834;258108253947;3113;9;1;1;1
258108253947;258108254241;294;2,9;2;1;1
258108254241;258108255457;1216;2,9;2;1;1
258108255457;258108255638;181;2,9;2;1;1
258108255638;258108257158;1520;2,9;2;1;1
258108257158;258108259763;2605;9;1;1;1
258108259763;258108260701;938;2,9;2;1;1
258108260701;258108261058;357;2,9;2;1;1
258108261058;258108262801;1743;2,9;2;1;1
258108262801;258108262887;86;2,9;2;1;1
258108262887;258108263059;172;2,9;2;1;1
258108263059;258108263094;35;2,9;2;1;1
258108263094;258108265416;2322;2,9;2;1;1
258108265416;258108265438;22;2,9;2;1;1
258108265438;258108265451;13;2,9;2;1;1
258108265451;258108265489;38;2,9;2;1;1
258108265489;258108265964;475;2,9;2;1;1
258108265964;258108267734;1770;2,9;2;1;1
258108267734;258108270659;2925;9;1;1;1
258108270659;258108271277;618;2,9;2;1;1
258108271277;258108293302;22025;9;1;1;1
258108293302;258108302427;9125;9;1;1;1
258108302427;258108302519;92;9;1;1;1
258108302519;258108302573;54;9;1;1;1
258108302573;258108302816;243;9;1;1;1
258108302816;258108303310;494;9;1;1;1
258108303310;258108312360;9050;9;1;1;1
258108312360;258108314858;2498;2,9;2;1;1
258108314858;258108317143;2285;2,9;2;1;1
258108317143;258108318442;1299;2,9;2;1;1
258108318442;258108321655;3213;2,9;2;1;1
258108321655;258108324942;3287;2,9;2;1;1
258108324942;258108324974;32;2,9;2;1;1
258108324974;258108336536;11562;2,9;2;1;1
258108336536;258108336782;246;2,9;2;1;1
258108336782;258108343858;7076;2,9;2;1;1
258108343858;258108346645;2787;2,9;2;1;1
258108346645;258108348027;1382;2,9;2;1;1
258108348027;258108350605;2578;2,9;2;1;1
258108350605;258108351428;823;2,9;2;1;1
258108351428;258108352018;590;2,9;2;1;1
258108352018;258108352552;534;2,9;2;1;1
258108352552;258108353018;466;2,9;2;1;1
258108353018;258108353295;277;2,9;2;1;1
258108353295;258108354562;1267;2,9;2;1;1
258108354562;258108355411;849;2,9;2;1;1
258108355411;258108355486;75;2,9;2;1;1
258108355486;258108356380;894;2,9;2;1;1
258108356380;258108356494;114;2,9;2;1;1
258108356494;258108362098;5604;9;1;1;1
258108362098;258108365834;3736;9;1;1;1
258108365834;258108366287;453;9;1;1;1
258108366287;258108370048;3761;9;1;1;1
258108370048;258108370056;8;9;1;1;1
258108370056;258108370106;50;9;1;1;1
258108370106;258108370115;9;9;1;1;1
258108370115;258108370166;51;9;1;1;1
258108370166;258108370193;27;9;1;1;1
258108370193;258108370247;54;9;1;1;1
258108370247;258108372506;2259;9;1;1;1
258108372506;258108372523;17;9;1;1;1
258108372523;258108372575;52;9;1;1;1
258108372575;258108372590;15;9;1;1;1
258108372590;258108373066;476;9;1;1;1
258108373066;258108373295;229;9;1;1;1
258108373295;258108373333;38;9;1;1;1
258108373333;258108408683;35350;9;1;1;1
258108408683;258108424219;15536;9;1;1;1
258108424219;258108452849;28630;2,9;2;1;1
258108452849;258108512065;59216;9;1;1;1
258108512065;258108513964;1899;2,9;2;1;1
258108513964;258108516558;2594;2,9;2;1;1
258108516558;258108523615;7057;2,9;2;1;1
258108523615;258108525040;1425;2,9;2;1;1
258108525040;258108527226;2186;2,9;2;1;1
258108527226;258108527299;73;2,9;2;1;1
258108527299;258108527433;134;2,9;2;1;1
258108527433;258108527538;105;2,9;2;1;1
258108527538;258108527629;91;2,9;2;1;1
258108527629;258108532893;5264;2,9;2;1;1
258108532893;258108536023;3130;2,9;2;1;1
258108536023;258108537967;1944;2,9;2;1;1
258108537967;258108540738;2771;2,9;2;1;1
258108540738;258108541723;985;2,9;2;1;1
258108541723;258108550016;8293;2,9;2;1;1
258108550016;258108560953;10937;2,9;2;1;1
258108560953;258108561891;938;2,9;2;1;1
258108561891;258108565115;3224;2,9;2;1;1
258108565115;258108565636;521;2,9;2;1;1
258108565636;258108566114;478;2,9;2;1;1
258108566114;258108566156;42;2,9;2;1;1
258108566156;258108567131;975;2,9;2;1;1
258108567131;258108568072;941;2,9;2;1;1
258108568072;258108569411;1339;2,9;2;1;1
258108569411;258108570423;1012;2,9;2;1;1
258108570423;258108571158;735;2,9;2;1;1
258108571158;258108576808;5650;9;1;1;1
258108576808;258108576859;51;9;1;1;1
258108576859;258108576884;25;9;1;1;1
258108576884;258108576956;72;9;1;1;1
258108576956;258108577060;104;9;1;1;1
258108577060;258108577424;364;9;1;1;1
258108577424;258108577469;45;9;1;1;1
258108577469;258108598396;20927;9;1;1;1
258108598396;258108620026;21630;9;1;1;1
258108620026;258108630057;10031;2,9;2;1;1
258108630057;258108638675;8618;2,9;2;1;1
258108638675;258108638679;4;2,9;2;1;1
258108638679;258108641419;2740;2,9;2;1;1
258108641419;258108646403;4984;2,9;2;1;1
258108646403;258108650522;4119;9;1;1;1
258108650522;258108650633;111;9;1;1;1
258108650633;258108672291;21658;9;1;1;1
258108672291;258108672427;136;9;1;1;1
258108672427;258108673093;666;2,9;2;1;1
258108673093;258108675478;2385;9;1;1;1
258108675478;258108675693;215;9;1;1;1
258108675693;258108700327;24634;9;1;1;1
258108700327;258108730430;30103;9;1;1;1
258108730430;258108731484;1054;9;1;1;1
258108731484;258108733080;1596;2,9;2;1;1
258108733080;258108734222;1142;2,9;2;1;1
258108734222;258108745944;11722;2,9;2;1;1
258108745944;258108748171;2227;2,9;2;1;1
258108748171;258108750047;1876;2,9;2;1;1
258108750047;258108756398;6351;2,9;2;1;1
258108756398;258108760732;4334;2,9;2;1;1
258108760732;258108765492;4760;2,9;2;1;1
258108765492;258108765884;392;2,9;2;1;1
258108765884;258108767210;1326;2,9;2;1;1
258108767210;258108768260;1050;2,9;2;1;1
258108768260;258108771094;2834;2,9;2;1;1
258108771094;258108771984;890;2,9;2;1;1
258108771984;258108776409;4425;9;1;1;1
258108776409;258108776502;93;9;1;1;1
258108776502;258108777365;863;9;1;1;1
258108777365;258108777995;630;2,9;2;1;1
258108777995;258108778038;43;2,9;2;1;1
258108778038;258108779713;1675;2,9;2;1;1
258108779713;258108781691;1978;2,9;2;1;1
258108781691;258108783367;1676;2,9;2;1;1
258108783367;258108783789;422;2,9;2;1;1
258108783789;258108784020;231;2,9;2;1;1
258108784020;258108840720;56700;9;1;1;1
258108840720;258108840930;210;9;1;1;1
258108840930;258108843280;2350;9;1;1;1
258108843280;258108869957;26677;2,9;2;1;1
258108869957;258108884662;14705;9;1;1;1
258108884662;258108895795;11133;9;1;1;1
258108895795;258108895883;88;9;1;1;1
258108895883;258108897767;1884;9;1;1;1
258108897767;258108898591;824;2,9;2;1;1
258108898591;258108935300;36709;9;1;1;1
258108935300;258108944814;9514;9;1;1;1
258108944814;258108945058;244;9;1;1;1
258108945058;258108975331;30273;9;1;1;1
258108975331;258108977274;1943;2,9;2;1;1
258108977274;258108983752;6478;2,9;2;1;1
258108983752;258108992332;8580;2,9;2;1;1
258108992332;258108997582;5250;2,9;2;1;1
258108997582;258109001695;4113;2,9;2;1;1
258109001695;258109001918;223;2,9;2;1;1
258109001918;258109004155;2237;2,9;2;1;1
258109004155;258109004235;80;2,9;2;1;1
258109004235;258109005086;851;2,9;2;1;1
258109005086;258109006989;1903;2,9;2;1;1
258109006989;258109007960;971;2,9;2;1;1
258109007960;258109008241;281;2,9;2;1;1
258109008241;258109008804;563;9;1;1;1
258109008804;258109009081;277;9;1;1;1
258109009081;258109009258;177;9;1;1;1
258109009258;258109009317;59;9;1;1;1
258109009317;258109009359;42;9;1;1;1
258109009359;258109009385;26;2,9;2;1;1
258109009385;258109009416;31;2,9;2;1;1
258109009416;258109010145;729;2,9;2;1;1
258109010145;258109010358;213;2,9;2;1;1
258109010358;258109013607;3249;2,9;2;1;1
258109013607;258109014214;607;9;1;1;1
258109014214;258109014931;717;2,9;2;1;1
258109014931;258109038512;23581;9;1;1;1
258109038512;258109041239;2727;9;1;1;1
258109041239;258109041464;225;9;1;1;1
258109041464;258109051091;9627;9;1;1;1
258109051091;258109080806;29715;9;1;1;1
258109080806;258109092395;11589;2,9;2;1;1
258109092395;258109107321;14926;2,9;2;1;1
258109107321;258109123961;16640;9;1;1;1
258109123961;258109127204;3243;9;1;1;1
258109127204;258109127258;54;9;1;1;1
258109127258;258109127432;174;9;1;1;1
258109127432;258109127712;280;9;1;1;1
258109127712;258109127764;52;9;1;1;1
258109127764;258109133700;5936;9;1;1;1
258109133700;258109136943;3243;2,9;2;1;1
258109136943;258109137299;356;2,9;2;1;1
258109137299;258109137908;609;2,9;2;1;1
258109137908;258109138713;805;2,9;2;1;1
258109138713;258109144370;5657;9;1;1;1
258109144370;258109144391;21;2,9;2;1;1
258109144391;258109145639;1248;2,9;2;1;1
258109145639;258109146826;1187;2,9;2;1;1
258109146826;258109149744;2918;2,9;2;1;1
258109149744;258109151904;2160;2,9;2;1;1
258109151904;258109152526;622;2,9;2;1;1
258109152526;258109155833;3307;2,9;2;1;1
258109155833;258109157572;1739;9;1;1;1
258109157572;258109158625;1053;2,9;2;1;1
258109158625;258109161300;2675;9;1;1;1
258109161300;258109162583;1283;2,9;2;1;1
258109162583;258109184727;22144;9;1;1;1
258109184727;258109189300;4573;9;1;1;1
258109189300;258109189759;459;9;1;1;1
258109189759;258109194998;5239;9;1;1;1
258109194998;258109195047;49;9;1;1;1
258109195047;258109200228;5181;9;1;1;1
258109200228;258109204111;3883;2,9;2;1;1
258109204111;258109204837;726;2,9;2;1;1
258109204837;258109204885;48;2,9;2;1;1
258109204885;258109205205;320;2,9;2;1;1
258109205205;258109206973;1768;2,9;2;1;1
258109206973;258109215403;8430;2,9;2;1;1
258109215403;258109215765;362;2,9;2;1;1
258109215765;258109222197;6432;2,9;2;1;1
258109222197;258109225197;3000;2,9;2;1;1
258109225197;258109227730;2533;2,9;2;1;1
258109227730;258109231098;3368;2,9;2;1;1
258109231098;258109232096;998;2,9;2;1;1
258109232096;258109234691;2595;2,9;2;1;1
258109234691;258109249761;15070;2,9;2;1;1
258109249761;258109251321;1560;2,9;2;1;1
258109251321;258109252629;1308;2,9;2;1;1
258109252629;258109253070;441;2,9;2;1;1
258109253070;258109254117;1047;2,9;2;1;1
258109254117;258109254654;537;2,9;2;1;1
258109254654;258109261708;7054;2,9;2;1;1
258109261708;258109261755;47;2,9;2;1;1
258109261755;258109262581;826;2,9;2;1;1
258109262581;258109263340;759;2,9;2;1;1
258109263340;258109298787;35447;9;1;1;1
258109298787;258109302398;3611;9;1;1;1
258109302398;258109302417;19;9;1;1;1
258109302417;258109302745;328;9;1;1;1
258109302745;258109302772;27;9;1;1;1
258109302772;258109311540;8768;9;1;1;1
258109311540;258109318138;6598;2,9;2;1;1
258109318138;258109320056;1918;2,9;2;1;1
258109320056;258109321322;1266;2,9;2;1;1
258109321322;258109333615;12293;2,9;2;1;1
258109333615;258109333991;376;2,9;2;1;1
258109333991;258109334416;425;2,9;2;1;1
258109334416;258109335572;1156;2,9;2;1;1
258109335572;258109336718;1146;2,9;2;1;1
258109336718;258109339246;2528;2,9;2;1;1
258109339246;258109341522;2276;2,9;2;1;1
258109341522;258109345558;4036;2,9;2;1;1
258109345558;258109345579;21;2,9;2;1;1
258109345579;258109345594;15;2,9;2;1;1
258109345594;258109345634;40;2,9;2;1;1
258109345634;258109345685;51;2,9;2;1;1
258109345685;258109345736;51;2,9;2;1;1
258109345736;258109345762;26;2,9;2;1;1
258109345762;258109345994;232;2,9;2;1;1
258109345994;258109348247;2253;2,9;2;1;1
258109348247;258109353580;5333;2,9;2;1;1
258109353580;258109357404;3824;2,9;2;1;1
258109357404;258109362799;5395;2,9;2;1;1
258109362799;258109363848;1049;2,9;2;1;1
258109363848;258109363859;11;2,9;2;1;1
258109363859;258109369665;5806;2,9;2;1;1
258109369665;258109370259;594;2,9;2;1;1
258109370259;258109370352;93;2,9;2;1;1
258109370352;258109370389;37;2,9;2;1;1
258109370389;258109371308;919;2,9;2;1;1
258109371308;258109388465;17157;9;1;1;1
258109388465;258109397921;9456;9;1;1;1
258109397921;258109398167;246;9;1;1;1
258109398167;258109398177;10;9;1;1;1
258109398177;258109398574;397;9;1;1;1
258109398574;258109398631;57;9;1;1;1
258109398631;258109398657;26;9;1;1;1
258109398657;258109399048;391;9;1;1;1
258109399048;258109426751;27703;9;1;1;1
258109426751;258109427864;1113;9;1;1;1
258109427864;258109429297;1433;2,9;2;1;1
258109429297;258109430000;703;2,9;2;1;1
258109430000;258109430358;358;2,9;2;1;1
258109430358;258109430633;275;2,9;2;1;1
258109430633;258109430670;37;2,9;2;1;1
258109430670;258109430705;35;2,9;2;1;1
258109430705;258109432726;2021;2,9;2;1;1
258109432726;258109442995;10269;2,9;2;1;1
258109442995;258109444946;1951;2,9;2;1;1
258109444946;258109449320;4374;2,9;2;1;1
258109449320;258109449632;312;2,9;2;1;1
258109449632;258109455828;6196;2,9;2;1;1
258109455828;258109457020;1192;2,9;2;1;1
258109457020;258109462693;5673;2,9;2;1;1
258109462693;258109467092;4399;2,9;2;1;1
258109467092;258109472171;5079;2,9;2;1;1
258109472171;258109473322;1151;2,9;2;1;1
258109473322;258109473920;598;2,9;2;1;1
258109473920;258109474421;501;2,9;2;1;1
258109474421;258109475593;1172;2,9;2;1;1
258109475593;258109477824;2231;2,9;2;1;1
258109477824;258109478131;307;2,9;2;1;1
258109478131;258109478549;418;2,9;2;1;1
258109478549;258109478944;395;2,9;2;1;1
258109478944;258109480327;1383;2,9;2;1;1
258109480327;258109480790;463;2,9;2;1;1
258109480790;258109481034;244;2,9;2;1;1
258109481034;258109481768;734;2,9;2;1;1
258109481768;258109497817;16049;9;1;1;1
258109497817;258109497852;35;9;1;1;1
258109497852;258109497912;60;9;1;1;1
258109497912;258109497967;55;9;1;1;1
258109497967;258109498096;129;9;1;1;1
258109498096;258109498268;172;9;1;1;1
258109498268;258109504377;6109;9;1;1;1
258109504377;258109536669;32292;9;1;1;1
258109536669;258109545929;9260;2,9;2;1;1
258109545929;258109546207;278;2,9;2;1;1
258109546207;258109546315;108;2,9;2;1;1
258109546315;258109546477;162;2,9;2;1;1
258109546477;258109546644;167;2,9;2;1;1
258109546644;258109546711;67;2,9;2;1;1
258109546711;258109546863;152;2,9;2;1;1
258109546863;258109547052;189;2,9;2;1;1
258109547052;258109549218;2166;2,9;2;1;1
258109549218;258109551183;1965;2,9;2;1;1
258109551183;258109551225;42;2,9;2;1;1
258109551225;258109551427;202;2,9;2;1;1
258109551427;258109551523;96;2,9;2;1;1
258109551523;258109551552;29;2,9;2;1;1
258109551552;258109551734;182;2,9;2;1;1
258109551734;258109551767;33;2,9;2;1;1
258109551767;258109551886;119;2,9;2;1;1
258109551886;258109559218;7332;2,9;2;1;1
258109559218;258109559534;316;2,9;2;1;1
258109559534;258109563155;3621;2,9;2;1;1
258109563155;258109564262;1107;9;1;1;1
258109564262;258109581623;17361;9;1;1;1
258109581623;258109582247;624;2,9;2;1;1
258109582247;258109612731;30484;9;1;1;1
258109612731;258109622015;9284;9;1;1;1
258109622015;258109622259;244;9;1;1;1
258109622259;258109643606;21347;9;1;1;1
258109643606;258109646899;3293;9;1;1;1
258109646899;258109647000;101;9;1;1;1
258109647000;258109647303;303;9;1;1;1
258109647303;258109647492;189;9;1;1;1
258109647492;258109678144;30652;9;1;1;1
258109678144;258109681112;2968;9;1;1;1
258109681112;258109681161;49;9;1;1;1
258109681161;258109682652;1491;9;1;1;1
258109682652;258109685548;2896;2,9;2;1;1
258109685548;258109689814;4266;2,9;2;1;1
258109689814;258109692640;2826;2,9;2;1;1
258109692640;258109694641;2001;2,9;2;1;1
258109694641;258109702013;7372;2,9;2;1;1
258109702013;258109705550;3537;2,9;2;1;1
258109705550;258109708460;2910;2,9;2;1;1
258109708460;258109711377;2917;2,9;2;1;1
258109711377;258109712177;800;2,9;2;1;1
258109712177;258109713419;1242;2,9;2;1;1
258109713419;258109714413;994;2,9;2;1;1
258109714413;258109715485;1072;2,9;2;1;1
258109715485;258109717855;2370;2,9;2;1;1
258109717855;258109719072;1217;2,9;2;1;1
258109719072;258109719908;836;2,9;2;1;1
258109719908;258109723100;3192;2,9;2;1;1
258109723100;258109724567;1467;2,9;2;1;1
258109724567;258109726013;1446;2,9;2;1;1
258109726013;258109726691;678;9;1;1;1
258109726691;258109726711;20;9;1;1;1
258109726711;258109726727;16;9;1;1;1
258109726727;258109726902;175;9;1;1;1
258109726902;258109727052;150;2,9;2;1;1
258109727052;258109727115;63;2,9;2;1;1
258109727115;258109727507;392;2,9;2;1;1
258109727507;258109756943;29436;9;1;1;1
258109756943;258109765247;8304;9;1;1;1
258109765247;258109766682;1435;9;1;1;1
258109766682;258109766690;8;9;1;1;1
258109766690;258109766743;53;9;1;1;1
258109766743;258109766770;27;9;1;1;1
258109766770;258109767312;542;9;1;1;1
258109767312;258109789815;22503;9;1;1;1
258109789815;258109795495;5680;2,9;2;1;1
258109795495;258109805076;9581;2,9;2;1;1
258109805076;258109815179;10103;2,9;2;1;1
258109815179;258109815206;27;2,9;2;1;1
258109815206;258109815285;79;2,9;2;1;1
258109815285;258109815832;547;2,9;2;1;1
258109815832;258109815867;35;2,9;2;1;1
258109815867;258109816265;398;2,9;2;1;1
258109816265;258109846524;30259;9;1;1;1
258109846524;258109848551;2027;9;1;1;1
258109848551;258109850620;2069;9;1;1;1
258109850620;258109867617;16997;9;1;1;1
258109867617;258109871519;3902;9;1;1;1
258109871519;258109874243;2724;2,9;2;1;1
258109874243;258109876559;2316;2,9;2;1;1
258109876559;258109888524;11965;2,9;2;1;1
258109888524;258109888575;51;2,9;2;1;1
258109888575;258109889167;592;2,9;2;1;1
258109889167;258109889184;17;2,9;2;1;1
258109889184;258109889240;56;2,9;2;1;1
258109889240;258109889294;54;2,9;2;1;1
258109889294;258109889307;13;2,9;2;1;1
258109889307;258109889337;30;2,9;2;1;1
258109889337;258109889351;14;2,9;2;1;1
258109889351;258109889779;428;2,9;2;1;1
258109889779;258109889810;31;2,9;2;1;1
258109889810;258109890345;535;2,9;2;1;1
258109890345;258109890450;105;2,9;2;1;1
258109890450;258109890579;129;2,9;2;1;1
258109890579;258109890590;11;2,9;2;1;1
258109890590;258109890649;59;2,9;2;1;1
258109890649;258109896218;5569;2,9;2;1;1
258109896218;258109898253;2035;2,9;2;1;1
258109898253;258109901145;2892;2,9;2;1;1
258109901145;258109902545;1400;2,9;2;1;1
258109902545;258109902682;137;2,9;2;1;1
258109902682;258109903242;560;2,9;2;1;1
258109903242;258109904449;1207;2,9;2;1;1
258109904449;258109906068;1619;2,9;2;1;1
258109906068;258109906279;211;2,9;2;1;1
258109906279;258109907336;1057;2,9;2;1;1
258109907336;258109908028;692;2,9;2;1;1
258109908028;258109911545;3517;2,9;2;1;1
258109911545;258109914144;2599;9;1;1;1
258109914144;258109914170;26;9;1;1;1
258109914170;258109915455;1285;9;1;1;1
258109915455;258109916670;1215;9;1;1;1
258109916670;258109916909;239;9;1;1;1
258109916909;258109920642;3733;9;1;1;1
258109920642;258109921022;380;9;1;1;1
258109921022;258109921095;73;9;1;1;1
258109921095;258109922906;1811;9;1;1;1
258109922906;258109923144;238;9;1;1;1
258109923144;258109924423;1279;9;1;1;1
258109924423;258109935372;10949;9;1;1;1
258109935372;258109937280;1908;9;1;1;1
258109937280;258109937724;444;9;1;1;1
258109937724;258109938221;497;9;1;1;1
258109938221;258109938625;404;9;1;1;1
258109938625;258109939188;563;9;1;1;1
258109939188;258109939759;571;9;1;1;1
258109939759;258109940211;452;9;1;1;1
258109940211;258109940832;621;9;1;1;1
258109940832;258109940946;114;9;1;1;1
258109940946;258109940981;35;9;1;1;1
258109940981;258109941207;226;9;1;1;1
258109941207;258109941288;81;9;1;1;1
258109941288;258109941603;315;9;1;1;1
258109941603;258109945561;3958;9;1;1;1
258109945561;258109945631;70;9;1;1;1
258109945631;258109945659;28;9;1;1;1
258109945659;258109945749;90;9;1;1;1
258109945749;258109946321;572;9;1;1;1
258109946321;258109952782;6461;9;1;1;1
258109952782;258109952796;14;9;1;1;1
258109952796;258109952817;21;9;1;1;1
258109952817;258109957089;4272;9;1;1;1
258109957089;258109957112;23;9;1;1;1
258109957112;258109957318;206;9;1;1;1
258109957318;258109957515;197;9;1;1;1
258109957515;258109957718;203;9;1;1;1
258109957718;258109957781;63;9;1;1;1
258109957781;258109957995;214;9;1;1;1
258109957995;258109958056;61;9;1;1;1
258109958056;258109960463;2407;9;1;1;1
258109960463;258109960476;13;9;1;1;1
258109960476;258109960500;24;9;1;1;1
258109960500;258109960545;45;9;1;1;1
258109960545;258109960561;16;9;1;1;1
258109960561;258109960632;71;9;1;1;1
258109960632;258109961989;1357;9;1;1;1
258109961989;258109962330;341;9;1;1;1
258109962330;258109964836;2506;9;1;1;1
258109964836;258109965385;549;9;1;1;1
258109965385;258109965964;579;9;1;1;1
258109965964;258109966031;67;9;1;1;1
258109966031;258109966048;17;9;1;1;1
258109966048;258109966146;98;9;1;1;1
258109966146;258109975035;8889;9;1;1;1
258109975035;258109985313;10278;2,9;2;1;1
258109985313;258109985490;177;2,9;2;1;1
258109985490;258109985942;452;2,9;2;1;1
258109985942;258109986839;897;2,9;2;1;1
258109986839;258109986911;72;2,9;2;1;1
258109986911;258109987360;449;2,9;2;1;1
258109987360;258109987570;210;2,9;2;1;1
258109987570;258109987662;92;2,9;2;1;1
258109987662;258109987717;55;2,9;2;1;1
258109987717;258109991488;3771;2,9;2;1;1
258109991488;258109991558;70;2,9;2;1;1
258109991558;258109991673;115;2,9;2;1;1
258109991673;258109991693;20;2,9;2;1;1
258109991693;258110006233;14540;2,9;2;1;1
258110006233;258110006779;546;9;1;1;1
258110006779;258110007544;765;9;1;1;1
258110007544;258110007646;102;9;1;1;1
258110007646;258110008107;461;9;1;1;1
258110008107;258110008819;712;9;1;1;1
258110008819;258110009187;368;9;1;1;1
258110009187;258110009936;749;9;1;1;1
258110009936;258110009982;46;9;1;1;1
258110009982;258110010156;174;9;1;1;1
258110010156;258110018244;8088;9;1;1;1
258110018244;258110018303;59;9;1;1;1
258110018303;258110018322;19;9;1;1;1
258110018322;258110018393;71;9;1;1;1
258110018393;258110018443;50;9;1;1;1
258110018443;258110021973;3530;9;1;1;1
258110021973;258110022006;33;9;1;1;1
258110022006;258110022027;21;9;1;1;1
258110022027;258110024403;2376;9;1;1;1
258110024403;258110025390;987;9;1;1;1
258110025390;258110026757;1367;9;1;1;1
258110026757;258110029180;2423;9;1;1;1
258110029180;258110029507;327;9;1;1;1
258110029507;258110029937;430;9;1;1;1
258110029937;258110030920;983;9;1;1;1
258110030920;258110031054;134;9;1;1;1
258110031054;258110032088;1034;9;1;1;1
258110032088;258110032620;532;9;1;1;1
258110032620;258110034098;1478;9;1;1;1
258110034098;258110034301;203;9;1;1;1
258110034301;258110034337;36;9;1;1;1
258110034337;258110036230;1893;9;1;1;1
258110036230;258110036289;59;9;1;1;1
258110036289;258110036298;9;9;1;1;1
258110036298;258110036347;49;9;1;1;1
258110036347;258110036460;113;9;1;1;1
258110036460;258110040896;4436;9;1;1;1
258110040896;258110042351;1455;2,9;2;1;1
258110042351;258110043558;1207;2,9;2;1;1
258110043558;258110043681;123;2,9;2;1;1
258110043681;258110044064;383;2,9;2;1;1
258110044064;258110045260;1196;2,9;2;1;1
258110045260;258110045520;260;2,9;2;1;1
258110045520;258110045565;45;2,9;2;1;1
258110045565;258110045823;258;2,9;2;1;1
258110045823;258110046101;278;2,9;2;1;1
258110046101;258110046271;170;2,9;2;1;1
258110046271;258110049995;3724;2,9;2;1;1
258110049995;258110053758;3763;2,9;2;1;1
258110053758;258110053781;23;2,9;2;1;1
258110053781;258110053858;77;2,9;2;1;1
258110053858;258110053905;47;2,9;2;1;1
258110053905;258110054211;306;2,9;2;1;1
258110054211;258110054446;235;2,9;2;1;1
258110054446;258110054766;320;2,9;2;1;1
258110054766;258110054833;67;2,9;2;1;1
258110054833;258110055391;558;2,9;2;1;1
258110055391;258110057814;2423;2,9;2;1;1
258110057814;258110057851;37;2,9;2;1;1
258110057851;258110057934;83;2,9;2;1;1
258110057934;258110057943;9;2,9;2;1;1
258110057943;258110058411;468;2,9;2;1;1
258110058411;258110058815;404;2,9;2;1;1
258110058815;258110060591;1776;2,9;2;1;1
258110060591;258110070832;10241;2,9;2;1;1
258110070832;258110072498;1666;2,9;2;1;1
258110072498;258110072924;426;2,9;2;1;1
258110072924;258110073160;236;2,9;2;1;1
258110073160;258110073466;306;2,9;2;1;1
258110073466;258110073515;49;2,9;2;1;1
258110073515;258110073735;220;2,9;2;1;1
258110073735;258110075015;1280;2,9;2;1;1
258110075015;258110075252;237;2,9;2;1;1
258110075252;258110075853;601;2,9;2;1;1
258110075853;258110077019;1166;2,9;2;1;1
258110077019;258110077065;46;2,9;2;1;1
258110077065;258110077084;19;2,9;2;1;1
258110077084;258110077161;77;2,9;2;1;1
258110077161;258110078676;1515;2,9;2;1;1
258110078676;258110079390;714;2,9;2;1;1
258110079390;258110079731;341;2,9;2;1;1
258110079731;258110079784;53;2,9;2;1;1
258110079784;258110080504;720;2,9;2;1;1
258110080504;258110081332;828;2,9;2;1;1
258110081332;258110082113;781;2,9;2;1;1
258110082113;258110083169;1056;2,9;2;1;1
258110083169;258110083297;128;2,9;2;1;1
258110083297;258110083521;224;2,9;2;1;1
258110083521;258110084100;579;2,9;2;1;1
258110084100;258110090220;6120;2,9;2;1;1
258110090220;258110090389;169;2,9;2;1;1
258110090389;258110090546;157;2,9;2;1;1
258110090546;258110090873;327;2,9;2;1;1
258110090873;258110091300;427;2,9;2;1;1
258110091300;258110091491;191;2,9;2;1;1
258110091491;258110094325;2834;2,9;2;1;1
258110094325;258110094657;332;2,9;2;1;1
258110094657;258110094713;56;2,9;2;1;1
258110094713;258110095252;539;2,9;2;1;1
258110095252;258110095341;89;2,9;2;1;1
258110095341;258110095416;75;2,9;2;1;1
258110095416;258110095720;304;2,9;2;1;1
258110095720;258110095919;199;2,9;2;1;1
258110095919;258110097480;1561;2,9;2;1;1
258110097480;258110098487;1007;2,9;2;1;1
258110098487;258110099387;900;2,9;2;1;1
258110099387;258110099792;405;2,9;2;1;1
258110099792;258110099867;75;2,9;2;1;1
258110099867;258110099879;12;2,9;2;1;1
258110099879;258110099989;110;2,9;2;1;1
258110099989;258110101554;1565;2,9;2;1;1
258110101554;258110102822;1268;2,9;2;1;1
258110102822;258110103221;399;2,9;2;1;1
258110103221;258110103470;249;9;1;1;1
258110103470;258110103544;74;9;1;1;1
258110103544;258110103856;312;9;1;1;1
258110103856;258110107286;3430;9;1;1;1
258110107286;258110107320;34;9;1;1;1
258110107320;258110107523;203;9;1;1;1
258110107523;258110108748;1225;9;1;1;1
258110108748;258110109394;646;9;1;1;1
258110109394;258110109475;81;9;1;1;1
258110109475;258110109483;8;9;1;1;1
258110109483;258110109513;30;9;1;1;1
258110109513;258110110028;515;9;1;1;1
258110110028;258110118774;8746;9;1;1;1
258110118774;258110118785;11;9;1;1;1
258110118785;258110118808;23;9;1;1;1
258110118808;258110118838;30;9;1;1;1
258110118838;258110118889;51;9;1;1;1
258110118889;258110118914;25;9;1;1;1
258110118914;258110119292;378;9;1;1;1
258110119292;258110119300;8;9;1;1;1
258110119300;258110119505;205;9;1;1;1
258110119505;258110119684;179;9;1;1;1
258110119684;258110120292;608;9;1;1;1
258110120292;258110120350;58;9;1;1;1
258110120350;258110124315;3965;9;1;1;1
258110124315;258110150612;26297;9;1;1;1
258110150612;258110150733;121;9;1;1;1
258110150733;258110151043;310;9;1;1;1
258110151043;258110151117;74;9;1;1;1
258110151117;258110151710;593;9;1;1;1
258110151710;258110163764;12054;9;1;1;1
258110163764;258110163856;92;9;1;1;1
258110163856;258110163879;23;9;1;1;1
258110163879;258110164017;138;9;1;1;1
258110164017;258110164304;287;9;1;1;1
258110164304;258110165228;924;9;1;1;1
258110165228;258110167132;1904;9;1;1;1
258110167132;258110168750;1618;9;1;1;1
258110168750;258110168815;65;9;1;1;1
258110168815;258110169337;522;9;1;1;1
258110169337;258110170953;1616;9;1;1;1
258110170953;258110171974;1021;9;1;1;1
258110171974;258110174671;2697;2,9;2;1;1
258110174671;258110177925;3254;2,9;2;1;1
258110177925;258110179187;1262;2,9;2;1;1
258110179187;258110179805;618;2,9;2;1;1
258110179805;258110179957;152;2,9;2;1;1
258110179957;258110179981;24;2,9;2;1;1
258110179981;258110180046;65;2,9;2;1;1
258110180046;258110180109;63;2,9;2;1;1
258110180109;258110180128;19;2,9;2;1;1
258110180128;258110180476;348;2,9;2;1;1
258110180476;258110180513;37;2,9;2;1;1
258110180513;258110188539;8026;2,9;2;1;1
258110188539;258110190962;2423;2,9;2;1;1
258110190962;258110194313;3351;2,9;2;1;1
258110194313;258110194978;665;2,9;2;1;1
258110194978;258110199048;4070;2,9;2;1;1
258110199048;258110203479;4431;2,9;2;1;1
258110203479;258110204114;635;2,9;2;1;1
258110204114;258110204497;383;2,9;2;1;1
258110204497;258110208678;4181;2,9;2;1;1
258110208678;258110220055;11377;2,9;2;1;1
258110220055;258110222853;2798;2,9;2;1;1
258110222853;258110223082;229;2,9;2;1;1
258110223082;258110224026;944;2,9;2;1;1
258110224026;258110226038;2012;2,9;2;1;1
258110226038;258110226383;345;2,9;2;1;1
258110226383;258110226935;552;2,9;2;1;1
258110226935;258110227030;95;2,9;2;1;1
258110227030;258110227683;653;2,9;2;1;1
258110227683;258110227834;151;2,9;2;1;1
258110227834;258110228430;596;2,9;2;1;1
258110228430;258110229059;629;2,9;2;1;1
258110229059;258110284252;55193;9;1;1;1
258110284252;258110290369;6117;2,9;2;1;1
258110290369;258110291189;820;2,9;2;1;1
258110291189;258110292929;1740;2,9;2;1;1
258110292929;258110296773;3844;2,9;2;1;1
258110296773;258110307182;10409;2,9;2;1;1
258110307182;258110312451;5269;2,9;2;1;1
258110312451;258110320801;8350;2,9;2;1;1
258110320801;258110320828;27;2,9;2;1;1
258110320828;258110321005;177;2,9;2;1;1
258110321005;258110321676;671;2,9;2;1;1
258110321676;258110322558;882;2,9;2;1;1
258110322558;258110323144;586;2,9;2;1;1
258110323144;258110325653;2509;2,9;2;1;1
258110325653;258110379110;53457;9;1;1;1
258110379110;258110407467;28357;2,9;2;1;1
258110407467;258110437727;30260;9;1;1;1
258110437727;258110438432;705;2,9;2;1;1
258110438432;258110440363;1931;9;1;1;1
258110440363;258110440596;233;9;1;1;1
258110440596;258110444828;4232;9;1;1;1
258110444828;258110447766;2938;9;1;1;1
258110447766;258110447914;148;9;1;1;1
258110447914;258110448163;249;9;1;1;1
258110448163;258110448190;27;9;1;1;1
258110448190;258110448336;146;9;1;1;1
258110448336;258110448576;240;9;1;1;1
258110448576;258110448826;250;9;1;1;1
258110448826;258110449616;790;9;1;1;1
258110449616;258110449775;159;9;1;1;1
258110449775;258110449840;65;9;1;1;1
258110449840;258110450037;197;9;1;1;1
258110450037;258110450281;244;9;1;1;1
258110450281;258110450520;239;9;1;1;1
258110450520;258110450597;77;9;1;1;1
258110450597;258110450647;50;9;1;1;1
258110450647;258110450707;60;9;1;1;1
258110450707;258110450711;4;9;1;1;1
258110450711;258110450936;225;9;1;1;1
258110450936;258110451101;165;9;1;1;1
258110451101;258110451176;75;9;1;1;1
258110451176;258110451229;53;9;1;1;1
258110451229;258110451691;462;9;1;1;1
258110451691;258110451984;293;9;1;1;1
258110451984;258110452549;565;9;1;1;1
258110452549;258110452856;307;9;1;1;1
258110452856;258110453522;666;9;1;1;1
258110453522;258110453564;42;9;1;1;1
258110453564;258110453817;253;9;1;1;1
258110453817;258110453963;146;9;1;1;1
258110453963;258110454070;107;9;1;1;1
258110454070;258110454186;116;9;1;1;1
258110454186;258110454194;8;9;1;1;1
258110454194;258110454251;57;9;1;1;1
258110454251;258110454331;80;9;1;1;1
258110454331;258110454372;41;9;1;1;1
258110454372;258110454404;32;9;1;1;1
258110454404;258110454422;18;9;1;1;1
258110454422;258110454447;25;9;1;1;1
258110454447;258110454469;22;9;1;1;1
258110454469;258110454668;199;9;1;1;1
258110454668;258110454674;6;9;1;1;1
258110454674;258110454791;117;9;1;1;1
258110454791;258110454867;76;9;1;1;1
258110454867;258110454912;45;9;1;1;1
258110454912;258110455189;277;9;1;1;1
258110455189;258110455249;60;9;1;1;1
258110455249;258110455560;311;9;1;1;1
258110455560;258110457261;1701;9;1;1;1
258110457261;258110457361;100;9;1;1;1
258110457361;258110457769;408;9;1;1;1
258110457769;258110457845;76;9;1;1;1
258110457845;258110457876;31;9;1;1;1
258110457876;258110458036;160;9;1;1;1
258110458036;258110458077;41;9;1;1;1
258110458077;258110458171;94;9;1;1;1
258110458171;258110458214;43;9;1;1;1
258110458214;258110458246;32;9;1;1;1
258110458246;258110458278;32;9;1;1;1
258110458278;258110458477;199;9;1;1;1
258110458477;258110458542;65;9;1;1;1
258110458542;258110458589;47;9;1;1;1
258110458589;258110459009;420;9;1;1;1
258110459009;258110459535;526;9;1;1;1
258110459535;258110459750;215;9;1;1;1
258110459750;258110460348;598;9;1;1;1
258110460348;258110460580;232;9;1;1;1
258110460580;258110460714;134;9;1;1;1
258110460714;258110460894;180;9;1;1;1
258110460894;258110460956;62;9;1;1;1
258110460956;258110461052;96;9;1;1;1
258110461052;258110461111;59;9;1;1;1
258110461111;258110461387;276;9;1;1;1
258110461387;258110461437;50;9;1;1;1
258110461437;258110461660;223;9;1;1;1
258110461660;258110461713;53;9;1;1;1
258110461713;258110461935;222;9;1;1;1
258110461935;258110462085;150;9;1;1;1
258110462085;258110462305;220;9;1;1;1
258110462305;258110462331;26;9;1;1;1
258110462331;258110462368;37;9;1;1;1
258110462368;258110462513;145;2,9;2;1;1
258110462513;258110462541;28;2,9;2;1;1
258110462541;258110462658;117;2,9;2;1;1
258110462658;258110462693;35;2,9;2;1;1
258110462693;258110462709;16;2,9;2;1;1
258110462709;258110462768;59;2,9;2;1;1
258110462768;258110462897;129;2,9;2;1;1
258110462897;258110462901;4;2,9;2;1;1
258110462901;258110463067;166;2,9;2;1;1
258110463067;258110463314;247;2,9;2;1;1
258110463314;258110463438;124;2,9;2;1;1
258110463438;258110463469;31;2,9;2;1;1
258110463469;258110467367;3898;2,9;2;1;1
258110467367;258110467764;397;9;1;1;1
258110467764;258110469248;1484;9;1;1;1
258110469248;258110471014;1766;2,9;2;1;1
258110471014;258110471353;339;9;1;1;1
258110471353;258110473626;2273;2,9;2;1;1
258110473626;258110479482;5856;9;1;1;1
258110479482;258110480703;1221;2,9;2;1;1
258110480703;258110480988;285;9;1;1;1
258110480988;258110481063;75;2,9;2;1;1
258110481063;258110481292;229;2,9;2;1;1
258110481292;258110482228;936;2,9;2;1;1
258110482228;258110482285;57;2,9;2;1;1
258110482285;258110482950;665;2,9;2;1;1
258110482950;258110487486;4536;9;1;1;1
258110487486;258110491633;4147;2,9;2;1;1
258110491633;258110492228;595;2,9;2;1;1
258110492228;258110494969;2741;2,9;2;1;1
258110494969;258110495852;883;2,9;2;1;1
258110495852;258110496189;337;2,9;2;1;1
258110496189;258110496723;534;9;1;1;1
258110496723;258110498221;1498;2,9;2;1;1
258110498221;258110499680;1459;9;1;1;1
258110499680;258110500341;661;2,9;2;1;1
258110500341;258110500442;101;9;1;1;1
258110500442;258110501345;903;2,9;2;1;1
258110501345;258110540237;38892;9;1;1;1
258110540237;258110542750;2513;2,9;2;1;1
258110542750;258110546555;3805;2,9;2;1;1
258110546555;258110550608;4053;2,9;2;1;1
258110550608;258110551886;1278;2,9;2;1;1
258110551886;258110551955;69;2,9;2;1;1
258110551955;258110552384;429;2,9;2;1;1
258110552384;258110552430;46;2,9;2;1;1
258110552430;258110552730;300;2,9;2;1;1
258110552730;258110552828;98;2,9;2;1;1
258110552828;258110552932;104;2,9;2;1;1
258110552932;258110553004;72;2,9;2;1;1
258110553004;258110553159;155;2,9;2;1;1
258110553159;258110553321;162;2,9;2;1;1
258110553321;258110553338;17;2,9;2;1;1
258110553338;258110553396;58;2,9;2;1;1
258110553396;258110553447;51;2,9;2;1;1
258110553447;258110553661;214;2,9;2;1;1
258110553661;258110553799;138;2,9;2;1;1
258110553799;258110553884;85;2,9;2;1;1
258110553884;258110553914;30;2,9;2;1;1
258110553914;258110554094;180;2,9;2;1;1
258110554094;258110554127;33;2,9;2;1;1
258110554127;258110556026;1899;2,9;2;1;1
258110556026;258110556100;74;2,9;2;1;1
258110556100;258110556197;97;2,9;2;1;1
258110556197;258110556238;41;2,9;2;1;1
258110556238;258110556257;19;2,9;2;1;1
258110556257;258110556383;126;2,9;2;1;1
258110556383;258110556444;61;2,9;2;1;1
258110556444;258110556465;21;2,9;2;1;1
258110556465;258110556596;131;2,9;2;1;1
258110556596;258110556700;104;2,9;2;1;1
258110556700;258110556741;41;2,9;2;1;1
258110556741;258110556815;74;2,9;2;1;1
258110556815;258110556843;28;2,9;2;1;1
258110556843;258110556864;21;2,9;2;1;1
258110556864;258110556901;37;2,9;2;1;1
258110556901;258110556953;52;2,9;2;1;1
258110556953;258110557085;132;2,9;2;1;1
258110557085;258110557119;34;2,9;2;1;1
258110557119;258110557144;25;2,9;2;1;1
258110557144;258110557264;120;2,9;2;1;1
258110557264;258110557411;147;2,9;2;1;1
258110557411;258110557488;77;2,9;2;1;1
258110557488;258110557695;207;2,9;2;1;1
258110557695;258110557704;9;2,9;2;1;1
258110557704;258110557875;171;2,9;2;1;1
258110557875;258110558073;198;2,9;2;1;1
258110558073;258110558311;238;2,9;2;1;1
258110558311;258110558473;162;2,9;2;1;1
258110558473;258110559077;604;2,9;2;1;1
258110559077;258110559470;393;2,9;2;1;1
258110559470;258110559585;115;2,9;2;1;1
258110559585;258110559618;33;2,9;2;1;1
258110559618;258110559675;57;2,9;2;1;1
258110559675;258110559810;135;2,9;2;1;1
258110559810;258110559823;13;2,9;2;1;1
258110559823;258110559846;23;2,9;2;1;1
258110559846;258110559919;73;2,9;2;1;1
258110559919;258110560050;131;2,9;2;1;1
258110560050;258110560073;23;2,9;2;1;1
258110560073;258110560110;37;2,9;2;1;1
258110560110;258110560166;56;2,9;2;1;1
258110560166;258110560299;133;2,9;2;1;1
258110560299;258110560573;274;2,9;2;1;1
258110560573;258110560623;50;2,9;2;1;1
258110560623;258110560667;44;2,9;2;1;1
258110560667;258110560671;4;2,9;2;1;1
258110560671;258110560701;30;2,9;2;1;1
258110560701;258110560779;78;2,9;2;1;1
258110560779;258110560817;38;2,9;2;1;1
258110560817;258110560825;8;2,9;2;1;1
258110560825;258110560905;80;2,9;2;1;1
258110560905;258110560997;92;2,9;2;1;1
258110560997;258110561001;4;2,9;2;1;1
258110561001;258110561076;75;2,9;2;1;1
258110561076;258110561106;30;2,9;2;1;1
258110561106;258110561201;95;2,9;2;1;1
258110561201;258110561275;74;2,9;2;1;1
258110561275;258110561331;56;2,9;2;1;1
258110561331;258110561395;64;2,9;2;1;1
258110561395;258110561408;13;2,9;2;1;1
258110561408;258110561416;8;2,9;2;1;1
258110561416;258110561564;148;2,9;2;1;1
258110561564;258110561747;183;2,9;2;1;1
258110561747;258110561893;146;2,9;2;1;1
258110561893;258110561908;15;2,9;2;1;1
258110561908;258110561952;44;2,9;2;1;1
258110561952;258110562463;511;2,9;2;1;1
258110562463;258110562566;103;2,9;2;1;1
258110562566;258110562669;103;2,9;2;1;1
258110562669;258110562734;65;2,9;2;1;1
258110562734;258110562818;84;2,9;2;1;1
258110562818;258110562932;114;2,9;2;1;1
258110562932;258110562972;40;2,9;2;1;1
258110562972;258110563014;42;2,9;2;1;1
258110563014;258110563090;76;2,9;2;1;1
258110563090;258110565419;2329;2,9;2;1;1
258110565419;258110565603;184;2,9;2;1;1
258110565603;258110565783;180;2,9;2;1;1
258110565783;258110565855;72;2,9;2;1;1
258110565855;258110565995;140;2,9;2;1;1
258110565995;258110566107;112;2,9;2;1;1
258110566107;258110566279;172;2,9;2;1;1
258110566279;258110566368;89;2,9;2;1;1
258110566368;258110566433;65;2,9;2;1;1
258110566433;258110566465;32;2,9;2;1;1
258110566465;258110566474;9;2,9;2;1;1
258110566474;258110566591;117;2,9;2;1;1
258110566591;258110566660;69;2,9;2;1;1
258110566660;258110566710;50;2,9;2;1;1
258110566710;258110566759;49;2,9;2;1;1
258110566759;258110566808;49;2,9;2;1;1
258110566808;258110566813;5;2,9;2;1;1
258110566813;258110566840;27;2,9;2;1;1
258110566840;258110566940;100;2,9;2;1;1
258110566940;258110566946;6;2,9;2;1;1
258110566946;258110567005;59;2,9;2;1;1
258110567005;258110567084;79;2,9;2;1;1
258110567084;258110567331;247;2,9;2;1;1
258110567331;258110567333;2;2,9;2;1;1
258110567333;258110567341;8;2,9;2;1;1
258110567341;258110567442;101;2,9;2;1;1
258110567442;258110567464;22;2,9;2;1;1
258110567464;258110567506;42;2,9;2;1;1
258110567506;258110567645;139;2,9;2;1;1
258110567645;258110567728;83;2,9;2;1;1
258110567728;258110567968;240;2,9;2;1;1
258110567968;258110568006;38;2,9;2;1;1
258110568006;258110568087;81;2,9;2;1;1
258110568087;258110568123;36;2,9;2;1;1
258110568123;258110568188;65;2,9;2;1;1
258110568188;258110568242;54;2,9;2;1;1
258110568242;258110568296;54;2,9;2;1;1
258110568296;258110568329;33;2,9;2;1;1
258110568329;258110568709;380;2,9;2;1;1
258110568709;258110568961;252;2,9;2;1;1
258110568961;258110569345;384;2,9;2;1;1
258110569345;258110569525;180;2,9;2;1;1
258110569525;258110569620;95;2,9;2;1;1
258110569620;258110569651;31;2,9;2;1;1
258110569651;258110569829;178;2,9;2;1;1
258110569829;258110569997;168;2,9;2;1;1
258110569997;258110570092;95;2,9;2;1;1
258110570092;258110570166;74;2,9;2;1;1
258110570166;258110570350;184;2,9;2;1;1
258110570350;258110570353;3;2,9;2;1;1
258110570353;258110570664;311;2,9;2;1;1
258110570664;258110570799;135;2,9;2;1;1
258110570799;258110570978;179;2,9;2;1;1
258110570978;258110571071;93;2,9;2;1;1
258110571071;258110571119;48;2,9;2;1;1
258110571119;258110571158;39;2,9;2;1;1
258110571158;258110571168;10;2,9;2;1;1
258110571168;258110571209;41;2,9;2;1;1
258110571209;258110571420;211;2,9;2;1;1
258110571420;258110572055;635;2,9;2;1;1
258110572055;258110572639;584;2,9;2;1;1
258110572639;258110573766;1127;2,9;2;1;1
258110573766;258110573819;53;2,9;2;1;1
258110573819;258110575212;1393;2,9;2;1;1
258110575212;258110575437;225;2,9;2;1;1
258110575437;258110576120;683;2,9;2;1;1
258110576120;258110576607;487;2,9;2;1;1
258110576607;258110576805;198;2,9;2;1;1
258110576805;258110576998;193;2,9;2;1;1
258110576998;258110577363;365;2,9;2;1;1
258110577363;258110578731;1368;2,9;2;1;1
258110578731;258110578884;153;2,9;2;1;1
258110578884;258110579207;323;2,9;2;1;1
258110579207;258110579488;281;2,9;2;1;1
258110579488;258110580700;1212;2,9;2;1;1
258110580700;258110580942;242;2,9;2;1;1
258110580942;258110581245;303;2,9;2;1;1
258110581245;258110581963;718;2,9;2;1;1
258110581963;258110582345;382;2,9;2;1;1
258110582345;258110582539;194;2,9;2;1;1
258110582539;258110582603;64;2,9;2;1;1
258110582603;258110583258;655;2,9;2;1;1
258110583258;258110583739;481;2,9;2;1;1
258110583739;258110583798;59;2,9;2;1;1
258110583798;258110583862;64;2,9;2;1;1
258110583862;258110583894;32;2,9;2;1;1
258110583894;258110583965;71;2,9;2;1;1
258110583965;258110584014;49;2,9;2;1;1
258110584014;258110584159;145;2,9;2;1;1
258110584159;258110584344;185;2,9;2;1;1
258110584344;258110584561;217;2,9;2;1;1
258110584561;258110584598;37;2,9;2;1;1
258110584598;258110584641;43;2,9;2;1;1
258110584641;258110584665;24;2,9;2;1;1
258110584665;258110584716;51;2,9;2;1;1
258110584716;258110585402;686;2,9;2;1;1
258110585402;258110586197;795;2,9;2;1;1
258110586197;258110586918;721;2,9;2;1;1
258110586918;258110587521;603;2,9;2;1;1
258110587521;258110587662;141;2,9;2;1;1
258110587662;258110587729;67;2,9;2;1;1
258110587729;258110587768;39;2,9;2;1;1
258110587768;258110590141;2373;2,9;2;1;1
258110590141;258110590434;293;2,9;2;1;1
258110590434;258110590439;5;2,9;2;1;1
258110590439;258110590502;63;2,9;2;1;1
258110590502;258110590601;99;2,9;2;1;1
258110590601;258110591716;1115;2,9;2;1;1
258110591716;258110591755;39;2,9;2;1;1
258110591755;258110591916;161;2,9;2;1;1
258110591916;258110592118;202;2,9;2;1;1
258110592118;258110593329;1211;2,9;2;1;1
258110593329;258110593496;167;2,9;2;1;1
258110593496;258110593500;4;2,9;2;1;1
258110593500;258110593692;192;2,9;2;1;1
258110593692;258110593822;130;2,9;2;1;1
258110593822;258110594096;274;2,9;2;1;1
258110594096;258110594146;50;2,9;2;1;1
258110594146;258110594281;135;2,9;2;1;1
258110594281;258110594298;17;2,9;2;1;1
258110594298;258110594323;25;2,9;2;1;1
258110594323;258110594351;28;2,9;2;1;1
258110594351;258110594523;172;2,9;2;1;1
258110594523;258110594658;135;2,9;2;1;1
258110594658;258110594756;98;2,9;2;1;1
258110594756;258110594792;36;2,9;2;1;1
258110594792;258110594902;110;2,9;2;1;1
258110594902;258110594989;87;2,9;2;1;1
258110594989;258110595024;35;2,9;2;1;1
258110595024;258110595112;88;2,9;2;1;1
258110595112;258110595154;42;2,9;2;1;1
258110595154;258110595171;17;2,9;2;1;1
258110595171;258110595202;31;2,9;2;1;1
258110595202;258110595365;163;2,9;2;1;1
258110595365;258110595376;11;2,9;2;1;1
258110595376;258110595486;110;2,9;2;1;1
258110595486;258110595571;85;2,9;2;1;1
258110595571;258110595626;55;2,9;2;1;1
258110595626;258110595665;39;2,9;2;1;1
258110595665;258110595834;169;2,9;2;1;1
258110595834;258110596008;174;9;1;1;1
258110596008;258110596101;93;9;1;1;1
258110596101;258110597658;1557;9;1;1;1
258110597658;258110597844;186;9;1;1;1
258110597844;258110597982;138;9;1;1;1
258110597982;258110598264;282;9;1;1;1
258110598264;258110598345;81;9;1;1;1
258110598345;258110599748;1403;9;1;1;1
258110599748;258110599861;113;9;1;1;1
258110599861;258110599990;129;9;1;1;1
258110599990;258110600116;126;9;1;1;1
258110600116;258110600222;106;9;1;1;1
258110600222;258110600270;48;9;1;1;1
258110600270;258110600305;35;9;1;1;1
258110600305;258110600329;24;9;1;1;1
258110600329;258110600403;74;9;1;1;1
258110600403;258110601769;1366;9;1;1;1
258110601769;258110601916;147;9;1;1;1
258110601916;258110602053;137;9;1;1;1
258110602053;258110602135;82;9;1;1;1
258110602135;258110603327;1192;9;1;1;1
258110603327;258110609793;6466;9;1;1;1
258110609793;258110609994;201;9;1;1;1
258110609994;258110610273;279;9;1;1;1
258110610273;258110610708;435;9;1;1;1
258110610708;258110611016;308;9;1;1;1
258110611016;258110611568;552;9;1;1;1
258110611568;258110614128;2560;9;1;1;1
258110614128;258110614209;81;9;1;1;1
258110614209;258110614300;91;9;1;1;1
258110614300;258110614382;82;9;1;1;1
258110614382;258110614424;42;9;1;1;1
258110614424;258110625709;11285;9;1;1;1
258110625709;258110625959;250;9;1;1;1
258110625959;258110626373;414;9;1;1;1
258110626373;258110626500;127;9;1;1;1
258110626500;258110626636;136;9;1;1;1
258110626636;258110626814;178;9;1;1;1
258110626814;258110627007;193;9;1;1;1
258110627007;258110627070;63;9;1;1;1
258110627070;258110627125;55;9;1;1;1
258110627125;258110627151;26;9;1;1;1
258110627151;258110627172;21;9;1;1;1
258110627172;258110627210;38;9;1;1;1
258110627210;258110627238;28;9;1;1;1
258110627238;258110628065;827;9;1;1;1
258110628065;258110628248;183;9;1;1;1
258110628248;258110628527;279;9;1;1;1
258110628527;258110632616;4089;9;1;1;1
258110632616;258110632815;199;9;1;1;1
258110632815;258110633428;613;9;1;1;1
258110633428;258110633662;234;9;1;1;1
258110633662;258110633699;37;9;1;1;1
258110633699;258110633833;134;9;1;1;1
258110633833;258110633953;120;9;1;1;1
258110633953;258110633991;38;9;1;1;1
258110633991;258110642497;8506;9;1;1;1
258110642497;258110642559;62;9;1;1;1
258110642559;258110643108;549;9;1;1;1
258110643108;258110643250;142;9;1;1;1
258110643250;258110643515;265;9;1;1;1
258110643515;258110643533;18;9;1;1;1
258110643533;258110643586;53;9;1;1;1
258110643586;258110644135;549;9;1;1;1
258110644135;258110644285;150;9;1;1;1
258110644285;258110644339;54;9;1;1;1
258110644339;258110644474;135;9;1;1;1
258110644474;258110644556;82;9;1;1;1
258110644556;258110645592;1036;9;1;1;1
258110645592;258110645859;267;9;1;1;1
258110645859;258110645945;86;9;1;1;1
258110645945;258110646066;121;9;1;1;1
258110646066;258110650231;4165;9;1;1;1
258110650231;258110654750;4519;2,9;2;1;1
258110654750;258110654810;60;2,9;2;1;1
258110654810;258110654958;148;2,9;2;1;1
258110654958;258110658932;3974;2,9;2;1;1
258110658932;258110659320;388;2,9;2;1;1
258110659320;258110659377;57;2,9;2;1;1
258110659377;258110659422;45;2,9;2;1;1
258110659422;258110659493;71;2,9;2;1;1
258110659493;258110659545;52;2,9;2;1;1
258110659545;258110659602;57;2,9;2;1;1
258110659602;258110659993;391;2,9;2;1;1
258110659993;258110665135;5142;2,9;2;1;1
258110665135;258110665483;348;2,9;2;1;1
258110665483;258110665581;98;2,9;2;1;1
258110665581;258110665728;147;2,9;2;1;1
258110665728;258110666807;1079;2,9;2;1;1
258110666807;258110668383;1576;2,9;2;1;1
258110668383;258110668612;229;2,9;2;1;1
258110668612;258110668721;109;2,9;2;1;1
258110668721;258110676962;8241;2,9;2;1;1
258110676962;258110677024;62;2,9;2;1;1
258110677024;258110677244;220;2,9;2;1;1
258110677244;258110677381;137;2,9;2;1;1
258110677381;258110677431;50;2,9;2;1;1
258110677431;258110677501;70;2,9;2;1;1
258110677501;258110679261;1760;2,9;2;1;1
258110679261;258110682705;3444;9;1;1;1
258110682705;258110682761;56;9;1;1;1
258110682761;258110682935;174;9;1;1;1
258110682935;258110683006;71;9;1;1;1
258110683006;258110683070;64;9;1;1;1
258110683070;258110683103;33;9;1;1;1
258110683103;258110684199;1096;9;1;1;1
258110684199;258110685276;1077;2,9;2;1;1
258110685276;258110686434;1158;9;1;1;1
258110686434;258110687308;874;2,9;2;1;1
258110687308;258110689544;2236;9;1;1;1
258110689544;258110691095;1551;2,9;2;1;1
258110691095;258110691814;719;9;1;1;1
258110691814;258110694340;2526;2,9;2;1;1
258110694340;258110694648;308;2,9;2;1;1
258110694648;258110695019;371;9;1;1;1
258110695019;258110695110;91;9;1;1;1
258110695110;258110695206;96;9;1;1;1
258110695206;258110695653;447;9;1;1;1
258110695653;258110697327;1674;2,9;2;1;1
258110697327;258110698129;802;9;1;1;1
258110698129;258110698344;215;2,9;2;1;1
258110698344;258110699393;1049;2,9;2;1;1
258110699393;258110699727;334;2,9;2;1;1
258110699727;258110709606;9879;9;1;1;1
258110709606;258110711565;1959;2,9;2;1;1
258110711565;258110712096;531;2,9;2;1;1
258110712096;258110712889;793;2,9;2;1;1
258110712889;258110712950;61;2,9;2;1;1
258110712950;258110713056;106;2,9;2;1;1
258110713056;258110715000;1944;2,9;2;1;1
258110715000;258110715618;618;9;1;1;1
258110715618;258110716247;629;2,9;2;1;1
258110716247;258110724527;8280;9;1;1;1
258110724527;258110724542;15;9;1;1;1
258110724542;258110724599;57;9;1;1;1
258110724599;258110724631;32;9;1;1;1
258110724631;258110724679;48;9;1;1;1
258110724679;258110724755;76;9;1;1;1
258110724755;258110724799;44;9;1;1;1
258110724799;258110724802;3;9;1;1;1
258110724802;258110724845;43;9;1;1;1
258110724845;258110724863;18;9;1;1;1
258110724863;258110724968;105;9;1;1;1
258110724968;258110754675;29707;9;1;1;1
258110754675;258110765669;10994;2,9;2;1;1
258110944638;258110944713;75;9;1;1;1
258110944713;258110944853;140;9;1;1;1
258110944853;258110945131;278;9;1;1;1
258110945131;258110945226;95;9;1;1;1
258110945226;258110945576;350;9;1;1;1
258110945576;258110945764;188;9;1;1;1
258110945764;258110945831;67;9;1;1;1
258110945831;258110945846;15;9;1;1;1
258110945846;258110946099;253;9;1;1;1
258110946099;258110946334;235;9;1;1;1
258110946334;258110946545;211;9;1;1;1
258110946545;258110946583;38;9;1;1;1
258110946583;258110947001;418;9;1;1;1
258110947001;258110947406;405;9;1;1;1
258111006618;258111006680;62;2,9;2;1;1
258111006680;258111006691;11;2,9;2;1;1
258111006691;258111006715;24;2,9;2;1;1
258111006715;258111006744;29;2,9;2;1;1
258111006744;258111006935;191;2,9;2;1;1
258111006935;258111007032;97;2,9;2;1;1
258111007032;258111007083;51;2,9;2;1;1
258111007083;258111007107;24;2,9;2;1;1
258111007107;258111007211;104;2,9;2;1;1
258111007211;258111007252;41;2,9;2;1;1
258111009877;258111009899;22;2,9;2;1;1
258111009899;258111009936;37;2,9;2;1;1
258111009936;258111010088;152;2,9;2;1;1
258111010088;258111010126;38;2,9;2;1;1
258111013904;258111014200;296;9;1;1;1
258111014328;258111014534;206;2,9;2;1;1
258111196289;258111196305;16;2,9;2;1;1
258111196305;258111196323;18;2,9;2;1;1
258111196323;258111196358;35;2,9;2;1;1
258111196358;258111196398;40;2,9;2;1;1
258111196398;258111196654;256;2,9;2;1;1
258111196654;258111196685;31;2,9;2;1;1
258111196685;258111196802;117;2,9;2;1;1
258111196802;258111196858;56;2,9;2;1;1
258111196858;258111196894;36;2,9;2;1;1
258111261501;258111271109;9608;9;1;1;1
258111271109;258111271305;196;9;1;1;1
258111271305;258111271424;119;9;1;1;1
258111271424;258111271577;153;9;1;1;1
258111271577;258111277500;5923;9;1;1;1
258111277500;258111281826;4326;2,9;2;1;1
258111281826;258111283280;1454;2,9;2;1;1
258111283280;258111283328;48;2,9;2;1;1
258111283328;258111283902;574;2,9;2;1;1
258111283902;258111284980;1078;2,9;2;1;1
258111284980;258111287843;2863;2,9;2;1;1
258111287843;258111287932;89;2,9;2;1;1
258111287932;258111289583;1651;2,9;2;1;1
258111289583;258111289648;65;2,9;2;1;1
258111289648;258111289701;53;2,9;2;1;1
258111289701;258111290005;304;2,9;2;1;1
258111290005;258111290210;205;2,9;2;1;1
258111290210;258111290368;158;2,9;2;1;1
258111290368;258111290616;248;2,9;2;1;1
258111290616;258111290899;283;2,9;2;1;1
258111290899;258111291035;136;2,9;2;1;1
258111291035;258111291199;164;2,9;2;1;1
258111291199;258111291252;53;2,9;2;1;1
258111291252;258111291576;324;2,9;2;1;1
258111291576;258111293190;1614;2,9;2;1;1
258111293190;258111293210;20;2,9;2;1;1
258111293210;258111293442;232;2,9;2;1;1
258111293442;258111293594;152;2,9;2;1;1
258111293594;258111297420;3826;2,9;2;1;1
258111297420;258111298820;1400;2,9;2;1;1
258111298820;258111301922;3102;2,9;2;1;1
258111301922;258111305051;3129;2,9;2;1;1
258111305051;258111306906;1855;2,9;2;1;1
258111306906;258111311577;4671;2,9;2;1;1
258111311577;258111312120;543;2,9;2;1;1
258111312120;258111314788;2668;2,9;2;1;1
258111314788;258111331268;16480;2,9;2;1;1
258111331268;258111331404;136;2,9;2;1;1
258111331404;258111331497;93;2,9;2;1;1
258111331497;258111332465;968;2,9;2;1;1
258111332465;258111332805;340;2,9;2;1;1
258111332805;258111335569;2764;2,9;2;1;1
258111335569;258111336052;483;2,9;2;1;1
258111336052;258111337163;1111;2,9;2;1;1
258111337163;258111338306;1143;2,9;2;1;1
258111338306;258111340814;2508;9;1;1;1
258111340814;258111340971;157;9;1;1;1
258111340971;258111344682;3711;9;1;1;1
258111386942;258111386951;9;2,9;2;1;1
258111386951;258111387002;51;2,9;2;1;1
258111387002;258111387053;51;2,9;2;1;1
258111387053;258111387264;211;2,9;2;1;1
258111387264;258111387662;398;2,9;2;1;1
258111387662;258111387780;118;2,9;2;1;1
258111387780;258111387820;40;2,9;2;1;1
258111387820;258111387964;144;2,9;2;1;1
258111387964;258111388111;147;2,9;2;1;1
258111390169;258111390173;4;2,9;2;1;1
258111390173;258111390205;32;2,9;2;1;1
258111390205;258111390450;245;2,9;2;1;1
258111390450;258111390513;63;2,9;2;1;1
258111390513;258111390563;50;2,9;2;1;1
258111390563;258111390575;12;2,9;2;1;1
258111390575;258111390580;5;2,9;2;1;1
258111390580;258111390599;19;2,9;2;1;1
258111390599;258111390627;28;2,9;2;1;1
258111390627;258111390651;24;2,9;2;1;1
258111390651;258111390822;171;2,9;2;1;1
258111390822;258111391064;242;2,9;2;1;1
258111391064;258111391274;210;2,9;2;1;1
258111391274;258111391382;108;2,9;2;1;1
258111391382;258111391491;109;2,9;2;1;1
258111391491;258111391662;171;2,9;2;1;1
258111391662;258111391723;61;2,9;2;1;1
258111391723;258111392504;781;2,9;2;1;1
258111392504;258111394675;2171;2,9;2;1;1
258111394675;258111394866;191;2,9;2;1;1
258111394866;258111395099;233;2,9;2;1;1
258111395099;258111400186;5087;2,9;2;1;1
258111400186;258111402115;1929;2,9;2;1;1
258111402115;258111402981;866;2,9;2;1;1
258111402981;258111414331;11350;2,9;2;1;1
258111414331;258111417100;2769;2,9;2;1;1
258111417100;258111417109;9;2,9;2;1;1
258111417109;258111422283;5174;2,9;2;1;1
258111422283;258111425743;3460;2,9;2;1;1
258111425743;258111425775;32;2,9;2;1;1
258111425775;258111425951;176;2,9;2;1;1
258111425951;258111425981;30;2,9;2;1;1
258111425981;258111426292;311;2,9;2;1;1
258111426292;258111429111;2819;2,9;2;1;1
258111429111;258111429896;785;2,9;2;1;1
258111429896;258111430150;254;2,9;2;1;1
258111430150;258111430787;637;2,9;2;1;1
258111430787;258111431867;1080;2,9;2;1;1
258111431867;258111433189;1322;2,9;2;1;1
258111433189;258111434331;1142;2,9;2;1;1
258111434331;258111434765;434;2,9;2;1;1
258111434765;258111441520;6755;2,9;2;1;1
258111441520;258111456182;14662;9;1;1;1
258111456182;258111456354;172;9;1;1;1
258111456354;258111466368;10014;9;1;1;1
258111466368;258111466571;203;9;1;1;1
258111466571;258111466683;112;9;1;1;1
258111466683;258111466845;162;9;1;1;1
258111466845;258111474788;7943;9;1;1;1
258111474788;258111478768;3980;2,9;2;1;1
258111478768;258111478882;114;2,9;2;1;1
258111478882;258111479061;179;2,9;2;1;1
258111479061;258111485529;6468;2,9;2;1;1
258111485529;258111501776;16247;2,9;2;1;1
258111501776;258111502050;274;9;1;1;1
258111502050;258111502228;178;9;1;1;1
258111502228;258111502512;284;9;1;1;1
258111502512;258111502578;66;9;1;1;1
258111502578;258111502611;33;9;1;1;1
258111502611;258111502645;34;9;1;1;1
258111502645;258111503943;1298;9;1;1;1
258111516910;258111517091;181;9;1;1;1
258111517129;258111517260;131;9;1;1;1
258111584404;258111584648;244;9;1;1;1
258111584731;258111584978;247;9;1;1;1
258111624490;258111624667;177;2,9;2;1;1
258111624706;258111624835;129;2,9;2;1;1
258111668813;258111668919;106;9;1;1;1
258111668919;258111668925;6;9;1;1;1
258111668925;258111668974;49;9;1;1;1
258111668974;258111669007;33;9;1;1;1
258111669007;258111669085;78;9;1;1;1
258111669085;258111669218;133;9;1;1;1
258111669218;258111669397;179;9;1;1;1
258111669397;258111669627;230;9;1;1;1
258111669627;258111669665;38;9;1;1;1
258111669665;258111669702;37;9;1;1;1
258111669702;258111669867;165;9;1;1;1
258111669867;258111670077;210;9;1;1;1
258111670077;258111683503;13426;9;1;1;1
258111683503;258111683538;35;9;1;1;1
258111683538;258111683795;257;9;1;1;1
258111683795;258111691496;7701;9;1;1;1
258111691496;258111693984;2488;2,9;2;1;1
258111693984;258111698322;4338;2,9;2;1;1
258111698322;258111702836;4514;2,9;2;1;1
258111702836;258111702874;38;2,9;2;1;1
258111702874;258111703119;245;2,9;2;1;1
258111703119;258111703341;222;2,9;2;1;1
258111703341;258111707160;3819;2,9;2;1;1
258111707160;258111710466;3306;2,9;2;1;1
258111710466;258111710645;179;2,9;2;1;1
258111710645;258111710763;118;2,9;2;1;1
258111710763;258111710952;189;2,9;2;1;1
258111710952;258111711010;58;2,9;2;1;1
258111711010;258111711125;115;2,9;2;1;1
258111711125;258111711134;9;2,9;2;1;1
258111711134;258111711342;208;2,9;2;1;1
258111711342;258111711450;108;2,9;2;1;1
258111711450;258111711614;164;2,9;2;1;1
258111711614;258111711756;142;2,9;2;1;1
258111711756;258111711960;204;2,9;2;1;1
258111711960;258111712045;85;2,9;2;1;1
258111712045;258111712206;161;2,9;2;1;1
258111712206;258111715462;3256;2,9;2;1;1
258111715462;258111717949;2487;2,9;2;1;1
258111717949;258111718056;107;2,9;2;1;1
258111718056;258111718070;14;2,9;2;1;1
258111718070;258111718190;120;2,9;2;1;1
258111718190;258111718530;340;2,9;2;1;1
258111718530;258111719229;699;2,9;2;1;1
258111719229;258111723157;3928;2,9;2;1;1
258111723157;258111725022;1865;2,9;2;1;1
258111725022;258111725697;675;2,9;2;1;1
258111725697;258111731263;5566;2,9;2;1;1
258111731263;258111748264;17001;9;1;1;1
258111748264;258111749421;1157;9;1;1;1
258111749421;258111751239;1818;9;1;1;1
258111751239;258111759355;8116;9;1;1;1
258111759355;258111759748;393;9;1;1;1
258111759748;258111759973;225;9;1;1;1
258111759973;258111760008;35;9;1;1;1
258111760008;258111760030;22;9;1;1;1
258111760030;258111760064;34;9;1;1;1
258111760064;258111760086;22;9;1;1;1
258111760086;258111760291;205;9;1;1;1
258111760291;258111760436;145;9;1;1;1
258111760436;258111760483;47;9;1;1;1
258111760483;258111760565;82;9;1;1;1
258111760565;258111760641;76;9;1;1;1
258111760641;258111760947;306;9;1;1;1
258111760947;258111761036;89;9;1;1;1
258111761036;258111761075;39;9;1;1;1
258111761075;258111777565;16490;9;1;1;1
258111777565;258111777651;86;9;1;1;1
258111777651;258111777730;79;9;1;1;1
258111777730;258111786005;8275;9;1;1;1
258111786005;258111786067;62;9;1;1;1
258111786067;258111786162;95;9;1;1;1
258111786162;258111793293;7131;9;1;1;1
258111793293;258111793460;167;9;1;1;1
258111793460;258111795415;1955;2,9;2;1;1
258111795415;258111795494;79;2,9;2;1;1
258111795494;258111802380;6886;2,9;2;1;1
258111802380;258111802499;119;2,9;2;1;1
258111802499;258111802696;197;2,9;2;1;1
258111802696;258111802735;39;2,9;2;1;1
258111802735;258111802760;25;2,9;2;1;1
258111802760;258111802895;135;2,9;2;1;1
258111802895;258111803096;201;2,9;2;1;1
258111803096;258111803119;23;2,9;2;1;1
258111803119;258111803938;819;2,9;2;1;1
258111803938;258111815494;11556;2,9;2;1;1
258111815494;258111815557;63;2,9;2;1;1
258111815557;258111815627;70;2,9;2;1;1
258111815627;258111815763;136;2,9;2;1;1
258111815763;258111815793;30;2,9;2;1;1
258111844027;258111844077;50;9;1;1;1
258111844077;258111844087;10;9;1;1;1
258111844087;258111844112;25;9;1;1;1
258111844112;258111844150;38;9;1;1;1
258111844150;258111844372;222;9;1;1;1
258111844372;258111844533;161;9;1;1;1
258111844533;258111844570;37;9;1;1;1
258111844570;258111844675;105;9;1;1;1
258111844675;258111844715;40;9;1;1;1
258111844715;258111844739;24;9;1;1;1
258111844739;258111844751;12;9;1;1;1
258111844751;258111844973;222;9;1;1;1
258111844973;258111845105;132;9;1;1;1
258111888047;258111890895;2848;2,9;2;1;1
258111890895;258111891220;325;2,9;2;1;1
258111900042;258111900249;207;2,9;2;1;1
258111900286;258111900466;180;2,9;2;1;1
258112277163;258112277376;213;9;1;1;1
258112277725;258112277762;37;9;1;1;1
258112277762;258112277798;36;9;1;1;1
258112277798;258112277833;35;9;1;1;1
258112277833;258112277870;37;9;1;1;1
258112277870;258112277999;129;9;1;1;1
258112277999;258112278118;119;9;1;1;1
258112278118;258112278286;168;9;1;1;1
258112278286;258112278404;118;9;1;1;1
258112278404;258112278525;121;9;1;1;1
258112278561;258112278695;134;9;1;1;1
258112324638;258112324757;119;9;1;1;1
258112324757;258112324796;39;9;1;1;1
258112324796;258112324954;158;9;1;1;1
258112324954;258112325209;255;9;1;1;1
258112325209;258112327526;2317;9;1;1;1
258112327526;258112327891;365;9;1;1;1
258112327891;258112328707;816;9;1;1;1
258112328707;258112329103;396;9;1;1;1
258112329103;258112329529;426;9;1;1;1
258112331751;258112331968;217;9;1;1;1
258112332009;258112332234;225;9;1;1;1
258112416503;258112416517;14;9;1;1;1
258112416517;258112416566;49;9;1;1;1
258112416566;258112416574;8;9;1;1;1
258112416574;258112416599;25;9;1;1;1
258112416599;258112416793;194;9;1;1;1
258112416793;258112416836;43;9;1;1;1
258112416836;258112416936;100;9;1;1;1
258112416936;258112416996;60;9;1;1;1
258112416996;258112417075;79;9;1;1;1
258112438533;258112438766;233;9;1;1;1
258112438766;258112438797;31;9;1;1;1
258112438797;258112438811;14;9;1;1;1
258112438811;258112440174;1363;9;1;1;1
258112440174;258112467340;27166;9;1;1;1
258112467340;258112473374;6034;9;1;1;1
258112473374;258112481182;7808;9;1;1;1
258112481182;258112482207;1025;2,9;2;1;1
258112482207;258112485145;2938;9;1;1;1
258112485145;258112486060;915;2,9;2;1;1
258112486060;258112486177;117;9;1;1;1
258112486177;258112487382;1205;2,9;2;1;1
258112487382;258112487683;301;9;1;1;1
258112487683;258112489272;1589;2,9;2;1;1
258112489272;258112492402;3130;9;1;1;1
258112492402;258112493780;1378;2,9;2;1;1
258112493780;258112497269;3489;9;1;1;1
258112497269;258112498927;1658;2,9;2;1;1
258112498927;258112510857;11930;9;1;1;1
258112510857;258112521184;10327;9;1;1;1
258112521184;258112521387;203;9;1;1;1
258112521387;258112521441;54;9;1;1;1
258112521441;258112521616;175;9;1;1;1
258112521616;258112525723;4107;9;1;1;1
258112525723;258112525909;186;9;1;1;1
258112525909;258112526033;124;9;1;1;1
258112526033;258112526073;40;9;1;1;1
258112526073;258112526108;35;9;1;1;1
258112526108;258112543610;17502;9;1;1;1
258112543610;258112550907;7297;9;1;1;1
258112573640;258112573855;215;2,9;2;1;1
258112573978;258112574145;167;2,9;2;1;1
258112582244;258112582269;25;2,9;2;1;1
258112582269;258112582465;196;2,9;2;1;1
258112582465;258112582589;124;2,9;2;1;1
258112582589;258112582620;31;2,9;2;1;1
258112582620;258112582652;32;2,9;2;1;1
258112582652;258112582705;53;2,9;2;1;1
258112582705;258112582877;172;2,9;2;1;1
258112582877;258112582917;40;2,9;2;1;1
258112582917;258112583076;159;2,9;2;1;1
258112585334;258112585781;447;2,9;2;1;1
258112585781;258112586182;401;2,9;2;1;1
258112586182;258112586186;4;2,9;2;1;1
258112586186;258112593955;7769;2,9;2;1;1
258112593955;258112594673;718;2,9;2;1;1
258112594673;258112611126;16453;2,9;2;1;1
258112611126;258112611397;271;2,9;2;1;1
258112611397;258112612357;960;2,9;2;1;1
258112612357;258112612618;261;2,9;2;1;1
258112612618;258112613318;700;2,9;2;1;1
258112613318;258112613818;500;2,9;2;1;1
258112613818;258112614593;775;2,9;2;1;1
258112614593;258112615924;1331;2,9;2;1;1
258112615924;258112616733;809;2,9;2;1;1
258112616733;258112617165;432;2,9;2;1;1
258112617165;258112630127;12962;9;1;1;1
258112630127;258112638762;8635;9;1;1;1
258112638762;258112638789;27;9;1;1;1
258112638789;258112638843;54;9;1;1;1
258112638843;258112639044;201;9;1;1;1
258112639044;258112639077;33;9;1;1;1
258112639077;258112639169;92;9;1;1;1
258112639169;258112639256;87;9;1;1;1
258112639256;258112639410;154;9;1;1;1
258112639410;258112641662;2252;9;1;1;1
258112641662;258112644437;2775;9;1;1;1
258112644437;258112644528;91;9;1;1;1
258112644528;258112644613;85;9;1;1;1
258112644613;258112644706;93;9;1;1;1
258112644706;258112644784;78;9;1;1;1
258112644784;258112644820;36;9;1;1;1
258112644820;258112644967;147;9;1;1;1
258112644967;258112645087;120;9;1;1;1
258112645087;258112662972;17885;9;1;1;1
258112662972;258112663092;120;9;1;1;1
258112663092;258112663408;316;9;1;1;1
258112663408;258112663651;243;9;1;1;1
258112663651;258112664616;965;9;1;1;1
258112664616;258112664655;39;9;1;1;1
258112664655;258112667844;3189;9;1;1;1
258112667844;258112668038;194;9;1;1;1
258112668038;258112669722;1684;9;1;1;1
258112669722;258112669911;189;9;1;1;1
258112669911;258112670058;147;9;1;1;1
258112670058;258112676449;6391;9;1;1;1
258112676449;258112679694;3245;9;1;1;1
258112679694;258112679796;102;9;1;1;1
258112679796;258112679847;51;9;1;1;1
258112679847;258112681440;1593;9;1;1;1
258112681440;258112689720;8280;9;1;1;1
258112695302;258112697479;2177;9;1;1;1
258112697479;258112699201;1722;9;1;1;1
258112699201;258112699859;658;2,9;2;1;1
258112699859;258112708860;9001;9;1;1;1
258112708860;258112708912;52;9;1;1;1
258112708912;258112708938;26;9;1;1;1
258112708938;258112708995;57;9;1;1;1
258112708995;258112709003;8;9;1;1;1
258112709003;258112709054;51;9;1;1;1
258112709054;258112709081;27;9;1;1;1
258112709081;258112709405;324;9;1;1;1
258112709405;258112709592;187;9;1;1;1
258112709592;258112709651;59;9;1;1;1
258112709651;258112709753;102;9;1;1;1
258112709753;258112709804;51;9;1;1;1
258112709804;258112709983;179;9;1;1;1
258112709983;258112710028;45;9;1;1;1
258112710028;258112741317;31289;9;1;1;1
258112741317;258112750376;9059;9;1;1;1
258112750376;258112751658;1282;9;1;1;1
258112751658;258112751982;324;9;1;1;1
258112751982;258112752035;53;9;1;1;1
258112752035;258112752063;28;9;1;1;1
258112752063;258112752119;56;9;1;1;1
258112752119;258112752130;11;9;1;1;1
258112752130;258112752153;23;9;1;1;1
258112752153;258112752341;188;9;1;1;1
258112752341;258112752496;155;9;1;1;1
258112752496;258112752537;41;9;1;1;1
258112752537;258112752695;158;9;1;1;1
258112752695;258112752737;42;9;1;1;1
258112752737;258112752837;100;9;1;1;1
258112752837;258112752928;91;9;1;1;1
258112752928;258112753095;167;9;1;1;1
258112753095;258112757806;4711;9;1;1;1
258112757806;258112757829;23;9;1;1;1
258112757829;258112757882;53;9;1;1;1
258112757882;258112760574;2692;9;1;1;1
258112760574;258112760593;19;9;1;1;1
258112760593;258112761002;409;9;1;1;1
258112761002;258112761057;55;9;1;1;1
258112761057;258112763688;2631;9;1;1;1
258112763688;258112764017;329;9;1;1;1
258112764017;258112764070;53;9;1;1;1
258112764070;258112764366;296;9;1;1;1
258112764366;258112766933;2567;9;1;1;1
258112766933;258112767031;98;9;1;1;1
258112767031;258112767150;119;9;1;1;1
258112767150;258112770316;3166;9;1;1;1
258112770316;258112772517;2201;2,9;2;1;1
258112772517;258112773510;993;2,9;2;1;1
258112773510;258112774850;1340;2,9;2;1;1
258112774850;258112775411;561;2,9;2;1;1
258112775411;258112776850;1439;2,9;2;1;1
258112776850;258112777704;854;9;1;1;1
258112777704;258112778148;444;2,9;2;1;1
258112778148;258112779376;1228;2,9;2;1;1
258112779376;258112780235;859;2,9;2;1;1
258112780235;258112780765;530;9;1;1;1
258112780765;258112781680;915;2,9;2;1;1
258112781680;258112785439;3759;9;1;1;1
258112785439;258112788106;2667;2,9;2;1;1
258112788106;258112789106;1000;2,9;2;1;1
258112789106;258112789722;616;2,9;2;1;1
258112789722;258112790503;781;2,9;2;1;1
258112790503;258112790594;91;2,9;2;1;1
258112790594;258112791305;711;2,9;2;1;1
258112791305;258112791884;579;2,9;2;1;1
258112791884;258112799503;7619;2,9;2;1;1
258112799503;258112801437;1934;9;1;1;1
258112801437;258112801509;72;9;1;1;1
258112801509;258112801610;101;9;1;1;1
258112801610;258112801676;66;9;1;1;1
258112801676;258112803058;1382;9;1;1;1
258112803058;258112803575;517;2,9;2;1;1
258112803575;258112803908;333;2,9;2;1;1
258112803908;258112804818;910;2,9;2;1;1
258112804818;258112805595;777;2,9;2;1;1
258112805595;258112806024;429;2,9;2;1;1
258112806024;258112806547;523;2,9;2;1;1
258112806547;258112807064;517;2,9;2;1;1
258112807064;258112808126;1062;2,9;2;1;1
258112808126;258112808253;127;2,9;2;1;1
258112808253;258112808687;434;2,9;2;1;1
258112808687;258112809091;404;2,9;2;1;1
258112809091;258112810271;1180;2,9;2;1;1
258112810271;258112822433;12162;9;1;1;1
258112822433;258112822563;130;9;1;1;1
258112822563;258112822687;124;9;1;1;1
258112822687;258112823122;435;9;1;1;1
258112823122;258112823170;48;9;1;1;1
258112823170;258112830441;7271;9;1;1;1
258112830441;258112830580;139;9;1;1;1
258112830580;258112830641;61;9;1;1;1
258112830641;258112830908;267;9;1;1;1
258112830908;258112830994;86;9;1;1;1
258112830994;258112831026;32;9;1;1;1
258112831026;258112831052;26;9;1;1;1
258112831052;258112854953;23901;9;1;1;1
258112854953;258112855062;109;9;1;1;1
258112855062;258112855107;45;9;1;1;1
258112855107;258112858277;3170;9;1;1;1
258112858277;258112862776;4499;2,9;2;1;1
258112862776;258112862840;64;2,9;2;1;1
258112862840;258112862999;159;2,9;2;1;1
258112862999;258112863147;148;2,9;2;1;1
258112863147;258112863249;102;2,9;2;1;1
258112872246;258112872705;459;2,9;2;1;1
258112872899;258112872928;29;2,9;2;1;1
258112872928;258112872955;27;2,9;2;1;1
258112872955;258112872970;15;2,9;2;1;1
258112872970;258112873216;246;2,9;2;1;1
258112873216;258112873246;30;2,9;2;1;1
258112873246;258112873279;33;2,9;2;1;1
258112873279;258112873321;42;2,9;2;1;1
258112873445;258112873488;43;2,9;2;1;1
258112873488;258112873672;184;2,9;2;1;1
258112873672;258112873842;170;2,9;2;1;1
258112882724;258112882848;124;2,9;2;1;1
258112882848;258112883020;172;2,9;2;1;1
258112883020;258112883225;205;2,9;2;1;1
258112883225;258112883634;409;2,9;2;1;1
258112883634;258112888963;5329;2,9;2;1;1
258112888963;258112898736;9773;9;1;1;1
258112898736;258112898794;58;9;1;1;1
258112898794;258112899058;264;9;1;1;1
258112899058;258112899187;129;9;1;1;1
258112899187;258112899533;346;9;1;1;1
258112899533;258112899607;74;9;1;1;1
258112899607;258112899657;50;9;1;1;1
258112899657;258112899708;51;9;1;1;1
258112899708;258112900787;1079;9;1;1;1
258112900787;258112900975;188;9;1;1;1
258112900975;258112904303;3328;9;1;1;1
258112904303;258112904686;383;2,9;2;1;1
258112904686;258112904781;95;2,9;2;1;1
258112904781;258112904937;156;2,9;2;1;1
258112904937;258112905126;189;9;1;1;1
258112905126;258112906230;1104;9;1;1;1
258112906230;258112908885;2655;9;1;1;1
258112908885;258112909009;124;9;1;1;1
258112909009;258112909224;215;9;1;1;1
258112909224;258112909477;253;9;1;1;1
258112909477;258112956509;47032;9;1;1;1
258112956509;258112966045;9536;9;1;1;1
258112966045;258112966093;48;9;1;1;1
258112966093;258112966290;197;9;1;1;1
258112966290;258112966432;142;9;1;1;1
258112966432;258112967393;961;9;1;1;1
258112967393;258112969506;2113;9;1;1;1
258112969506;258112969687;181;9;1;1;1
258112969687;258112969770;83;9;1;1;1
258112969770;258112969820;50;9;1;1;1
258112969820;258112969876;56;9;1;1;1
258112969876;258112970808;932;9;1;1;1
258112970808;258112972619;1811;9;1;1;1
258112972619;258112975364;2745;2,9;2;1;1
258112975364;258112976463;1099;2,9;2;1;1
258112976463;258112978525;2062;2,9;2;1;1
258112978525;258112981480;2955;2,9;2;1;1
258112981480;258112990813;9333;2,9;2;1;1
258112990813;258112992500;1687;2,9;2;1;1
258112992500;258112993702;1202;2,9;2;1;1
258112993702;258112995416;1714;2,9;2;1;1
258112995416;258112995816;400;2,9;2;1;1
258112995816;258112997215;1399;2,9;2;1;1
258112997215;258112997347;132;2,9;2;1;1
258112997347;258112997455;108;2,9;2;1;1
258112997455;258113003879;6424;2,9;2;1;1
258113003879;258113004277;398;2,9;2;1;1
258113004277;258113004619;342;2,9;2;1;1
258113004619;258113005687;1068;2,9;2;1;1
258113005687;258113005979;292;2,9;2;1;1
258113005979;258113007013;1034;2,9;2;1;1
258113007013;258113007391;378;2,9;2;1;1
258113007391;258113007544;153;2,9;2;1;1
258113007544;258113007576;32;2,9;2;1;1
258113007576;258113007595;19;2,9;2;1;1
258113007595;258113007745;150;2,9;2;1;1
258113007745;258113007911;166;2,9;2;1;1
258113007911;258113008096;185;2,9;2;1;1
258113008096;258113008352;256;2,9;2;1;1
258113008352;258113008500;148;2,9;2;1;1
258113008500;258113008602;102;2,9;2;1;1
258113008602;258113010637;2035;2,9;2;1;1
258113010637;258113011005;368;2,9;2;1;1
258113011005;258113011118;113;2,9;2;1;1
258113057956;258113060001;2045;9;1;1;1
258113060001;258113060051;50;9;1;1;1
258113060051;258113060078;27;9;1;1;1
258113060078;258113060132;54;9;1;1;1
258113060132;258113060183;51;9;1;1;1
258113060183;258113060191;8;9;1;1;1
258113060191;258113060244;53;9;1;1;1
258113060244;258113060294;50;9;1;1;1
258113060294;258113062137;1843;9;1;1;1
258113062137;258113063185;1048;9;1;1;1
258113063185;258113075332;12147;9;1;1;1
258113075332;258113080817;5485;9;1;1;1
258113080817;258113090965;10148;2,9;2;1;1
258113090965;258113092206;1241;2,9;2;1;1
258113092206;258113092270;64;2,9;2;1;1
258113092270;258113092605;335;2,9;2;1;1
258113092605;258113092630;25;2,9;2;1;1
258113092630;258113092663;33;2,9;2;1;1
258113092663;258113092679;16;2,9;2;1;1
258113092679;258113092693;14;2,9;2;1;1
258113092693;258113092841;148;2,9;2;1;1
258113092841;258113092882;41;2,9;2;1;1
258113092882;258113092888;6;2,9;2;1;1
258113092888;258113092916;28;2,9;2;1;1
258113092916;258113092957;41;2,9;2;1;1
258113092957;258113093011;54;2,9;2;1;1
258113093011;258113093022;11;2,9;2;1;1
258113093022;258113093047;25;2,9;2;1;1
258113093047;258113093173;126;2,9;2;1;1
258113093173;258113093248;75;2,9;2;1;1
258113093248;258113093508;260;2,9;2;1;1
258113093508;258113098557;5049;2,9;2;1;1
258113098557;258113098629;72;2,9;2;1;1
258113098629;258113099474;845;2,9;2;1;1
258113099474;258113099542;68;2,9;2;1;1
258113099542;258113099651;109;2,9;2;1;1
258113099651;258113099827;176;2,9;2;1;1
258113099827;258113099881;54;2,9;2;1;1
258113099881;258113099921;40;2,9;2;1;1
258113099921;258113099992;71;2,9;2;1;1
258113099992;258113100042;50;2,9;2;1;1
258113100042;258113101063;1021;2,9;2;1;1
258113101063;258113101278;215;2,9;2;1;1
258113101278;258113102247;969;2,9;2;1;1
258113102247;258113102585;338;2,9;2;1;1
258113102585;258113103053;468;2,9;2;1;1
258113103053;258113103105;52;2,9;2;1;1
258113103105;258113104655;1550;2,9;2;1;1
258113104655;258113105000;345;2,9;2;1;1
258113105000;258113105147;147;2,9;2;1;1
258113105147;258113111340;6193;2,9;2;1;1
258113111340;258113111635;295;9;1;1;1
258113111635;258113111684;49;9;1;1;1
258113111684;258113111736;52;9;1;1;1
258113111736;258113111770;34;9;1;1;1
258113111770;258113111792;22;9;1;1;1
258113111792;258113112844;1052;9;1;1;1
258113112844;258113112906;62;9;1;1;1
258113112906;258113115231;2325;9;1;1;1
258113115231;258113115239;8;9;1;1;1
258113115239;258113115752;513;9;1;1;1
258113115752;258113115776;24;9;1;1;1
258113115776;258113115896;120;9;1;1;1
258113115896;258113116226;330;9;1;1;1
258113116226;258113116362;136;9;1;1;1
258113116362;258113116418;56;9;1;1;1
258113116418;258113117603;1185;9;1;1;1
258113117603;258113117676;73;9;1;1;1
258113117676;258113118128;452;9;1;1;1
258113118128;258113118285;157;9;1;1;1
258113118285;258113118358;73;9;1;1;1
258113118358;258113118451;93;9;1;1;1
258113118451;258113118609;158;9;1;1;1
258113118609;258113118688;79;9;1;1;1
258113118688;258113119039;351;9;1;1;1
258113119039;258113122590;3551;9;1;1;1
258113122590;258113122933;343;9;1;1;1
258113122933;258113122982;49;9;1;1;1
258113122982;258113123033;51;9;1;1;1
258113123033;258113123041;8;9;1;1;1
258113123041;258113123047;6;9;1;1;1
258113123047;258113123106;59;9;1;1;1
258113123106;258113123174;68;9;1;1;1
258113123174;258113123343;169;9;1;1;1
258113123343;258113123490;147;9;1;1;1
258113123490;258113123653;163;9;1;1;1
258113123653;258113123682;29;9;1;1;1
258113123682;258113125526;1844;9;1;1;1
258113125526;258113125585;59;9;1;1;1
258113125585;258113125659;74;9;1;1;1
258113125659;258113126034;375;9;1;1;1
258113126034;258113126378;344;2,9;2;1;1
258113126378;258113126662;284;2,9;2;1;1
258113126662;258113127080;418;9;1;1;1
258113127080;258113127236;156;9;1;1;1
258113127236;258113127256;20;9;1;1;1
258113127256;258113127435;179;9;1;1;1
258113127435;258113128527;1092;9;1;1;1
258113128527;258113129486;959;9;1;1;1
258113129486;258113130756;1270;9;1;1;1
258113130756;258113131262;506;9;1;1;1
258113131262;258113131295;33;9;1;1;1
258113131295;258113131554;259;9;1;1;1
258113131554;258113131692;138;9;1;1;1
258113131692;258113131763;71;9;1;1;1
258113131763;258113132532;769;9;1;1;1
258113132532;258113132779;247;9;1;1;1
258113132779;258113135621;2842;9;1;1;1
258113135621;258113136962;1341;9;1;1;1
258113136962;258113137287;325;9;1;1;1
258113137287;258113139888;2601;9;1;1;1
258113139888;258113144705;4817;9;1;1;1
258113144705;258113144991;286;9;1;1;1
258113144991;258113147407;2416;9;1;1;1
258113147407;258113148069;662;9;1;1;1
258113148069;258113148381;312;9;1;1;1
258113148381;258113148398;17;9;1;1;1
258113148398;258113148476;78;9;1;1;1
258113148476;258113148547;71;9;1;1;1
258113148547;258113148600;53;9;1;1;1
258113148600;258113156007;7407;9;1;1;1
258113156007;258113156062;55;9;1;1;1
258113156062;258113156171;109;9;1;1;1
258113156171;258113156376;205;9;1;1;1
258113156376;258113156387;11;9;1;1;1
258113156387;258113159489;3102;9;1;1;1
258113159489;258113159585;96;9;1;1;1
258113159585;258113159624;39;9;1;1;1
258113159624;258113159696;72;9;1;1;1
258113159696;258113159804;108;9;1;1;1
258113159804;258113159909;105;9;1;1;1
258113159909;258113160021;112;9;1;1;1
258113160021;258113160118;97;9;1;1;1
258113160118;258113161825;1707;9;1;1;1
258113161825;258113162020;195;9;1;1;1
258113162020;258113162814;794;9;1;1;1
258113162814;258113164574;1760;9;1;1;1
258113164574;258113164875;301;9;1;1;1
258113164875;258113164894;19;9;1;1;1
258113164894;258113164924;30;9;1;1;1
258113164924;258113165086;162;9;1;1;1
258113165086;258113166613;1527;9;1;1;1
258113166613;258113166682;69;9;1;1;1
258113166682;258113166709;27;9;1;1;1
258113166709;258113166961;252;9;1;1;1
258113166961;258113167057;96;9;1;1;1
258113167057;258113167381;324;9;1;1;1
258113167381;258113168756;1375;9;1;1;1
258113168756;258113168953;197;9;1;1;1
258113168953;258113169012;59;9;1;1;1
258113169012;258113169126;114;9;1;1;1
258113169126;258113169157;31;9;1;1;1
258113169157;258113172444;3287;9;1;1;1
258113172444;258113172648;204;9;1;1;1
258113172648;258113173126;478;9;1;1;1
258113173126;258113173298;172;9;1;1;1
258113173298;258113173490;192;9;1;1;1
258113173490;258113175610;2120;9;1;1;1
258113175610;258113177033;1423;9;1;1;1
258113177033;258113177233;200;9;1;1;1
258113177233;258113177458;225;9;1;1;1
258113177458;258113178271;813;9;1;1;1
258113178271;258113178484;213;9;1;1;1
258113178484;258113178734;250;9;1;1;1
258113178734;258113178868;134;9;1;1;1
258113178868;258113178904;36;9;1;1;1
258113178904;258113178943;39;9;1;1;1
258113178943;258113179095;152;9;1;1;1
258113179095;258113182867;3772;9;1;1;1
258113182867;258113184800;1933;9;1;1;1
258113184800;258113184844;44;9;1;1;1
258113184844;258113184873;29;9;1;1;1
258113184873;258113184888;15;9;1;1;1
258113184888;258113186172;1284;9;1;1;1
258113186172;258113189868;3696;9;1;1;1
258113189868;258113190831;963;9;1;1;1
258113190831;258113191116;285;9;1;1;1
258113191116;258113193007;1891;9;1;1;1
258113193007;258113193078;71;9;1;1;1
258113193078;258113193179;101;9;1;1;1
258113193179;258113194162;983;9;1;1;1
258113194162;258113194513;351;9;1;1;1
258113194513;258113195567;1054;9;1;1;1
258113195567;258113195709;142;9;1;1;1
258113195709;258113195778;69;9;1;1;1
258113195778;258113198151;2373;9;1;1;1
258113198151;258113198311;160;9;1;1;1
258113198311;258113198512;201;9;1;1;1
258113198512;258113199867;1355;9;1;1;1
258113199867;258113200032;165;9;1;1;1
258113200032;258113201530;1498;9;1;1;1
258113201530;258113202164;634;2,9;2;1;1
258113202164;258113202220;56;9;1;1;1
258113202220;258113202719;499;9;1;1;1
258113202719;258113205085;2366;9;1;1;1
258113205085;258113205134;49;9;1;1;1
258113205134;258113205319;185;9;1;1;1
258113205319;258113205431;112;9;1;1;1
258113205431;258113205482;51;9;1;1;1
258113205482;258113205792;310;9;1;1;1
258113205792;258113205871;79;9;1;1;1
258113205871;258113205914;43;9;1;1;1
258113205914;258113206898;984;9;1;1;1
258113206898;258113207039;141;9;1;1;1
258113207039;258113207448;409;9;1;1;1
258113207448;258113208670;1222;9;1;1;1
258113208670;258113209550;880;9;1;1;1
258113209550;258113209606;56;9;1;1;1
258113209606;258113209659;53;9;1;1;1
258113209659;258113209767;108;9;1;1;1
258113209767;258113209815;48;9;1;1;1
258113209815;258113210400;585;9;1;1;1
258113210400;258113210934;534;9;1;1;1
258113210934;258113210983;49;9;1;1;1
258113210983;258113211063;80;9;1;1;1
258113211063;258113211071;8;9;1;1;1
258113211071;258113211191;120;9;1;1;1
258113211191;258113211206;15;9;1;1;1
258113211206;258113216214;5008;9;1;1;1
258113216214;258113217709;1495;9;1;1;1
258113217709;258113221867;4158;9;1;1;1
258113221867;258113222170;303;9;1;1;1
258113222170;258113222340;170;9;1;1;1
258113222340;258113222436;96;9;1;1;1
258113222436;258113222494;58;9;1;1;1
258113222494;258113222546;52;9;1;1;1
258113222546;258113222602;56;9;1;1;1
258113222602;258113222608;6;9;1;1;1
258113222608;258113223264;656;9;1;1;1
258113223264;258113223309;45;9;1;1;1
258113223309;258113224497;1188;9;1;1;1
258113224497;258113224756;259;9;1;1;1
258113224756;258113224887;131;9;1;1;1
258113224887;258113225071;184;9;1;1;1
258113225071;258113227353;2282;9;1;1;1
258113227353;258113227381;28;9;1;1;1
258113227381;258113227785;404;9;1;1;1
258113227785;258113227991;206;9;1;1;1
258113227991;258113228222;231;9;1;1;1
258113228222;258113228474;252;9;1;1;1
258113228474;258113228874;400;9;1;1;1
258113228874;258113229102;228;9;1;1;1
258113229102;258113229228;126;9;1;1;1
258113229228;258113229419;191;9;1;1;1
258113229419;258113230995;1576;9;1;1;1
258113230995;258113231931;936;9;1;1;1
258113231931;258113232082;151;9;1;1;1
258113232082;258113232223;141;9;1;1;1
258113232223;258113234152;1929;9;1;1;1
258113234152;258113234947;795;9;1;1;1
258113234947;258113235386;439;9;1;1;1
258113235386;258113236983;1597;9;1;1;1
258113236983;258113238866;1883;9;1;1;1
258113238866;258113239716;850;9;1;1;1
258113239716;258113241144;1428;9;1;1;1
258113241144;258113243966;2822;9;1;1;1
258113243966;258113245712;1746;9;1;1;1
258113245712;258113245890;178;9;1;1;1
258113245890;258113245918;28;9;1;1;1
258113245918;258113248935;3017;9;1;1;1
258113248935;258113251788;2853;9;1;1;1
258113251788;258113252430;642;2,9;2;1;1
258113252430;258113252625;195;9;1;1;1
258113252625;258113252647;22;9;1;1;1
258113252647;258113252697;50;9;1;1;1
258113252697;258113259487;6790;9;1;1;1
258113259487;258113259514;27;9;1;1;1
258113259514;258113260538;1024;9;1;1;1
258113260538;258113261144;606;9;1;1;1
258113261144;258113261324;180;9;1;1;1
258113261324;258113261614;290;9;1;1;1
258113261614;258113261683;69;9;1;1;1
258113261683;258113263853;2170;9;1;1;1
258113263853;258113264042;189;9;1;1;1
258113264042;258113264052;10;9;1;1;1
258113264052;258113264092;40;9;1;1;1
258113264092;258113264353;261;9;1;1;1
258113264353;258113264467;114;9;1;1;1
258113264467;258113264800;333;9;1;1;1
258113264800;258113264873;73;9;1;1;1
258113264873;258113264965;92;9;1;1;1
258113264965;258113265173;208;9;1;1;1
258113265173;258113265302;129;9;1;1;1
258113265302;258113265377;75;9;1;1;1
258113265377;258113265545;168;9;1;1;1
258113265545;258113269210;3665;9;1;1;1
258113269210;258113271616;2406;9;1;1;1
258113271616;258113271679;63;9;1;1;1
258113271679;258113271947;268;9;1;1;1
258113271947;258113273600;1653;9;1;1;1
258113273600;258113274355;755;9;1;1;1
258113274355;258113275078;723;9;1;1;1
258113275078;258113275879;801;9;1;1;1
258113275879;258113276045;166;9;1;1;1
258113276045;258113276220;175;9;1;1;1
258113276220;258113276362;142;9;1;1;1
258113276362;258113276485;123;9;1;1;1
258113276485;258113276486;1;9;1;1;1
258113276486;258113276540;54;9;1;1;1
258113276540;258113276597;57;9;1;1;1
258113276597;258113276697;100;9;1;1;1
258113276697;258113276733;36;9;1;1;1
258113276733;258113277856;1123;9;1;1;1
258113277856;258113277947;91;9;1;1;1
258113277947;258113278124;177;9;1;1;1
258113278124;258113278746;622;9;1;1;1
258113278746;258113279184;438;9;1;1;1
258113279184;258113282862;3678;9;1;1;1
258113282862;258113283415;553;9;1;1;1
258113283415;258113285652;2237;9;1;1;1
258113285652;258113290776;5124;9;1;1;1
258113290776;258113290817;41;9;1;1;1
258113290817;258113290842;25;9;1;1;1
258113290842;258113290885;43;9;1;1;1
258113290885;258113290909;24;9;1;1;1
258113290909;258113291300;391;9;1;1;1
258113291300;258113291656;356;9;1;1;1
258113291656;258113291973;317;9;1;1;1
258113291973;258113293691;1718;9;1;1;1
258113293691;258113293935;244;9;1;1;1
258113293935;258113293995;60;9;1;1;1
258113293995;258113295616;1621;9;1;1;1
258113295616;258113299437;3821;9;1;1;1
258113299437;258113299792;355;9;1;1;1
258113299792;258113300172;380;9;1;1;1
258113300172;258113300532;360;9;1;1;1
258113300532;258113301346;814;9;1;1;1
258113301346;258113301868;522;9;1;1;1
258113301868;258113301993;125;9;1;1;1
258113301993;258113302024;31;9;1;1;1
258113302024;258113302226;202;9;1;1;1
258113302226;258113302266;40;9;1;1;1
258113302266;258113302294;28;9;1;1;1
258113302294;258113302480;186;9;1;1;1
258113302480;258113302546;66;9;1;1;1
258113302546;258113302674;128;9;1;1;1
258113302674;258113302965;291;9;1;1;1
258113302965;258113303152;187;9;1;1;1
258113303152;258113305554;2402;9;1;1;1
258113305554;258113305761;207;9;1;1;1
258113305761;258113305848;87;9;1;1;1
258113305848;258113305964;116;9;1;1;1
258113305964;258113306820;856;9;1;1;1
258113306820;258113306960;140;9;1;1;1
258113306960;258113307060;100;9;1;1;1
258113307060;258113307096;36;9;1;1;1
258113307096;258113307501;405;9;1;1;1
258113307501;258113311604;4103;9;1;1;1
258113311604;258113311919;315;9;1;1;1
258113311919;258113313442;1523;9;1;1;1
258113313442;258113314296;854;9;1;1;1
258113314296;258113314429;133;9;1;1;1
258113314429;258113314879;450;9;1;1;1
258113314879;258113316393;1514;9;1;1;1
258113316393;258113322580;6187;9;1;1;1
258113322580;258113323551;971;9;1;1;1
258113323551;258113327562;4011;9;1;1;1
258113327562;258113331728;4166;9;1;1;1
258113331728;258113332367;639;2,9;2;1;1
258113332367;258113339129;6762;9;1;1;1
258113339129;258113339135;6;9;1;1;1
258113339135;258113341879;2744;9;1;1;1
258113341879;258113342024;145;9;1;1;1
258113342024;258113343334;1310;9;1;1;1
258113343334;258113343515;181;9;1;1;1
258113343515;258113343892;377;9;1;1;1
258113343892;258113344098;206;9;1;1;1
258113344098;258113344290;192;9;1;1;1
258113344290;258113344424;134;9;1;1;1
258113344424;258113344558;134;9;1;1;1
258113344558;258113344677;119;9;1;1;1
258113344677;258113354833;10156;9;1;1;1
258113354833;258113362546;7713;9;1;1;1
258113362546;258113362621;75;9;1;1;1
258113362621;258113362778;157;9;1;1;1
258113362778;258113362818;40;9;1;1;1
258113362818;258113362896;78;9;1;1;1
258113362896;258113363035;139;9;1;1;1
258113363035;258113365668;2633;9;1;1;1
258113365668;258113365731;63;9;1;1;1
258113365731;258113366127;396;2,9;2;1;1
258113366127;258113366182;55;2,9;2;1;1
258113366182;258113366372;190;2,9;2;1;1
258113366372;258113366399;27;9;1;1;1
258113366399;258113366495;96;9;1;1;1
258113366495;258113366674;179;9;1;1;1
258113366674;258113368797;2123;9;1;1;1
258113368797;258113368845;48;9;1;1;1
258113368845;258113368906;61;9;1;1;1
258113368906;258113372872;3966;9;1;1;1
258113372872;258113373945;1073;9;1;1;1
258113373945;258113374099;154;9;1;1;1
258113374099;258113374275;176;9;1;1;1
258113374275;258113375656;1381;9;1;1;1
258113375656;258113375693;37;9;1;1;1
258113375693;258113375769;76;9;1;1;1
258113375769;258113382782;7013;9;1;1;1
258113382782;258113385711;2929;9;1;1;1
258113385711;258113385779;68;9;1;1;1
258113385779;258113385880;101;9;1;1;1
258113385880;258113388434;2554;9;1;1;1
258113388434;258113388593;159;9;1;1;1
258113388593;258113388619;26;9;1;1;1
258113388619;258113390560;1941;9;1;1;1
258113390560;258113398259;7699;9;1;1;1
258113398259;258113399608;1349;9;1;1;1
258113399608;258113399988;380;9;1;1;1
258113399988;258113400122;134;9;1;1;1
258113400122;258113400218;96;9;1;1;1
258113400218;258113400448;230;9;1;1;1
258113400448;258113400518;70;9;1;1;1
258113400518;258113400555;37;9;1;1;1
258113400555;258113400628;73;9;1;1;1
258113400628;258113408192;7564;9;1;1;1
258113408192;258113409056;864;9;1;1;1
258113409056;258113409139;83;9;1;1;1
258113409139;258113409330;191;9;1;1;1
258113409330;258113418912;9582;9;1;1;1
258113418912;258113419955;1043;9;1;1;1
258113419955;258113419987;32;9;1;1;1
258113419987;258113420059;72;9;1;1;1
258113420059;258113420117;58;9;1;1;1
258113420117;258113420155;38;9;1;1;1
258113420155;258113421124;969;9;1;1;1
258113421124;258113422401;1277;9;1;1;1
258113422401;258113422598;197;9;1;1;1
258113422598;258113422692;94;9;1;1;1
258113422692;258113422902;210;9;1;1;1
258113422902;258113424827;1925;9;1;1;1
258113424827;258113424847;20;9;1;1;1
258113424847;258113424867;20;9;1;1;1
258113424867;258113425025;158;9;1;1;1
258113425025;258113425237;212;9;1;1;1
258113425237;258113425372;135;9;1;1;1
258113425372;258113425733;361;9;1;1;1
258113425733;258113425856;123;9;1;1;1
258113425856;258113425899;43;9;1;1;1
258113425899;258113425942;43;9;1;1;1
258113425942;258113426055;113;9;1;1;1
258113426055;258113426307;252;9;1;1;1
258113426307;258113428159;1852;9;1;1;1
258113428159;258113428483;324;9;1;1;1
258113428483;258113428742;259;9;1;1;1
258113428742;258113428846;104;9;1;1;1
258113428846;258113428980;134;9;1;1;1
258113428980;258113429402;422;9;1;1;1
258113429402;258113438021;8619;9;1;1;1
258113438021;258113439009;988;9;1;1;1
258113439009;258113442381;3372;9;1;1;1
258113442381;258113470489;28108;9;1;1;1
258113470489;258113470547;58;9;1;1;1
258113470547;258113470675;128;9;1;1;1
258113470675;258113471057;382;9;1;1;1
258113471057;258113471177;120;9;1;1;1
258113471177;258113471223;46;9;1;1;1
258538549043;258615967409;77418366;7;1;1;1
258779767176;258788453866;8686690;1;1;1;1
258788453866;258812249650;23795784;1,8;2;1;1
258812249650;258814211978;1962328;1,4,8;3;1;1
258814211978;258814283876;71898;4,8;2;1;1
258814283876;258859722022;45438146;4;1;1;1
259546984259;259556667121;9682862;4,7;2;1;1
259556667121;259624419159;67752038;7;1;1;1
260556844179;260634047663;77203484;7;1;1;1
261564190620;261641620618;77429998;7;1;1;1
