start;end;duration;phases;nphases;jobs;njobs
3763;3779;16;0;1;0;1
3779;3810;31;0,3;2;0,1;2
3810;3814;4;3;1;1;1
3814;3897;83;-1;0;-1;0
3897;4457;560;4;1;1;1
4457;4471;14;1,2,4;3;0,1;2
4471;4508;37;1,2,3,4;4;0,1,2;3
4508;4514;6;3,4;2;1,2;2
4514;4517;3;3,4,5;3;1,2,3;3
4517;4555;38;5;1;3;1
