start;end;duration;phases;nphases;jobs;njobs
3763;3779;16;0;1;0;1
3779;3810;31;0,3;2;0,1;2
3810;3814;4;3;1;1;1
3814;3897;83;-1;0;-1;0
3897;4457;560;4;1;1;1
4457;4471;14;1,2,4;3;0,1;2
4471;4508;37;1,2,4,5;4;0,1,2;3
4508;4508;0;4;1;1;1
4508;4517;9;4,5;2;1,2;2
4517;4524;7;4,5;2;1,2;2
4524;4524;0;4,5;2;1,2;2
