start;end;duration;jobs;njobs;days;ndays
258096636865;258096637921;1056;2,9;2;1;1
258104672849;258104673011;162;2,9;2;1;1
258104673011;258104673208;197;2,9;2;1;1
258104673208;258104673225;17;2,9;2;1;1
258104673225;258104673238;13;2,9;2;1;1
258104673238;258104673268;30;2,9;2;1;1
258104673268;258104680673;7405;2,9;2;1;1
258104680673;258104681133;460;2,9;2;1;1
258104681133;258104681138;5;2,9;2;1;1
258104681138;258104681217;79;2,9;2;1;1
258104681217;258104681594;377;2,9;2;1;1
258104681594;258104681678;84;2,9;2;1;1
258104681678;258104681875;197;2,9;2;1;1
258104681875;258104681897;22;2,9;2;1;1
258104681897;258104681933;36;2,9;2;1;1
258104681933;258104681947;14;2,9;2;1;1
258104681947;258104682110;163;2,9;2;1;1
258104682110;258104695823;13713;2,9;2;1;1
258104695823;258104703889;8066;2,9;2;1;1
258104703889;258104704362;473;2,9;2;1;1
258104704362;258104704581;219;2,9;2;1;1
258104705676;258104705775;99;2,9;2;1;1
258104705775;258104706241;466;2,9;2;1;1
258104706241;258104706629;388;2,9;2;1;1
258104706629;258104710747;4118;2,9;2;1;1
258104710919;258104711068;149;2,9;2;1;1
258104711068;258104711386;318;2,9;2;1;1
258104711386;258104711426;40;2,9;2;1;1
258104711426;258104711713;287;2,9;2;1;1
258104711713;258104711782;69;2,9;2;1;1
258104711782;258104712160;378;2,9;2;1;1
258104712160;258104712358;198;2,9;2;1;1
258104712358;258104712529;171;2,9;2;1;1
258104712529;258104717808;5279;2,9;2;1;1
258104717808;258104719681;1873;2,9;2;1;1
258104719681;258104722555;2874;2,9;2;1;1
258104722555;258104723127;572;2,9;2;1;1
258104723323;258104723403;80;2,9;2;1;1
258104723403;258104723456;53;2,9;2;1;1
258104723456;258104723517;61;2,9;2;1;1
258104723517;258104723553;36;2,9;2;1;1
258104723553;258104723577;24;2,9;2;1;1
258104723577;258104723757;180;2,9;2;1;1
258104723757;258104723793;36;2,9;2;1;1
258104723793;258104723915;122;2,9;2;1;1
258104723915;258104724614;699;2,9;2;1;1
258104724614;258104729672;5058;2,9;2;1;1
258104729672;258104734179;4507;2,9;2;1;1
258104734179;258104735308;1129;2,9;2;1;1
258104735308;258104737890;2582;2,9;2;1;1
258104737890;258104748039;10149;2,9;2;1;1
258104748039;258104748073;34;2,9;2;1;1
258104748073;258104748769;696;2,9;2;1;1
258104748769;258104752198;3429;2,9;2;1;1
258104775390;258104775395;5;2,9;2;1;1
258104775395;258104775552;157;2,9;2;1;1
258104775552;258104775855;303;2,9;2;1;1
258104775855;258104775897;42;2,9;2;1;1
258104775897;258104775919;22;2,9;2;1;1
258104809141;258104810840;1699;2,9;2;1;1
258104810840;258104812208;1368;2,9;2;1;1
258104812208;258104818970;6762;2,9;2;1;1
258104818970;258104819375;405;2,9;2;1;1
258104819375;258104819508;133;2,9;2;1;1
258104819508;258104819727;219;2,9;2;1;1
258104820451;258104823000;2549;2,9;2;1;1
258104823000;258104827024;4024;2,9;2;1;1
258104827024;258104832327;5303;2,9;2;1;1
258104832327;258104843504;11177;2,9;2;1;1
258104843504;258104845668;2164;2,9;2;1;1
258104845668;258104847462;1794;2,9;2;1;1
258104847462;258104849070;1608;2,9;2;1;1
258104849070;258104849212;142;2,9;2;1;1
258104849212;258104849632;420;2,9;2;1;1
258104849632;258104850203;571;2,9;2;1;1
258104850203;258104852634;2431;2,9;2;1;1
258104852634;258104852912;278;2,9;2;1;1
258104852912;258104854109;1197;2,9;2;1;1
258104854109;258104855279;1170;2,9;2;1;1
258104855279;258104855424;145;2,9;2;1;1
258104855424;258104855799;375;2,9;2;1;1
258104855799;258104856422;623;2,9;2;1;1
258104856422;258104857795;1373;2,9;2;1;1
258104858146;258104858192;46;2,9;2;1;1
258104858192;258104858216;24;2,9;2;1;1
258104858216;258104858238;22;2,9;2;1;1
258104858238;258104858350;112;2,9;2;1;1
258104858350;258104858478;128;2,9;2;1;1
258104858478;258104858624;146;2,9;2;1;1
258104858624;258104859505;881;2,9;2;1;1
258104921762;258104936960;15198;2,9;2;1;1
258104936960;258104937519;559;2,9;2;1;1
258104937519;258104938517;998;2,9;2;1;1
258104938517;258104941296;2779;2,9;2;1;1
258104941296;258104948381;7085;2,9;2;1;1
258104974372;258104975452;1080;2,9;2;1;1
258104975452;258104975797;345;2,9;2;1;1
258104975797;258104979065;3268;2,9;2;1;1
258104979065;258104980932;1867;2,9;2;1;1
258104980932;258104982429;1497;2,9;2;1;1
258104988242;258104989452;1210;2,9;2;1;1
258104990628;258104992367;1739;2,9;2;1;1
258104992367;258104993235;868;2,9;2;1;1
258104993235;258104995561;2326;2,9;2;1;1
258104995561;258104996259;698;2,9;2;1;1
258104996259;258105000674;4415;2,9;2;1;1
258105000674;258105001782;1108;2,9;2;1;1
258105001782;258105001832;50;2,9;2;1;1
258105001832;258105001863;31;2,9;2;1;1
258105001863;258105002230;367;2,9;2;1;1
258105002230;258105002304;74;2,9;2;1;1
258105002304;258105002320;16;2,9;2;1;1
258105002320;258105002381;61;2,9;2;1;1
258105002381;258105003904;1523;2,9;2;1;1
258105003904;258105004407;503;2,9;2;1;1
258105004407;258105004602;195;2,9;2;1;1
258105004602;258105005277;675;2,9;2;1;1
258105005779;258105006485;706;2,9;2;1;1
258105046329;258105046456;127;2,9;2;1;1
258105046456;258105049018;2562;2,9;2;1;1
258105049018;258105049601;583;2,9;2;1;1
258105049601;258105049918;317;2,9;2;1;1
258105050332;258105050358;26;2,9;2;1;1
258105050358;258105050378;20;2,9;2;1;1
258105050378;258105050469;91;2,9;2;1;1
258105050469;258105050599;130;2,9;2;1;1
258105050599;258105050604;5;2,9;2;1;1
258105050604;258105050710;106;2,9;2;1;1
258105050710;258105050789;79;2,9;2;1;1
258105050789;258105050833;44;2,9;2;1;1
258105050833;258105050838;5;2,9;2;1;1
258105050838;258105050908;70;2,9;2;1;1
258105050908;258105050964;56;2,9;2;1;1
258105050964;258105051004;40;2,9;2;1;1
258105051004;258105051215;211;2,9;2;1;1
258105051215;258105055531;4316;2,9;2;1;1
258105055531;258105057995;2464;2,9;2;1;1
258105057995;258105063514;5519;2,9;2;1;1
258105063514;258105066809;3295;2,9;2;1;1
258105066809;258105067054;245;2,9;2;1;1
258105067054;258105069504;2450;2,9;2;1;1
258105069504;258105069555;51;2,9;2;1;1
258105069555;258105069605;50;2,9;2;1;1
258105069605;258105069658;53;2,9;2;1;1
258105069658;258105069692;34;2,9;2;1;1
258105069692;258105069715;23;2,9;2;1;1
258105069715;258105071575;1860;2,9;2;1;1
258105071575;258105071623;48;2,9;2;1;1
258105071623;258105071650;27;2,9;2;1;1
258105071793;258105071927;134;2,9;2;1;1
258105071927;258105072099;172;2,9;2;1;1
258105072099;258105072284;185;2,9;2;1;1
258105072284;258105072311;27;2,9;2;1;1
258105072311;258105072514;203;2,9;2;1;1
258105072514;258105072555;41;2,9;2;1;1
258105072555;258105074175;1620;2,9;2;1;1
258105074175;258105077195;3020;2,9;2;1;1
258105077195;258105081731;4536;2,9;2;1;1
258105081731;258105083557;1826;2,9;2;1;1
258105083557;258105085861;2304;2,9;2;1;1
258105085861;258105086887;1026;2,9;2;1;1
258105086887;258105087006;119;2,9;2;1;1
258105087006;258105087487;481;2,9;2;1;1
258105087487;258105087500;13;2,9;2;1;1
258105087500;258105087533;33;2,9;2;1;1
258105087733;258105088013;280;2,9;2;1;1
258105088013;258105088212;199;2,9;2;1;1
258105088212;258105088379;167;2,9;2;1;1
258105088379;258105088863;484;2,9;2;1;1
258105141076;258105142260;1184;2,9;2;1;1
258105142260;258105143898;1638;2,9;2;1;1
258105143898;258105144628;730;2,9;2;1;1
258105144628;258105150675;6047;2,9;2;1;1
258105150675;258105152960;2285;2,9;2;1;1
258105152960;258105153347;387;2,9;2;1;1
258105153347;258105154938;1591;2,9;2;1;1
258105154938;258105157746;2808;2,9;2;1;1
258105157746;258105158227;481;2,9;2;1;1
258105158227;258105159881;1654;2,9;2;1;1
258105160179;258105160317;138;2,9;2;1;1
258105160317;258105160319;2;2,9;2;1;1
258105160319;258105160478;159;2,9;2;1;1
258105160478;258105160862;384;2,9;2;1;1
258105160862;258105160913;51;2,9;2;1;1
258105160913;258105161142;229;2,9;2;1;1
258105161142;258105161188;46;2,9;2;1;1
258105161188;258105161351;163;2,9;2;1;1
258105161351;258105164259;2908;2,9;2;1;1
258105164259;258105165553;1294;2,9;2;1;1
258105165553;258105169468;3915;2,9;2;1;1
258105169468;258105169518;50;2,9;2;1;1
258105169518;258105171074;1556;2,9;2;1;1
258105171074;258105172989;1915;2,9;2;1;1
258105172989;258105173034;45;2,9;2;1;1
258105173034;258105173089;55;2,9;2;1;1
258105173460;258105173505;45;2,9;2;1;1
258105173505;258105173568;63;2,9;2;1;1
258105173568;258105173609;41;2,9;2;1;1
258105173609;258105173797;188;2,9;2;1;1
258105173797;258105174390;593;2,9;2;1;1
258105174390;258105175952;1562;2,9;2;1;1
258105175952;258105176204;252;2,9;2;1;1
258105176204;258105179544;3340;2,9;2;1;1
258105179544;258105180525;981;2,9;2;1;1
258105180525;258105185305;4780;2,9;2;1;1
258105185305;258105185600;295;2,9;2;1;1
258105185600;258105185704;104;2,9;2;1;1
258105185704;258105185891;187;2,9;2;1;1
258105185891;258105186520;629;2,9;2;1;1
258105186520;258105187473;953;2,9;2;1;1
258105187473;258105188305;832;2,9;2;1;1
258105188305;258105188952;647;2,9;2;1;1
258105188952;258105189630;678;2,9;2;1;1
258105189630;258105197373;7743;2,9;2;1;1
258105256214;258105257840;1626;2,9;2;1;1
258105257840;258105260660;2820;2,9;2;1;1
258105260660;258105261596;936;2,9;2;1;1
258105261596;258105261604;8;2,9;2;1;1
258105261604;258105261656;52;2,9;2;1;1
258105261656;258105261943;287;2,9;2;1;1
258105261943;258105270034;8091;2,9;2;1;1
258105270034;258105272300;2266;2,9;2;1;1
258105272300;258105273728;1428;2,9;2;1;1
258105273728;258105278395;4667;2,9;2;1;1
258105278395;258105278402;7;2,9;2;1;1
258105278402;258105278462;60;2,9;2;1;1
258105278708;258105278802;94;2,9;2;1;1
258105278802;258105278923;121;2,9;2;1;1
258105278923;258105279163;240;2,9;2;1;1
258105279163;258105279287;124;2,9;2;1;1
258105279287;258105279409;122;2,9;2;1;1
258105279409;258105282107;2698;2,9;2;1;1
258105282107;258105283406;1299;2,9;2;1;1
258105283406;258105284303;897;2,9;2;1;1
258105284303;258105287543;3240;2,9;2;1;1
258105287543;258105288739;1196;2,9;2;1;1
258105288739;258105289008;269;2,9;2;1;1
258105289008;258105294429;5421;2,9;2;1;1
258105294429;258105294557;128;2,9;2;1;1
258105294557;258105294820;263;2,9;2;1;1
258105294820;258105294899;79;2,9;2;1;1
258105294899;258105295624;725;2,9;2;1;1
258105295624;258105295671;47;2,9;2;1;1
258105295671;258105295709;38;2,9;2;1;1
258105295709;258105295747;38;2,9;2;1;1
258105295747;258105298823;3076;2,9;2;1;1
258105298823;258105299378;555;2,9;2;1;1
258105299378;258105299424;46;2,9;2;1;1
258105299424;258105299460;36;2,9;2;1;1
258105299460;258105299496;36;2,9;2;1;1
258105299496;258105299923;427;2,9;2;1;1
258105299923;258105299930;7;2,9;2;1;1
258105299930;258105299966;36;2,9;2;1;1
258105299966;258105300537;571;2,9;2;1;1
258105300537;258105301216;679;2,9;2;1;1
258105301216;258105301880;664;2,9;2;1;1
258105301880;258105304459;2579;2,9;2;1;1
258105304459;258105305342;883;2,9;2;1;1
258105305342;258105305634;292;2,9;2;1;1
258105305634;258105306141;507;2,9;2;1;1
258105306141;258105306754;613;2,9;2;1;1
258105306754;258105307816;1062;2,9;2;1;1
258105307816;258105315808;7992;2,9;2;1;1
258105315808;258105315844;36;2,9;2;1;1
258105315844;258105315912;68;2,9;2;1;1
258105315912;258105316237;325;2,9;2;1;1
258105316237;258105320197;3960;2,9;2;1;1
258105332772;258105337508;4736;2,9;2;1;1
258105337508;258105338603;1095;2,9;2;1;1
258105338603;258105343760;5157;2,9;2;1;1
258105343760;258105358608;14848;2,9;2;1;1
258105358608;258105364047;5439;2,9;2;1;1
258105364047;258105364978;931;2,9;2;1;1
258105364978;258105365766;788;2,9;2;1;1
258105365766;258105366695;929;2,9;2;1;1
258105366695;258105371354;4659;2,9;2;1;1
258105371354;258105372022;668;2,9;2;1;1
258105372022;258105372186;164;2,9;2;1;1
258105372186;258105375966;3780;2,9;2;1;1
258105375966;258105377250;1284;2,9;2;1;1
258105377416;258105378009;593;2,9;2;1;1
258105378009;258105378427;418;2,9;2;1;1
258105378427;258105378462;35;2,9;2;1;1
258105378462;258105378505;43;2,9;2;1;1
258105378505;258105378547;42;2,9;2;1;1
258105378547;258105378598;51;2,9;2;1;1
258105378598;258105378640;42;2,9;2;1;1
258105378640;258105378680;40;2,9;2;1;1
258105378680;258105385374;6694;2,9;2;1;1
258105385374;258105385986;612;2,9;2;1;1
258105385986;258105386302;316;2,9;2;1;1
258105386302;258105401814;15512;2,9;2;1;1
258105433712;258105435486;1774;2,9;2;1;1
258105435486;258105437525;2039;2,9;2;1;1
258105437525;258105439397;1872;2,9;2;1;1
258105439397;258105440886;1489;2,9;2;1;1
258105440886;258105441396;510;2,9;2;1;1
258105441396;258105441431;35;2,9;2;1;1
258105441431;258105441466;35;2,9;2;1;1
258105441466;258105441631;165;2,9;2;1;1
258105441631;258105444255;2624;2,9;2;1;1
258105444255;258105447049;2794;2,9;2;1;1
258105447049;258105447164;115;2,9;2;1;1
258105447164;258105452004;4840;2,9;2;1;1
258105452004;258105452041;37;2,9;2;1;1
258105452041;258105452432;391;2,9;2;1;1
258105452432;258105452449;17;2,9;2;1;1
258105452449;258105452555;106;2,9;2;1;1
258105452555;258105452661;106;2,9;2;1;1
258105452661;258105452752;91;2,9;2;1;1
258105452752;258105453164;412;2,9;2;1;1
258105453164;258105457014;3850;2,9;2;1;1
258105457014;258105457409;395;2,9;2;1;1
258105457409;258105457499;90;2,9;2;1;1
258105457499;258105457527;28;2,9;2;1;1
258105457527;258105457629;102;2,9;2;1;1
258105457629;258105457780;151;2,9;2;1;1
258105457780;258105458167;387;2,9;2;1;1
258105458520;258105458886;366;2,9;2;1;1
258105458886;258105458956;70;2,9;2;1;1
258105458956;258105459196;240;2,9;2;1;1
258105459196;258105459565;369;2,9;2;1;1
258105459565;258105459769;204;2,9;2;1;1
258105459769;258105459810;41;2,9;2;1;1
258105459810;258105459882;72;2,9;2;1;1
258105459882;258105460040;158;2,9;2;1;1
258105460040;258105461717;1677;2,9;2;1;1
258105461717;258105466275;4558;2,9;2;1;1
258105466275;258105467275;1000;2,9;2;1;1
258105467275;258105468603;1328;2,9;2;1;1
258105468603;258105468673;70;2,9;2;1;1
258105468673;258105477267;8594;2,9;2;1;1
258105477267;258105479020;1753;2,9;2;1;1
258105479020;258105480154;1134;2,9;2;1;1
258105480154;258105482007;1853;2,9;2;1;1
258105482007;258105482317;310;2,9;2;1;1
258105482317;258105482914;597;2,9;2;1;1
258105482914;258105483625;711;2,9;2;1;1
258105483625;258105483904;279;2,9;2;1;1
258105483904;258105484198;294;2,9;2;1;1
258105484198;258105484772;574;2,9;2;1;1
258105551426;258105559787;8361;2,9;2;1;1
258105559787;258105559994;207;2,9;2;1;1
258105559994;258105564073;4079;2,9;2;1;1
258105564073;258105575015;10942;2,9;2;1;1
258105575015;258105577764;2749;2,9;2;1;1
258105577764;258105577938;174;2,9;2;1;1
258105577938;258105580000;2062;2,9;2;1;1
258105580000;258105582274;2274;2,9;2;1;1
258105582274;258105585709;3435;2,9;2;1;1
258105585709;258105588279;2570;2,9;2;1;1
258105588279;258105588287;8;2,9;2;1;1
258105588287;258105588314;27;2,9;2;1;1
258105588314;258105588369;55;2,9;2;1;1
258105588369;258105588882;513;2,9;2;1;1
258105588882;258105588893;11;2,9;2;1;1
258105588893;258105589034;141;2,9;2;1;1
258105589034;258105590503;1469;2,9;2;1;1
258105590503;258105590979;476;2,9;2;1;1
258105590979;258105591781;802;2,9;2;1;1
258105591781;258105593688;1907;2,9;2;1;1
258105593688;258105593900;212;2,9;2;1;1
258105593900;258105598385;4485;2,9;2;1;1
258105598385;258105599498;1113;2,9;2;1;1
258105599498;258105599527;29;2,9;2;1;1
258105599527;258105600516;989;2,9;2;1;1
258105647079;258105648838;1759;2,9;2;1;1
258105648838;258105650862;2024;2,9;2;1;1
258105650862;258105650929;67;2,9;2;1;1
258105650929;258105650995;66;2,9;2;1;1
258105650995;258105653846;2851;2,9;2;1;1
258105653846;258105666446;12600;2,9;2;1;1
258105666446;258105666519;73;2,9;2;1;1
258105666519;258105667588;1069;2,9;2;1;1
258105667588;258105668253;665;2,9;2;1;1
258105668253;258105673334;5081;2,9;2;1;1
258105673334;258105680635;7301;2,9;2;1;1
258105680635;258105680782;147;2,9;2;1;1
258105680782;258105682797;2015;2,9;2;1;1
258105682797;258105685125;2328;2,9;2;1;1
258105685125;258105685441;316;2,9;2;1;1
258105685441;258105685495;54;2,9;2;1;1
258105685495;258105685734;239;2,9;2;1;1
258105685734;258105685762;28;2,9;2;1;1
258105685762;258105685834;72;2,9;2;1;1
258105685834;258105686545;711;2,9;2;1;1
258105686545;258105686972;427;2,9;2;1;1
258105686972;258105688468;1496;2,9;2;1;1
258105688468;258105689607;1139;2,9;2;1;1
258105689607;258105690221;614;2,9;2;1;1
258105690221;258105691317;1096;2,9;2;1;1
258105753992;258105755493;1501;2,9;2;1;1
258105755493;258105761626;6133;2,9;2;1;1
258105761626;258105763673;2047;2,9;2;1;1
258105763673;258105768171;4498;2,9;2;1;1
258105768171;258105770854;2683;2,9;2;1;1
258105770854;258105773680;2826;2,9;2;1;1
258105773680;258105780189;6509;2,9;2;1;1
258105780189;258105786047;5858;2,9;2;1;1
258105786047;258105788979;2932;2,9;2;1;1
258105788979;258105790345;1366;2,9;2;1;1
258105790345;258105790600;255;2,9;2;1;1
258105790600;258105790730;130;2,9;2;1;1
258105790730;258105790799;69;2,9;2;1;1
258105790799;258105791204;405;2,9;2;1;1
258105791204;258105791246;42;2,9;2;1;1
258105791246;258105791874;628;2,9;2;1;1
258105791874;258105791924;50;2,9;2;1;1
258105791924;258105791978;54;2,9;2;1;1
258105791978;258105796069;4091;2,9;2;1;1
258105796069;258105796147;78;2,9;2;1;1
258105796147;258105796244;97;2,9;2;1;1
258105796244;258105796350;106;2,9;2;1;1
258105796350;258105796428;78;2,9;2;1;1
258105796428;258105797169;741;2,9;2;1;1
258105797169;258105797449;280;2,9;2;1;1
258105797449;258105798002;553;2,9;2;1;1
258105798002;258105798449;447;2,9;2;1;1
258105798788;258105798806;18;2,9;2;1;1
258105798806;258105798845;39;2,9;2;1;1
258105798845;258105799018;173;2,9;2;1;1
258105799018;258105799195;177;2,9;2;1;1
258105799195;258105799299;104;2,9;2;1;1
258105799299;258105799505;206;2,9;2;1;1
258105799505;258105799576;71;2,9;2;1;1
258105799576;258105799607;31;2,9;2;1;1
258105799607;258105799868;261;2,9;2;1;1
258105799868;258105800466;598;2,9;2;1;1
258105800466;258105800592;126;2,9;2;1;1
258105800592;258105800908;316;2,9;2;1;1
258105800908;258105805644;4736;2,9;2;1;1
258105805644;258105807579;1935;2,9;2;1;1
258105863037;258105865482;2445;2,9;2;1;1
258105865482;258105865937;455;2,9;2;1;1
258105865937;258105866076;139;2,9;2;1;1
258105866076;258105866130;54;2,9;2;1;1
258105866130;258105866163;33;2,9;2;1;1
258105866163;258105866205;42;2,9;2;1;1
258105866205;258105867488;1283;2,9;2;1;1
258105867488;258105867516;28;2,9;2;1;1
258105867516;258105867543;27;2,9;2;1;1
258105867543;258105868878;1335;2,9;2;1;1
258105868878;258105871604;2726;2,9;2;1;1
258105872065;258105872244;179;2,9;2;1;1
258105872244;258105872331;87;2,9;2;1;1
258105872331;258105872425;94;2,9;2;1;1
258105872425;258105872628;203;2,9;2;1;1
258105872628;258105872630;2;2,9;2;1;1
258105872630;258105872666;36;2,9;2;1;1
258105872666;258105872694;28;2,9;2;1;1
258105872694;258105872790;96;2,9;2;1;1
258105872790;258105872845;55;2,9;2;1;1
258105872845;258105872870;25;2,9;2;1;1
258105872870;258105872886;16;2,9;2;1;1
258105872886;258105872896;10;2,9;2;1;1
258105872896;258105873091;195;2,9;2;1;1
258105873091;258105882463;9372;2,9;2;1;1
258105882463;258105883091;628;2,9;2;1;1
258105883091;258105883112;21;2,9;2;1;1
258105883112;258105883719;607;2,9;2;1;1
258105883719;258105884221;502;2,9;2;1;1
258105884221;258105884255;34;2,9;2;1;1
258105884255;258105888416;4161;2,9;2;1;1
258105888416;258105892416;4000;2,9;2;1;1
258105892416;258105897393;4977;2,9;2;1;1
258105897393;258105899121;1728;2,9;2;1;1
258105899121;258105899480;359;2,9;2;1;1
258105899480;258105899607;127;2,9;2;1;1
258105899607;258105900218;611;2,9;2;1;1
258105900218;258105901001;783;2,9;2;1;1
258105901001;258105901669;668;2,9;2;1;1
258105901669;258105904506;2837;2,9;2;1;1
258105965703;258105966236;533;2,9;2;1;1
258106036978;258106037808;830;2,9;2;1;1
258106039813;258106040048;235;2,9;2;1;1
258106040048;258106044751;4703;2,9;2;1;1
258106045998;258106047343;1345;2,9;2;1;1
258106050308;258106052673;2365;2,9;2;1;1
258106052673;258106053035;362;2,9;2;1;1
258106053035;258106055760;2725;2,9;2;1;1
258106055760;258106056610;850;2,9;2;1;1
258106056610;258106057406;796;2,9;2;1;1
258106057718;258106058170;452;2,9;2;1;1
258106058170;258106058226;56;2,9;2;1;1
258106058226;258106061265;3039;2,9;2;1;1
258106061265;258106061353;88;2,9;2;1;1
258106061353;258106062159;806;2,9;2;1;1
258106062159;258106062461;302;2,9;2;1;1
258106062461;258106063072;611;2,9;2;1;1
258106063072;258106063155;83;2,9;2;1;1
258106067503;258106068658;1155;2,9;2;1;1
258106071134;258106071157;23;2,9;2;1;1
258106071157;258106071223;66;2,9;2;1;1
258106071223;258106071309;86;2,9;2;1;1
258106071309;258106071370;61;2,9;2;1;1
258106071370;258106071714;344;2,9;2;1;1
258106112909;258106115175;2266;2,9;2;1;1
258106115175;258106115483;308;2,9;2;1;1
258106115483;258106115633;150;2,9;2;1;1
258106115633;258106118167;2534;2,9;2;1;1
258106118167;258106118241;74;2,9;2;1;1
258106118241;258106118538;297;2,9;2;1;1
258106118538;258106118566;28;2,9;2;1;1
258106118566;258106118897;331;2,9;2;1;1
258106118897;258106118976;79;2,9;2;1;1
258106118976;258106118986;10;2,9;2;1;1
258106118986;258106120869;1883;2,9;2;1;1
258106120869;258106121235;366;2,9;2;1;1
258106121235;258106122044;809;2,9;2;1;1
258106122044;258106122150;106;2,9;2;1;1
258106122150;258106122158;8;2,9;2;1;1
258106122158;258106122193;35;2,9;2;1;1
258106122193;258106122556;363;2,9;2;1;1
258106122556;258106127705;5149;2,9;2;1;1
258106127705;258106142497;14792;2,9;2;1;1
258106142497;258106144476;1979;2,9;2;1;1
258106144476;258106145010;534;2,9;2;1;1
258106145010;258106146021;1011;2,9;2;1;1
258106146021;258106146557;536;2,9;2;1;1
258106147114;258106147336;222;2,9;2;1;1
258106147336;258106147371;35;2,9;2;1;1
258106147371;258106147401;30;2,9;2;1;1
258106147401;258106147467;66;2,9;2;1;1
258106147467;258106148386;919;2,9;2;1;1
258106148386;258106149016;630;2,9;2;1;1
258106149016;258106149058;42;2,9;2;1;1
258106149058;258106149164;106;2,9;2;1;1
258106149164;258106149741;577;2,9;2;1;1
258106149741;258106150791;1050;2,9;2;1;1
258106150791;258106154154;3363;2,9;2;1;1
258106299501;258106302929;3428;2,9;2;1;1
258106302929;258106303141;212;2,9;2;1;1
258106303141;258106303372;231;2,9;2;1;1
258106303372;258106303408;36;2,9;2;1;1
258106303723;258106303739;16;2,9;2;1;1
258106303739;258106303742;3;2,9;2;1;1
258106303742;258106311376;7634;2,9;2;1;1
258106311376;258106311486;110;2,9;2;1;1
258106311486;258106316903;5417;2,9;2;1;1
258106316903;258106324433;7530;2,9;2;1;1
258106324433;258106329591;5158;2,9;2;1;1
258106329591;258106330415;824;2,9;2;1;1
258106330415;258106332951;2536;2,9;2;1;1
258106332951;258106335343;2392;2,9;2;1;1
258106335343;258106336305;962;2,9;2;1;1
258106336305;258106342456;6151;2,9;2;1;1
258106342456;258106342767;311;2,9;2;1;1
258106342767;258106342903;136;2,9;2;1;1
258106342903;258106343418;515;2,9;2;1;1
258106343418;258106345434;2016;2,9;2;1;1
258106345434;258106345965;531;2,9;2;1;1
258106345965;258106351161;5196;2,9;2;1;1
258106351161;258106351655;494;2,9;2;1;1
258106351655;258106352511;856;2,9;2;1;1
258106352511;258106352750;239;2,9;2;1;1
258106352750;258106353609;859;2,9;2;1;1
258106355700;258106356332;632;2,9;2;1;1
258106426257;258106426932;675;2,9;2;1;1
258106426932;258106427673;741;2,9;2;1;1
258106427673;258106427683;10;2,9;2;1;1
258106427683;258106431097;3414;2,9;2;1;1
258106431541;258106431571;30;2,9;2;1;1
258106431571;258106431602;31;2,9;2;1;1
258106431602;258106432158;556;2,9;2;1;1
258106432158;258106436750;4592;2,9;2;1;1
258106436750;258106440311;3561;2,9;2;1;1
258106440311;258106443630;3319;2,9;2;1;1
258106443630;258106444518;888;2,9;2;1;1
258106444518;258106457589;13071;2,9;2;1;1
258106457589;258106459172;1583;2,9;2;1;1
258106459172;258106460213;1041;2,9;2;1;1
258106460213;258106467562;7349;2,9;2;1;1
258106467562;258106470330;2768;2,9;2;1;1
258106470330;258106470981;651;2,9;2;1;1
258106470981;258106471666;685;2,9;2;1;1
258106471666;258106473614;1948;2,9;2;1;1
258106473614;258106474153;539;2,9;2;1;1
258106474153;258106474970;817;2,9;2;1;1
258106474970;258106477175;2205;2,9;2;1;1
258106477175;258106477651;476;2,9;2;1;1
258106510721;258106522454;11733;2,9;2;1;1
258106522454;258106523404;950;2,9;2;1;1
258106523404;258106523447;43;2,9;2;1;1
258106523447;258106525344;1897;2,9;2;1;1
258106525344;258106525395;51;2,9;2;1;1
258106525395;258106525407;12;2,9;2;1;1
258106525407;258106525428;21;2,9;2;1;1
258106525428;258106525463;35;2,9;2;1;1
258106525463;258106525723;260;2,9;2;1;1
258106525723;258106525740;17;2,9;2;1;1
258106525740;258106525809;69;2,9;2;1;1
258106525809;258106525927;118;2,9;2;1;1
258106525927;258106526203;276;2,9;2;1;1
258106526203;258106529079;2876;2,9;2;1;1
258106529238;258106529360;122;2,9;2;1;1
258106529360;258106529394;34;2,9;2;1;1
258106529394;258106529638;244;2,9;2;1;1
258106529638;258106529813;175;2,9;2;1;1
258106529813;258106529963;150;2,9;2;1;1
258106529963;258106530175;212;2,9;2;1;1
258106530175;258106531262;1087;2,9;2;1;1
258106531262;258106536396;5134;2,9;2;1;1
258106601064;258106603524;2460;2,9;2;1;1
258106603524;258106611623;8099;2,9;2;1;1
258106611623;258106611828;205;2,9;2;1;1
258106611828;258106611831;3;2,9;2;1;1
258106611831;258106611855;24;2,9;2;1;1
258106611855;258106611909;54;2,9;2;1;1
258106611909;258106611972;63;2,9;2;1;1
258106611972;258106612507;535;2,9;2;1;1
258106612507;258106612536;29;2,9;2;1;1
258106612536;258106613009;473;2,9;2;1;1
258106613009;258106613044;35;2,9;2;1;1
258106613044;258106613077;33;2,9;2;1;1
258106613077;258106613309;232;2,9;2;1;1
258106613309;258106613487;178;2,9;2;1;1
258106613487;258106614750;1263;2,9;2;1;1
258106614750;258106616045;1295;2,9;2;1;1
258106616045;258106618421;2376;2,9;2;1;1
258106618421;258106618498;77;2,9;2;1;1
258106618498;258106618564;66;2,9;2;1;1
258106618564;258106618575;11;2,9;2;1;1
258106619049;258106619144;95;2,9;2;1;1
258106619144;258106619197;53;2,9;2;1;1
258106619197;258106621962;2765;2,9;2;1;1
258106621962;258106625886;3924;2,9;2;1;1
258106625886;258106627847;1961;2,9;2;1;1
258106627847;258106627869;22;2,9;2;1;1
258106627869;258106628138;269;2,9;2;1;1
258106628871;258106630104;1233;2,9;2;1;1
258106630104;258106631820;1716;2,9;2;1;1
258106631820;258106633972;2152;2,9;2;1;1
258106633972;258106634385;413;2,9;2;1;1
258106634385;258106637931;3546;2,9;2;1;1
258106637931;258106638591;660;2,9;2;1;1
258106638591;258106639558;967;2,9;2;1;1
258106639558;258106640259;701;2,9;2;1;1
258106640259;258106641693;1434;2,9;2;1;1
258106641693;258106643794;2101;2,9;2;1;1
258106643794;258106646115;2321;2,9;2;1;1
258106646115;258106649290;3175;2,9;2;1;1
258106720114;258106722793;2679;2,9;2;1;1
258106722793;258106722827;34;2,9;2;1;1
258106722827;258106722915;88;2,9;2;1;1
258106722915;258106723091;176;2,9;2;1;1
258106723091;258106728748;5657;2,9;2;1;1
258106728748;258106728983;235;2,9;2;1;1
258106728983;258106730657;1674;2,9;2;1;1
258106730927;258106731080;153;2,9;2;1;1
258106731080;258106731259;179;2,9;2;1;1
258106731259;258106731300;41;2,9;2;1;1
258106731300;258106731332;32;2,9;2;1;1
258106731332;258106731477;145;2,9;2;1;1
258106731477;258106731737;260;2,9;2;1;1
258106731737;258106731882;145;2,9;2;1;1
258106731882;258106732028;146;2,9;2;1;1
258106732028;258106738384;6356;2,9;2;1;1
258106738384;258106742257;3873;2,9;2;1;1
258106742257;258106742370;113;2,9;2;1;1
258106742370;258106742397;27;2,9;2;1;1
258106742397;258106742461;64;2,9;2;1;1
258106742461;258106742500;39;2,9;2;1;1
258106742500;258106742512;12;2,9;2;1;1
258106742512;258106746432;3920;2,9;2;1;1
258106775734;258106776396;662;2,9;2;1;1
258106839431;258106841575;2144;2,9;2;1;1
258106841575;258106848373;6798;2,9;2;1;1
258106848373;258106850962;2589;2,9;2;1;1
258106850962;258106852097;1135;2,9;2;1;1
258106852097;258106852846;749;2,9;2;1;1
258106852846;258106860581;7735;2,9;2;1;1
258106860581;258106866469;5888;2,9;2;1;1
258106866469;258106869091;2622;2,9;2;1;1
258106869091;258106871934;2843;2,9;2;1;1
258106871934;258106872650;716;2,9;2;1;1
258106872650;258106873481;831;2,9;2;1;1
258106873481;258106873597;116;2,9;2;1;1
258106873597;258106873619;22;2,9;2;1;1
258106873619;258106873881;262;2,9;2;1;1
258106873881;258106874171;290;2,9;2;1;1
258106874171;258106879332;5161;2,9;2;1;1
258106879332;258106881353;2021;2,9;2;1;1
258106881353;258106887746;6393;2,9;2;1;1
258106887746;258106888959;1213;2,9;2;1;1
258106888959;258106888994;35;2,9;2;1;1
258106888994;258106889015;21;2,9;2;1;1
258106889015;258106889310;295;2,9;2;1;1
258106889310;258106889482;172;2,9;2;1;1
258106889482;258106891149;1667;2,9;2;1;1
258106891149;258106891180;31;2,9;2;1;1
258106891180;258106891235;55;2,9;2;1;1
258106891235;258106891367;132;2,9;2;1;1
258106891367;258106891500;133;2,9;2;1;1
258106891500;258106891602;102;2,9;2;1;1
258106891602;258106891865;263;2,9;2;1;1
258106891865;258106893886;2021;2,9;2;1;1
258106893886;258106894409;523;2,9;2;1;1
258106894409;258106894678;269;2,9;2;1;1
258106894678;258106896511;1833;2,9;2;1;1
258106896511;258106896789;278;2,9;2;1;1
258106896789;258106899149;2360;2,9;2;1;1
258106899149;258106900327;1178;2,9;2;1;1
258106900327;258106901141;814;2,9;2;1;1
258106901141;258106902272;1131;2,9;2;1;1
258106950057;258106950826;769;2,9;2;1;1
258106950826;258106952605;1779;2,9;2;1;1
258106952605;258106957029;4424;2,9;2;1;1
258106957029;258106957941;912;2,9;2;1;1
258106957941;258106959398;1457;2,9;2;1;1
258106959398;258106965422;6024;2,9;2;1;1
258106965422;258106967717;2295;2,9;2;1;1
258106967717;258106972757;5040;2,9;2;1;1
258106972757;258106979024;6267;2,9;2;1;1
258106979024;258106980682;1658;2,9;2;1;1
258106980682;258106986108;5426;2,9;2;1;1
258106986108;258106990196;4088;2,9;2;1;1
258106990196;258106997483;7287;2,9;2;1;1
258106997483;258106998752;1269;2,9;2;1;1
258106998752;258106999357;605;2,9;2;1;1
258106999357;258106999926;569;2,9;2;1;1
258106999926;258107000087;161;2,9;2;1;1
258107000087;258107000572;485;2,9;2;1;1
258107000572;258107000691;119;2,9;2;1;1
258107000691;258107001599;908;2,9;2;1;1
258107001599;258107001678;79;2,9;2;1;1
258107001678;258107003950;2272;2,9;2;1;1
258107003950;258107005043;1093;2,9;2;1;1
258107005043;258107009121;4078;2,9;2;1;1
258107009121;258107009887;766;2,9;2;1;1
258107009887;258107011931;2044;2,9;2;1;1
258107011931;258107022612;10681;2,9;2;1;1
258107022612;258107022621;9;2,9;2;1;1
258107022621;258107022658;37;2,9;2;1;1
258107022658;258107022686;28;2,9;2;1;1
258107022686;258107022739;53;2,9;2;1;1
258107022739;258107022793;54;2,9;2;1;1
258107022793;258107022924;131;2,9;2;1;1
258107022924;258107022975;51;2,9;2;1;1
258107022975;258107023689;714;2,9;2;1;1
258107023689;258107026017;2328;2,9;2;1;1
258107026017;258107026740;723;2,9;2;1;1
258107112041;258107112643;602;2,9;2;1;1
258107112643;258107118956;6313;2,9;2;1;1
258107118956;258107128353;9397;2,9;2;1;1
258107128353;258107131567;3214;2,9;2;1;1
258107131567;258107132047;480;2,9;2;1;1
258107132047;258107132528;481;2,9;2;1;1
258107132528;258107135550;3022;2,9;2;1;1
258107135550;258107141741;6191;2,9;2;1;1
258107142031;258107142038;7;2,9;2;1;1
258107142038;258107142183;145;2,9;2;1;1
258107142183;258107142219;36;2,9;2;1;1
258107142219;258107142315;96;2,9;2;1;1
258107142315;258107142495;180;2,9;2;1;1
258107142495;258107144927;2432;2,9;2;1;1
258107144927;258107148236;3309;2,9;2;1;1
258107148236;258107149294;1058;2,9;2;1;1
258107149294;258107150122;828;2,9;2;1;1
258107150122;258107150625;503;2,9;2;1;1
258107150625;258107150643;18;2,9;2;1;1
258107150643;258107150659;16;2,9;2;1;1
258107150659;258107150694;35;2,9;2;1;1
258107150694;258107150718;24;2,9;2;1;1
258107150718;258107150773;55;2,9;2;1;1
258107150773;258107151101;328;2,9;2;1;1
258107151101;258107157202;6101;2,9;2;1;1
258107157202;258107158111;909;2,9;2;1;1
258107158111;258107158799;688;2,9;2;1;1
258107158799;258107159017;218;2,9;2;1;1
258107159017;258107160159;1142;2,9;2;1;1
258107160159;258107160373;214;2,9;2;1;1
258107160373;258107161584;1211;2,9;2;1;1
258107161584;258107162196;612;2,9;2;1;1
258107162196;258107163041;845;2,9;2;1;1
258107163041;258107164525;1484;2,9;2;1;1
258107164525;258107165469;944;2,9;2;1;1
258107165469;258107165896;427;2,9;2;1;1
258107165896;258107166597;701;2,9;2;1;1
258107227325;258107231749;4424;2,9;2;1;1
258107231749;258107234134;2385;2,9;2;1;1
258107234134;258107236267;2133;2,9;2;1;1
258107236267;258107252114;15847;2,9;2;1;1
258107252114;258107255629;3515;2,9;2;1;1
258107255629;258107260274;4645;2,9;2;1;1
258107260274;258107261975;1701;2,9;2;1;1
258107261975;258107263657;1682;2,9;2;1;1
258107263657;258107265282;1625;2,9;2;1;1
258107265282;258107265383;101;2,9;2;1;1
258107265383;258107265867;484;2,9;2;1;1
258107265867;258107266999;1132;2,9;2;1;1
258107266999;258107267998;999;2,9;2;1;1
258107267998;258107271616;3618;2,9;2;1;1
258107271616;258107272336;720;2,9;2;1;1
258107272336;258107272414;78;2,9;2;1;1
258107272414;258107273025;611;2,9;2;1;1
258107342194;258107343052;858;2,9;2;1;1
258107343052;258107343231;179;2,9;2;1;1
258107343231;258107344319;1088;2,9;2;1;1
258107344319;258107344398;79;2,9;2;1;1
258107344398;258107344452;54;2,9;2;1;1
258107344452;258107344700;248;2,9;2;1;1
258107344700;258107344844;144;2,9;2;1;1
258107344844;258107345285;441;2,9;2;1;1
258107345285;258107345682;397;2,9;2;1;1
258107345682;258107345851;169;2,9;2;1;1
258107345851;258107345916;65;2,9;2;1;1
258107345916;258107345936;20;2,9;2;1;1
258107345936;258107346021;85;2,9;2;1;1
258107346021;258107349509;3488;2,9;2;1;1
258107349509;258107350906;1397;2,9;2;1;1
258107350906;258107352048;1142;2,9;2;1;1
258107352048;258107352099;51;2,9;2;1;1
258107352099;258107352127;28;2,9;2;1;1
258107352127;258107352242;115;2,9;2;1;1
258107352242;258107352320;78;2,9;2;1;1
258107352320;258107352720;400;2,9;2;1;1
258107352720;258107352776;56;2,9;2;1;1
258107352776;258107353375;599;2,9;2;1;1
258107353375;258107357390;4015;2,9;2;1;1
258107357390;258107364089;6699;2,9;2;1;1
258107364089;258107364709;620;2,9;2;1;1
258107364709;258107367653;2944;2,9;2;1;1
258107367653;258107374603;6950;2,9;2;1;1
258107374603;258107376498;1895;2,9;2;1;1
258107376498;258107378826;2328;2,9;2;1;1
258107378826;258107379467;641;2,9;2;1;1
258107379467;258107379932;465;2,9;2;1;1
258107379932;258107386288;6356;2,9;2;1;1
258107386288;258107386487;199;2,9;2;1;1
258107386487;258107386607;120;2,9;2;1;1
258107386607;258107387515;908;2,9;2;1;1
258107387515;258107387577;62;2,9;2;1;1
258107387577;258107387613;36;2,9;2;1;1
258107387613;258107394396;6783;2,9;2;1;1
258107394396;258107394826;430;2,9;2;1;1
258107394826;258107396343;1517;2,9;2;1;1
258107396343;258107397543;1200;2,9;2;1;1
258107397543;258107399065;1522;2,9;2;1;1
258107399065;258107399639;574;2,9;2;1;1
258107399639;258107400426;787;2,9;2;1;1
258107457901;258107464332;6431;2,9;2;1;1
258107464332;258107464849;517;2,9;2;1;1
258107464849;258107464969;120;2,9;2;1;1
258107464969;258107467217;2248;2,9;2;1;1
258107467217;258107467863;646;2,9;2;1;1
258107467863;258107468554;691;2,9;2;1;1
258107468554;258107468564;10;2,9;2;1;1
258107468564;258107468589;25;2,9;2;1;1
258107468589;258107468846;257;2,9;2;1;1
258107468846;258107471221;2375;2,9;2;1;1
258107471221;258107484410;13189;2,9;2;1;1
258107484410;258107485735;1325;2,9;2;1;1
258107485735;258107488215;2480;2,9;2;1;1
258107488215;258107488567;352;2,9;2;1;1
258107488567;258107497979;9412;2,9;2;1;1
258107497979;258107498569;590;2,9;2;1;1
258107498569;258107499004;435;2,9;2;1;1
258107499004;258107499095;91;2,9;2;1;1
258107499095;258107515321;16226;2,9;2;1;1
258107515321;258107517401;2080;2,9;2;1;1
258107517401;258107518026;625;2,9;2;1;1
258107518026;258107518901;875;2,9;2;1;1
258107518901;258107519533;632;2,9;2;1;1
258107519533;258107520496;963;2,9;2;1;1
258107520496;258107521557;1061;2,9;2;1;1
258107521557;258107522608;1051;2,9;2;1;1
258107583930;258107585155;1225;2,9;2;1;1
258107585155;258107587367;2212;2,9;2;1;1
258107587367;258107591714;4347;2,9;2;1;1
258107591714;258107596483;4769;2,9;2;1;1
258107596844;258107598396;1552;2,9;2;1;1
258107599046;258107601161;2115;2,9;2;1;1
258107601161;258107601411;250;2,9;2;1;1
258107601411;258107601747;336;2,9;2;1;1
258107601747;258107601793;46;2,9;2;1;1
258107601793;258107602008;215;2,9;2;1;1
258107603003;258107603231;228;2,9;2;1;1
258107603231;258107603267;36;2,9;2;1;1
258107604417;258107604578;161;2,9;2;1;1
258107604578;258107605687;1109;2,9;2;1;1
258107607405;258107607542;137;2,9;2;1;1
258107607542;258107607774;232;2,9;2;1;1
258107612999;258107613177;178;2,9;2;1;1
258107613177;258107613229;52;2,9;2;1;1
258107613229;258107613275;46;2,9;2;1;1
258107756955;258107758956;2001;2,9;2;1;1
258107758956;258107759062;106;2,9;2;1;1
258107759062;258107759532;470;2,9;2;1;1
258107759532;258107759556;24;2,9;2;1;1
258107759556;258107759836;280;2,9;2;1;1
258107759836;258107759856;20;2,9;2;1;1
258107759856;258107759877;21;2,9;2;1;1
258107759877;258107760226;349;2,9;2;1;1
258107760226;258107760345;119;2,9;2;1;1
258107760345;258107760681;336;2,9;2;1;1
258107760681;258107760954;273;2,9;2;1;1
258107760954;258107761920;966;2,9;2;1;1
258107761920;258107762219;299;2,9;2;1;1
258107762219;258107763738;1519;2,9;2;1;1
258107763738;258107764265;527;2,9;2;1;1
258107764265;258107765738;1473;2,9;2;1;1
258107765738;258107766031;293;2,9;2;1;1
258107769501;258107771376;1875;2,9;2;1;1
258107771376;258107771425;49;2,9;2;1;1
258107771425;258107771535;110;2,9;2;1;1
258107771535;258107771579;44;2,9;2;1;1
258107771579;258107771691;112;2,9;2;1;1
258107771691;258107772994;1303;2,9;2;1;1
258107772994;258107774359;1365;2,9;2;1;1
258107777475;258107778039;564;2,9;2;1;1
258107778039;258107778654;615;2,9;2;1;1
258107778654;258107778690;36;2,9;2;1;1
258107778690;258107779679;989;2,9;2;1;1
258107779679;258107780243;564;2,9;2;1;1
258107791325;258107792602;1277;2,9;2;1;1
258107793899;258107794661;762;2,9;2;1;1
258107794661;258107794875;214;2,9;2;1;1
258107794875;258107795187;312;2,9;2;1;1
258107795187;258107795747;560;2,9;2;1;1
258107795747;258107796628;881;2,9;2;1;1
258107796628;258107796740;112;2,9;2;1;1
258107796740;258107797475;735;2,9;2;1;1
258107797475;258107798236;761;2,9;2;1;1
258107801252;258107801964;712;2,9;2;1;1
258107802126;258107802702;576;2,9;2;1;1
258107802702;258107802861;159;2,9;2;1;1
258107802861;258107803306;445;2,9;2;1;1
258107803306;258107803480;174;2,9;2;1;1
258107803480;258107803817;337;2,9;2;1;1
258107803817;258107804016;199;2,9;2;1;1
258107804016;258107804289;273;2,9;2;1;1
258107846994;258107847561;567;2,9;2;1;1
258107847561;258107848010;449;2,9;2;1;1
258107848010;258107848091;81;2,9;2;1;1
258107848091;258107848159;68;2,9;2;1;1
258107848159;258107848224;65;2,9;2;1;1
258107848224;258107848714;490;2,9;2;1;1
258107848714;258107848979;265;2,9;2;1;1
258107848979;258107849382;403;2,9;2;1;1
258107849382;258107849498;116;2,9;2;1;1
258107849498;258107849607;109;2,9;2;1;1
258107849607;258107852310;2703;2,9;2;1;1
258107852310;258107852534;224;2,9;2;1;1
258107852534;258107854021;1487;2,9;2;1;1
258107854021;258107854303;282;2,9;2;1;1
258107854303;258107856045;1742;2,9;2;1;1
258107856045;258107856204;159;2,9;2;1;1
258107856204;258107856259;55;2,9;2;1;1
258107856259;258107857882;1623;2,9;2;1;1
258107857882;258107858482;600;2,9;2;1;1
258107858482;258107858507;25;2,9;2;1;1
258107858507;258107858738;231;2,9;2;1;1
258107858738;258107859444;706;2,9;2;1;1
258107859444;258107860460;1016;2,9;2;1;1
258107860460;258107860617;157;2,9;2;1;1
258107860617;258107861195;578;2,9;2;1;1
258107861195;258107861307;112;2,9;2;1;1
258107861307;258107861449;142;2,9;2;1;1
258107861449;258107861697;248;2,9;2;1;1
258107861697;258107861830;133;2,9;2;1;1
258107861830;258107866516;4686;2,9;2;1;1
258107866516;258107867641;1125;2,9;2;1;1
258107867641;258107869476;1835;2,9;2;1;1
258107869476;258107869719;243;2,9;2;1;1
258107869719;258107870563;844;2,9;2;1;1
258107870563;258107871511;948;2,9;2;1;1
258107871511;258107871880;369;2,9;2;1;1
258107871880;258107874107;2227;2,9;2;1;1
258107874107;258107874156;49;2,9;2;1;1
258107874156;258107874243;87;2,9;2;1;1
258107874243;258107874306;63;2,9;2;1;1
258107874306;258107874520;214;2,9;2;1;1
258107874520;258107874694;174;2,9;2;1;1
258107874694;258107875685;991;2,9;2;1;1
258107875685;258107875842;157;2,9;2;1;1
258107875842;258107875925;83;2,9;2;1;1
258107875925;258107876102;177;2,9;2;1;1
258107876102;258107876169;67;2,9;2;1;1
258107876169;258107876364;195;2,9;2;1;1
258107876364;258107876901;537;2,9;2;1;1
258107876901;258107877001;100;2,9;2;1;1
258107877001;258107877050;49;2,9;2;1;1
258107877050;258107877250;200;2,9;2;1;1
258107877250;258107877433;183;2,9;2;1;1
258107877433;258107878254;821;2,9;2;1;1
258107878254;258107878763;509;2,9;2;1;1
258107878763;258107881347;2584;2,9;2;1;1
258107881347;258107881538;191;2,9;2;1;1
258107881538;258107881634;96;2,9;2;1;1
258107881634;258107881846;212;2,9;2;1;1
258107881846;258107882548;702;2,9;2;1;1
258107882548;258107884699;2151;2,9;2;1;1
258107884699;258107885567;868;2,9;2;1;1
258107885567;258107885625;58;2,9;2;1;1
258107885625;258107886046;421;2,9;2;1;1
258107886046;258107886142;96;2,9;2;1;1
258107886142;258107886259;117;2,9;2;1;1
258107886259;258107886707;448;2,9;2;1;1
258107886707;258107887401;694;2,9;2;1;1
258107887401;258107887447;46;2,9;2;1;1
258107887447;258107887636;189;2,9;2;1;1
258107887636;258107887682;46;2,9;2;1;1
258107887682;258107889347;1665;2,9;2;1;1
258107889347;258107889826;479;2,9;2;1;1
258107889826;258107893322;3496;2,9;2;1;1
258107893322;258107893745;423;2,9;2;1;1
258107893745;258107894117;372;2,9;2;1;1
258107894117;258107896461;2344;2,9;2;1;1
258107896461;258107897556;1095;2,9;2;1;1
258107897556;258107902304;4748;2,9;2;1;1
258107902304;258107902568;264;2,9;2;1;1
258107902568;258107903268;700;2,9;2;1;1
258107903268;258107903619;351;2,9;2;1;1
258107903619;258107903929;310;2,9;2;1;1
258107903929;258107904264;335;2,9;2;1;1
258107904264;258107904459;195;2,9;2;1;1
258107904459;258107904628;169;2,9;2;1;1
258107904628;258107904691;63;2,9;2;1;1
258107904691;258107904907;216;2,9;2;1;1
258107904907;258107905378;471;2,9;2;1;1
258107905378;258107905468;90;2,9;2;1;1
258107905468;258107906332;864;2,9;2;1;1
258107906332;258107906800;468;2,9;2;1;1
258107906800;258107907217;417;2,9;2;1;1
258107907217;258107907454;237;2,9;2;1;1
258107960252;258107963874;3622;2,9;2;1;1
258107963874;258107964698;824;2,9;2;1;1
258107964698;258107967694;2996;2,9;2;1;1
258107967694;258107967746;52;2,9;2;1;1
258107967746;258107967816;70;2,9;2;1;1
258107967816;258107967917;101;2,9;2;1;1
258107967917;258107968056;139;2,9;2;1;1
258107968056;258107968140;84;2,9;2;1;1
258107968140;258107968210;70;2,9;2;1;1
258107968210;258107975692;7482;2,9;2;1;1
258107975692;258107976809;1117;2,9;2;1;1
258107976809;258107987468;10659;2,9;2;1;1
258107987468;258107989464;1996;2,9;2;1;1
258108015283;258108015408;125;2,9;2;1;1
258108015408;258108015431;23;2,9;2;1;1
258108015431;258108015487;56;2,9;2;1;1
258108015487;258108015936;449;2,9;2;1;1
258108081122;258108083272;2150;2,9;2;1;1
258108083272;258108086118;2846;2,9;2;1;1
258108086118;258108090913;4795;2,9;2;1;1
258108090913;258108100022;9109;2,9;2;1;1
258108100022;258108100650;628;2,9;2;1;1
258108100650;258108101587;937;2,9;2;1;1
258108101587;258108102282;695;2,9;2;1;1
258108102282;258108108023;5741;2,9;2;1;1
258108108023;258108111684;3661;2,9;2;1;1
258108111684;258108111733;49;2,9;2;1;1
258108111733;258108112184;451;2,9;2;1;1
258108112184;258108112226;42;2,9;2;1;1
258108112226;258108112466;240;2,9;2;1;1
258108112466;258108113762;1296;2,9;2;1;1
258108113762;258108115969;2207;2,9;2;1;1
258108115969;258108123060;7091;2,9;2;1;1
258108123060;258108132978;9918;2,9;2;1;1
258108132978;258108133228;250;2,9;2;1;1
258108133228;258108134197;969;2,9;2;1;1
258108134197;258108136077;1880;2,9;2;1;1
258108136077;258108136575;498;2,9;2;1;1
258108136575;258108137546;971;2,9;2;1;1
258108137546;258108137754;208;2,9;2;1;1
258108137754;258108138248;494;2,9;2;1;1
258108138248;258108138965;717;2,9;2;1;1
258108191103;258108212972;21869;2,9;2;1;1
258108212972;258108219614;6642;2,9;2;1;1
258108245866;258108247502;1636;2,9;2;1;1
258108247502;258108248060;558;2,9;2;1;1
258108248060;258108250834;2774;2,9;2;1;1
258108253947;258108254241;294;2,9;2;1;1
258108254241;258108255457;1216;2,9;2;1;1
258108255457;258108255638;181;2,9;2;1;1
258108255638;258108257158;1520;2,9;2;1;1
258108259763;258108260701;938;2,9;2;1;1
258108260701;258108261058;357;2,9;2;1;1
258108261058;258108262801;1743;2,9;2;1;1
258108262801;258108262887;86;2,9;2;1;1
258108262887;258108263059;172;2,9;2;1;1
258108263059;258108263094;35;2,9;2;1;1
258108263094;258108265416;2322;2,9;2;1;1
258108265416;258108265438;22;2,9;2;1;1
258108265438;258108265451;13;2,9;2;1;1
258108265451;258108265489;38;2,9;2;1;1
258108265489;258108265964;475;2,9;2;1;1
258108265964;258108267734;1770;2,9;2;1;1
258108270659;258108271277;618;2,9;2;1;1
258108312360;258108314858;2498;2,9;2;1;1
258108314858;258108317143;2285;2,9;2;1;1
258108317143;258108318442;1299;2,9;2;1;1
258108318442;258108321655;3213;2,9;2;1;1
258108321655;258108324942;3287;2,9;2;1;1
258108324942;258108324974;32;2,9;2;1;1
258108324974;258108336536;11562;2,9;2;1;1
258108336536;258108336782;246;2,9;2;1;1
258108336782;258108343858;7076;2,9;2;1;1
258108343858;258108346645;2787;2,9;2;1;1
258108346645;258108348027;1382;2,9;2;1;1
258108348027;258108350605;2578;2,9;2;1;1
258108350605;258108351428;823;2,9;2;1;1
258108351428;258108352018;590;2,9;2;1;1
258108352018;258108352552;534;2,9;2;1;1
258108352552;258108353018;466;2,9;2;1;1
258108353018;258108353295;277;2,9;2;1;1
258108353295;258108354562;1267;2,9;2;1;1
258108354562;258108355411;849;2,9;2;1;1
258108355411;258108355486;75;2,9;2;1;1
258108355486;258108356380;894;2,9;2;1;1
258108356380;258108356494;114;2,9;2;1;1
258108424219;258108452849;28630;2,9;2;1;1
258108512065;258108513964;1899;2,9;2;1;1
258108513964;258108516558;2594;2,9;2;1;1
258108516558;258108523615;7057;2,9;2;1;1
258108523615;258108525040;1425;2,9;2;1;1
258108525040;258108527226;2186;2,9;2;1;1
258108527226;258108527299;73;2,9;2;1;1
258108527299;258108527433;134;2,9;2;1;1
258108527433;258108527538;105;2,9;2;1;1
258108527538;258108527629;91;2,9;2;1;1
258108527629;258108532893;5264;2,9;2;1;1
258108532893;258108536023;3130;2,9;2;1;1
258108536023;258108537967;1944;2,9;2;1;1
258108537967;258108540738;2771;2,9;2;1;1
258108540738;258108541723;985;2,9;2;1;1
258108541723;258108550016;8293;2,9;2;1;1
258108550016;258108560953;10937;2,9;2;1;1
258108560953;258108561891;938;2,9;2;1;1
258108561891;258108565115;3224;2,9;2;1;1
258108565115;258108565636;521;2,9;2;1;1
258108565636;258108566114;478;2,9;2;1;1
258108566114;258108566156;42;2,9;2;1;1
258108566156;258108567131;975;2,9;2;1;1
258108567131;258108568072;941;2,9;2;1;1
258108568072;258108569411;1339;2,9;2;1;1
258108569411;258108570423;1012;2,9;2;1;1
258108570423;258108571158;735;2,9;2;1;1
258108620026;258108630057;10031;2,9;2;1;1
258108630057;258108638675;8618;2,9;2;1;1
258108638675;258108638679;4;2,9;2;1;1
258108638679;258108641419;2740;2,9;2;1;1
258108641419;258108646403;4984;2,9;2;1;1
258108672427;258108673093;666;2,9;2;1;1
258108731484;258108733080;1596;2,9;2;1;1
258108733080;258108734222;1142;2,9;2;1;1
258108734222;258108745944;11722;2,9;2;1;1
258108745944;258108748171;2227;2,9;2;1;1
258108748171;258108750047;1876;2,9;2;1;1
258108750047;258108756398;6351;2,9;2;1;1
258108756398;258108760732;4334;2,9;2;1;1
258108760732;258108765492;4760;2,9;2;1;1
258108765492;258108765884;392;2,9;2;1;1
258108765884;258108767210;1326;2,9;2;1;1
258108767210;258108768260;1050;2,9;2;1;1
258108768260;258108771094;2834;2,9;2;1;1
258108771094;258108771984;890;2,9;2;1;1
258108777365;258108777995;630;2,9;2;1;1
258108777995;258108778038;43;2,9;2;1;1
258108778038;258108779713;1675;2,9;2;1;1
258108779713;258108781691;1978;2,9;2;1;1
258108781691;258108783367;1676;2,9;2;1;1
258108783367;258108783789;422;2,9;2;1;1
258108783789;258108784020;231;2,9;2;1;1
258108843280;258108869957;26677;2,9;2;1;1
258108897767;258108898591;824;2,9;2;1;1
258108975331;258108977274;1943;2,9;2;1;1
258108977274;258108983752;6478;2,9;2;1;1
258108983752;258108992332;8580;2,9;2;1;1
258108992332;258108997582;5250;2,9;2;1;1
258108997582;258109001695;4113;2,9;2;1;1
258109001695;258109001918;223;2,9;2;1;1
258109001918;258109004155;2237;2,9;2;1;1
258109004155;258109004235;80;2,9;2;1;1
258109004235;258109005086;851;2,9;2;1;1
258109005086;258109006989;1903;2,9;2;1;1
258109006989;258109007960;971;2,9;2;1;1
258109007960;258109008241;281;2,9;2;1;1
258109009359;258109009385;26;2,9;2;1;1
258109009385;258109009416;31;2,9;2;1;1
258109009416;258109010145;729;2,9;2;1;1
258109010145;258109010358;213;2,9;2;1;1
258109010358;258109013607;3249;2,9;2;1;1
258109014214;258109014931;717;2,9;2;1;1
258109080806;258109092395;11589;2,9;2;1;1
258109092395;258109107321;14926;2,9;2;1;1
258109133700;258109136943;3243;2,9;2;1;1
258109136943;258109137299;356;2,9;2;1;1
258109137299;258109137908;609;2,9;2;1;1
258109137908;258109138713;805;2,9;2;1;1
258109144370;258109144391;21;2,9;2;1;1
258109144391;258109145639;1248;2,9;2;1;1
258109145639;258109146826;1187;2,9;2;1;1
258109146826;258109149744;2918;2,9;2;1;1
258109149744;258109151904;2160;2,9;2;1;1
258109151904;258109152526;622;2,9;2;1;1
258109152526;258109155833;3307;2,9;2;1;1
258109157572;258109158625;1053;2,9;2;1;1
258109161300;258109162583;1283;2,9;2;1;1
258109200228;258109204111;3883;2,9;2;1;1
258109204111;258109204837;726;2,9;2;1;1
258109204837;258109204885;48;2,9;2;1;1
258109204885;258109205205;320;2,9;2;1;1
258109205205;258109206973;1768;2,9;2;1;1
258109206973;258109215403;8430;2,9;2;1;1
258109215403;258109215765;362;2,9;2;1;1
258109215765;258109222197;6432;2,9;2;1;1
258109222197;258109225197;3000;2,9;2;1;1
258109225197;258109227730;2533;2,9;2;1;1
258109227730;258109231098;3368;2,9;2;1;1
258109231098;258109232096;998;2,9;2;1;1
258109232096;258109234691;2595;2,9;2;1;1
258109234691;258109249761;15070;2,9;2;1;1
258109249761;258109251321;1560;2,9;2;1;1
258109251321;258109252629;1308;2,9;2;1;1
258109252629;258109253070;441;2,9;2;1;1
258109253070;258109254117;1047;2,9;2;1;1
258109254117;258109254654;537;2,9;2;1;1
258109254654;258109261708;7054;2,9;2;1;1
258109261708;258109261755;47;2,9;2;1;1
258109261755;258109262581;826;2,9;2;1;1
258109262581;258109263340;759;2,9;2;1;1
258109311540;258109318138;6598;2,9;2;1;1
258109318138;258109320056;1918;2,9;2;1;1
258109320056;258109321322;1266;2,9;2;1;1
258109321322;258109333615;12293;2,9;2;1;1
258109333615;258109333991;376;2,9;2;1;1
258109333991;258109334416;425;2,9;2;1;1
258109334416;258109335572;1156;2,9;2;1;1
258109335572;258109336718;1146;2,9;2;1;1
258109336718;258109339246;2528;2,9;2;1;1
258109339246;258109341522;2276;2,9;2;1;1
258109341522;258109345558;4036;2,9;2;1;1
258109345558;258109345579;21;2,9;2;1;1
258109345579;258109345594;15;2,9;2;1;1
258109345594;258109345634;40;2,9;2;1;1
258109345634;258109345685;51;2,9;2;1;1
258109345685;258109345736;51;2,9;2;1;1
258109345736;258109345762;26;2,9;2;1;1
258109345762;258109345994;232;2,9;2;1;1
258109345994;258109348247;2253;2,9;2;1;1
258109348247;258109353580;5333;2,9;2;1;1
258109353580;258109357404;3824;2,9;2;1;1
258109357404;258109362799;5395;2,9;2;1;1
258109362799;258109363848;1049;2,9;2;1;1
258109363848;258109363859;11;2,9;2;1;1
258109363859;258109369665;5806;2,9;2;1;1
258109369665;258109370259;594;2,9;2;1;1
258109370259;258109370352;93;2,9;2;1;1
258109370352;258109370389;37;2,9;2;1;1
258109370389;258109371308;919;2,9;2;1;1
258109427864;258109429297;1433;2,9;2;1;1
258109429297;258109430000;703;2,9;2;1;1
258109430000;258109430358;358;2,9;2;1;1
258109430358;258109430633;275;2,9;2;1;1
258109430633;258109430670;37;2,9;2;1;1
258109430670;258109430705;35;2,9;2;1;1
258109430705;258109432726;2021;2,9;2;1;1
258109432726;258109442995;10269;2,9;2;1;1
258109442995;258109444946;1951;2,9;2;1;1
258109444946;258109449320;4374;2,9;2;1;1
258109449320;258109449632;312;2,9;2;1;1
258109449632;258109455828;6196;2,9;2;1;1
258109455828;258109457020;1192;2,9;2;1;1
258109457020;258109462693;5673;2,9;2;1;1
258109462693;258109467092;4399;2,9;2;1;1
258109467092;258109472171;5079;2,9;2;1;1
258109472171;258109473322;1151;2,9;2;1;1
258109473322;258109473920;598;2,9;2;1;1
258109473920;258109474421;501;2,9;2;1;1
258109474421;258109475593;1172;2,9;2;1;1
258109475593;258109477824;2231;2,9;2;1;1
258109477824;258109478131;307;2,9;2;1;1
258109478131;258109478549;418;2,9;2;1;1
258109478549;258109478944;395;2,9;2;1;1
258109478944;258109480327;1383;2,9;2;1;1
258109480327;258109480790;463;2,9;2;1;1
258109480790;258109481034;244;2,9;2;1;1
258109481034;258109481768;734;2,9;2;1;1
258109536669;258109545929;9260;2,9;2;1;1
258109545929;258109546207;278;2,9;2;1;1
258109546207;258109546315;108;2,9;2;1;1
258109546315;258109546477;162;2,9;2;1;1
258109546477;258109546644;167;2,9;2;1;1
258109546644;258109546711;67;2,9;2;1;1
258109546711;258109546863;152;2,9;2;1;1
258109546863;258109547052;189;2,9;2;1;1
258109547052;258109549218;2166;2,9;2;1;1
258109549218;258109551183;1965;2,9;2;1;1
258109551183;258109551225;42;2,9;2;1;1
258109551225;258109551427;202;2,9;2;1;1
258109551427;258109551523;96;2,9;2;1;1
258109551523;258109551552;29;2,9;2;1;1
258109551552;258109551734;182;2,9;2;1;1
258109551734;258109551767;33;2,9;2;1;1
258109551767;258109551886;119;2,9;2;1;1
258109551886;258109559218;7332;2,9;2;1;1
258109559218;258109559534;316;2,9;2;1;1
258109559534;258109563155;3621;2,9;2;1;1
258109581623;258109582247;624;2,9;2;1;1
258109682652;258109685548;2896;2,9;2;1;1
258109685548;258109689814;4266;2,9;2;1;1
258109689814;258109692640;2826;2,9;2;1;1
258109692640;258109694641;2001;2,9;2;1;1
258109694641;258109702013;7372;2,9;2;1;1
258109702013;258109705550;3537;2,9;2;1;1
258109705550;258109708460;2910;2,9;2;1;1
258109708460;258109711377;2917;2,9;2;1;1
258109711377;258109712177;800;2,9;2;1;1
258109712177;258109713419;1242;2,9;2;1;1
258109713419;258109714413;994;2,9;2;1;1
258109714413;258109715485;1072;2,9;2;1;1
258109715485;258109717855;2370;2,9;2;1;1
258109717855;258109719072;1217;2,9;2;1;1
258109719072;258109719908;836;2,9;2;1;1
258109719908;258109723100;3192;2,9;2;1;1
258109723100;258109724567;1467;2,9;2;1;1
258109724567;258109726013;1446;2,9;2;1;1
258109726902;258109727052;150;2,9;2;1;1
258109727052;258109727115;63;2,9;2;1;1
258109727115;258109727507;392;2,9;2;1;1
258109789815;258109795495;5680;2,9;2;1;1
258109795495;258109805076;9581;2,9;2;1;1
258109805076;258109815179;10103;2,9;2;1;1
258109815179;258109815206;27;2,9;2;1;1
258109815206;258109815285;79;2,9;2;1;1
258109815285;258109815832;547;2,9;2;1;1
258109815832;258109815867;35;2,9;2;1;1
258109815867;258109816265;398;2,9;2;1;1
258109871519;258109874243;2724;2,9;2;1;1
258109874243;258109876559;2316;2,9;2;1;1
258109876559;258109888524;11965;2,9;2;1;1
258109888524;258109888575;51;2,9;2;1;1
258109888575;258109889167;592;2,9;2;1;1
258109889167;258109889184;17;2,9;2;1;1
258109889184;258109889240;56;2,9;2;1;1
258109889240;258109889294;54;2,9;2;1;1
258109889294;258109889307;13;2,9;2;1;1
258109889307;258109889337;30;2,9;2;1;1
258109889337;258109889351;14;2,9;2;1;1
258109889351;258109889779;428;2,9;2;1;1
258109889779;258109889810;31;2,9;2;1;1
258109889810;258109890345;535;2,9;2;1;1
258109890345;258109890450;105;2,9;2;1;1
258109890450;258109890579;129;2,9;2;1;1
258109890579;258109890590;11;2,9;2;1;1
258109890590;258109890649;59;2,9;2;1;1
258109890649;258109896218;5569;2,9;2;1;1
258109896218;258109898253;2035;2,9;2;1;1
258109898253;258109901145;2892;2,9;2;1;1
258109901145;258109902545;1400;2,9;2;1;1
258109902545;258109902682;137;2,9;2;1;1
258109902682;258109903242;560;2,9;2;1;1
258109903242;258109904449;1207;2,9;2;1;1
258109904449;258109906068;1619;2,9;2;1;1
258109906068;258109906279;211;2,9;2;1;1
258109906279;258109907336;1057;2,9;2;1;1
258109907336;258109908028;692;2,9;2;1;1
258109908028;258109911545;3517;2,9;2;1;1
258109975035;258109985313;10278;2,9;2;1;1
258109985313;258109985490;177;2,9;2;1;1
258109985490;258109985942;452;2,9;2;1;1
258109985942;258109986839;897;2,9;2;1;1
258109986839;258109986911;72;2,9;2;1;1
258109986911;258109987360;449;2,9;2;1;1
258109987360;258109987570;210;2,9;2;1;1
258109987570;258109987662;92;2,9;2;1;1
258109987662;258109987717;55;2,9;2;1;1
258109987717;258109991488;3771;2,9;2;1;1
258109991488;258109991558;70;2,9;2;1;1
258109991558;258109991673;115;2,9;2;1;1
258109991673;258109991693;20;2,9;2;1;1
258109991693;258110006233;14540;2,9;2;1;1
258110040896;258110042351;1455;2,9;2;1;1
258110042351;258110043558;1207;2,9;2;1;1
258110043558;258110043681;123;2,9;2;1;1
258110043681;258110044064;383;2,9;2;1;1
258110044064;258110045260;1196;2,9;2;1;1
258110045260;258110045520;260;2,9;2;1;1
258110045520;258110045565;45;2,9;2;1;1
258110045565;258110045823;258;2,9;2;1;1
258110045823;258110046101;278;2,9;2;1;1
258110046101;258110046271;170;2,9;2;1;1
258110046271;258110049995;3724;2,9;2;1;1
258110049995;258110053758;3763;2,9;2;1;1
258110053758;258110053781;23;2,9;2;1;1
258110053781;258110053858;77;2,9;2;1;1
258110053858;258110053905;47;2,9;2;1;1
258110053905;258110054211;306;2,9;2;1;1
258110054211;258110054446;235;2,9;2;1;1
258110054446;258110054766;320;2,9;2;1;1
258110054766;258110054833;67;2,9;2;1;1
258110054833;258110055391;558;2,9;2;1;1
258110055391;258110057814;2423;2,9;2;1;1
258110057814;258110057851;37;2,9;2;1;1
258110057851;258110057934;83;2,9;2;1;1
258110057934;258110057943;9;2,9;2;1;1
258110057943;258110058411;468;2,9;2;1;1
258110058411;258110058815;404;2,9;2;1;1
258110058815;258110060591;1776;2,9;2;1;1
258110060591;258110070832;10241;2,9;2;1;1
258110070832;258110072498;1666;2,9;2;1;1
258110072498;258110072924;426;2,9;2;1;1
258110072924;258110073160;236;2,9;2;1;1
258110073160;258110073466;306;2,9;2;1;1
258110073466;258110073515;49;2,9;2;1;1
258110073515;258110073735;220;2,9;2;1;1
258110073735;258110075015;1280;2,9;2;1;1
258110075015;258110075252;237;2,9;2;1;1
258110075252;258110075853;601;2,9;2;1;1
258110075853;258110077019;1166;2,9;2;1;1
258110077019;258110077065;46;2,9;2;1;1
258110077065;258110077084;19;2,9;2;1;1
258110077084;258110077161;77;2,9;2;1;1
258110077161;258110078676;1515;2,9;2;1;1
258110078676;258110079390;714;2,9;2;1;1
258110079390;258110079731;341;2,9;2;1;1
258110079731;258110079784;53;2,9;2;1;1
258110079784;258110080504;720;2,9;2;1;1
258110080504;258110081332;828;2,9;2;1;1
258110081332;258110082113;781;2,9;2;1;1
258110082113;258110083169;1056;2,9;2;1;1
258110083169;258110083297;128;2,9;2;1;1
258110083297;258110083521;224;2,9;2;1;1
258110083521;258110084100;579;2,9;2;1;1
258110084100;258110090220;6120;2,9;2;1;1
258110090220;258110090389;169;2,9;2;1;1
258110090389;258110090546;157;2,9;2;1;1
258110090546;258110090873;327;2,9;2;1;1
258110090873;258110091300;427;2,9;2;1;1
258110091300;258110091491;191;2,9;2;1;1
258110091491;258110094325;2834;2,9;2;1;1
258110094325;258110094657;332;2,9;2;1;1
258110094657;258110094713;56;2,9;2;1;1
258110094713;258110095252;539;2,9;2;1;1
258110095252;258110095341;89;2,9;2;1;1
258110095341;258110095416;75;2,9;2;1;1
258110095416;258110095720;304;2,9;2;1;1
258110095720;258110095919;199;2,9;2;1;1
258110095919;258110097480;1561;2,9;2;1;1
258110097480;258110098487;1007;2,9;2;1;1
258110098487;258110099387;900;2,9;2;1;1
258110099387;258110099792;405;2,9;2;1;1
258110099792;258110099867;75;2,9;2;1;1
258110099867;258110099879;12;2,9;2;1;1
258110099879;258110099989;110;2,9;2;1;1
258110099989;258110101554;1565;2,9;2;1;1
258110101554;258110102822;1268;2,9;2;1;1
258110102822;258110103221;399;2,9;2;1;1
258110171974;258110174671;2697;2,9;2;1;1
258110174671;258110177925;3254;2,9;2;1;1
258110177925;258110179187;1262;2,9;2;1;1
258110179187;258110179805;618;2,9;2;1;1
258110179805;258110179957;152;2,9;2;1;1
258110179957;258110179981;24;2,9;2;1;1
258110179981;258110180046;65;2,9;2;1;1
258110180046;258110180109;63;2,9;2;1;1
258110180109;258110180128;19;2,9;2;1;1
258110180128;258110180476;348;2,9;2;1;1
258110180476;258110180513;37;2,9;2;1;1
258110180513;258110188539;8026;2,9;2;1;1
258110188539;258110190962;2423;2,9;2;1;1
258110190962;258110194313;3351;2,9;2;1;1
258110194313;258110194978;665;2,9;2;1;1
258110194978;258110199048;4070;2,9;2;1;1
258110199048;258110203479;4431;2,9;2;1;1
258110203479;258110204114;635;2,9;2;1;1
258110204114;258110204497;383;2,9;2;1;1
258110204497;258110208678;4181;2,9;2;1;1
258110208678;258110220055;11377;2,9;2;1;1
258110220055;258110222853;2798;2,9;2;1;1
258110222853;258110223082;229;2,9;2;1;1
258110223082;258110224026;944;2,9;2;1;1
258110224026;258110226038;2012;2,9;2;1;1
258110226038;258110226383;345;2,9;2;1;1
258110226383;258110226935;552;2,9;2;1;1
258110226935;258110227030;95;2,9;2;1;1
258110227030;258110227683;653;2,9;2;1;1
258110227683;258110227834;151;2,9;2;1;1
258110227834;258110228430;596;2,9;2;1;1
258110228430;258110229059;629;2,9;2;1;1
258110284252;258110290369;6117;2,9;2;1;1
258110290369;258110291189;820;2,9;2;1;1
258110291189;258110292929;1740;2,9;2;1;1
258110292929;258110296773;3844;2,9;2;1;1
258110296773;258110307182;10409;2,9;2;1;1
258110307182;258110312451;5269;2,9;2;1;1
258110312451;258110320801;8350;2,9;2;1;1
258110320801;258110320828;27;2,9;2;1;1
258110320828;258110321005;177;2,9;2;1;1
258110321005;258110321676;671;2,9;2;1;1
258110321676;258110322558;882;2,9;2;1;1
258110322558;258110323144;586;2,9;2;1;1
258110323144;258110325653;2509;2,9;2;1;1
258110379110;258110407467;28357;2,9;2;1;1
258110437727;258110438432;705;2,9;2;1;1
258110462368;258110462513;145;2,9;2;1;1
258110462513;258110462541;28;2,9;2;1;1
258110462541;258110462658;117;2,9;2;1;1
258110462658;258110462693;35;2,9;2;1;1
258110462693;258110462709;16;2,9;2;1;1
258110462709;258110462768;59;2,9;2;1;1
258110462768;258110462897;129;2,9;2;1;1
258110462897;258110462901;4;2,9;2;1;1
258110462901;258110463067;166;2,9;2;1;1
258110463067;258110463314;247;2,9;2;1;1
258110463314;258110463438;124;2,9;2;1;1
258110463438;258110463469;31;2,9;2;1;1
258110463469;258110467367;3898;2,9;2;1;1
258110469248;258110471014;1766;2,9;2;1;1
258110471353;258110473626;2273;2,9;2;1;1
258110479482;258110480703;1221;2,9;2;1;1
258110480988;258110481063;75;2,9;2;1;1
258110481063;258110481292;229;2,9;2;1;1
258110481292;258110482228;936;2,9;2;1;1
258110482228;258110482285;57;2,9;2;1;1
258110482285;258110482950;665;2,9;2;1;1
258110487486;258110491633;4147;2,9;2;1;1
258110491633;258110492228;595;2,9;2;1;1
258110492228;258110494969;2741;2,9;2;1;1
258110494969;258110495852;883;2,9;2;1;1
258110495852;258110496189;337;2,9;2;1;1
258110496723;258110498221;1498;2,9;2;1;1
258110499680;258110500341;661;2,9;2;1;1
258110500442;258110501345;903;2,9;2;1;1
258110540237;258110542750;2513;2,9;2;1;1
258110542750;258110546555;3805;2,9;2;1;1
258110546555;258110550608;4053;2,9;2;1;1
258110550608;258110551886;1278;2,9;2;1;1
258110551886;258110551955;69;2,9;2;1;1
258110551955;258110552384;429;2,9;2;1;1
258110552384;258110552430;46;2,9;2;1;1
258110552430;258110552730;300;2,9;2;1;1
258110552730;258110552828;98;2,9;2;1;1
258110552828;258110552932;104;2,9;2;1;1
258110552932;258110553004;72;2,9;2;1;1
258110553004;258110553159;155;2,9;2;1;1
258110553159;258110553321;162;2,9;2;1;1
258110553321;258110553338;17;2,9;2;1;1
258110553338;258110553396;58;2,9;2;1;1
258110553396;258110553447;51;2,9;2;1;1
258110553447;258110553661;214;2,9;2;1;1
258110553661;258110553799;138;2,9;2;1;1
258110553799;258110553884;85;2,9;2;1;1
258110553884;258110553914;30;2,9;2;1;1
258110553914;258110554094;180;2,9;2;1;1
258110554094;258110554127;33;2,9;2;1;1
258110554127;258110556026;1899;2,9;2;1;1
258110556026;258110556100;74;2,9;2;1;1
258110556100;258110556197;97;2,9;2;1;1
258110556197;258110556238;41;2,9;2;1;1
258110556238;258110556257;19;2,9;2;1;1
258110556257;258110556383;126;2,9;2;1;1
258110556383;258110556444;61;2,9;2;1;1
258110556444;258110556465;21;2,9;2;1;1
258110556465;258110556596;131;2,9;2;1;1
258110556596;258110556700;104;2,9;2;1;1
258110556700;258110556741;41;2,9;2;1;1
258110556741;258110556815;74;2,9;2;1;1
258110556815;258110556843;28;2,9;2;1;1
258110556843;258110556864;21;2,9;2;1;1
258110556864;258110556901;37;2,9;2;1;1
258110556901;258110556953;52;2,9;2;1;1
258110556953;258110557085;132;2,9;2;1;1
258110557085;258110557119;34;2,9;2;1;1
258110557119;258110557144;25;2,9;2;1;1
258110557144;258110557264;120;2,9;2;1;1
258110557264;258110557411;147;2,9;2;1;1
258110557411;258110557488;77;2,9;2;1;1
258110557488;258110557695;207;2,9;2;1;1
258110557695;258110557704;9;2,9;2;1;1
258110557704;258110557875;171;2,9;2;1;1
258110557875;258110558073;198;2,9;2;1;1
258110558073;258110558311;238;2,9;2;1;1
258110558311;258110558473;162;2,9;2;1;1
258110558473;258110559077;604;2,9;2;1;1
258110559077;258110559470;393;2,9;2;1;1
258110559470;258110559585;115;2,9;2;1;1
258110559585;258110559618;33;2,9;2;1;1
258110559618;258110559675;57;2,9;2;1;1
258110559675;258110559810;135;2,9;2;1;1
258110559810;258110559823;13;2,9;2;1;1
258110559823;258110559846;23;2,9;2;1;1
258110559846;258110559919;73;2,9;2;1;1
258110559919;258110560050;131;2,9;2;1;1
258110560050;258110560073;23;2,9;2;1;1
258110560073;258110560110;37;2,9;2;1;1
258110560110;258110560166;56;2,9;2;1;1
258110560166;258110560299;133;2,9;2;1;1
258110560299;258110560573;274;2,9;2;1;1
258110560573;258110560623;50;2,9;2;1;1
258110560623;258110560667;44;2,9;2;1;1
258110560667;258110560671;4;2,9;2;1;1
258110560671;258110560701;30;2,9;2;1;1
258110560701;258110560779;78;2,9;2;1;1
258110560779;258110560817;38;2,9;2;1;1
258110560817;258110560825;8;2,9;2;1;1
258110560825;258110560905;80;2,9;2;1;1
258110560905;258110560997;92;2,9;2;1;1
258110560997;258110561001;4;2,9;2;1;1
258110561001;258110561076;75;2,9;2;1;1
258110561076;258110561106;30;2,9;2;1;1
258110561106;258110561201;95;2,9;2;1;1
258110561201;258110561275;74;2,9;2;1;1
258110561275;258110561331;56;2,9;2;1;1
258110561331;258110561395;64;2,9;2;1;1
258110561395;258110561408;13;2,9;2;1;1
258110561408;258110561416;8;2,9;2;1;1
258110561416;258110561564;148;2,9;2;1;1
258110561564;258110561747;183;2,9;2;1;1
258110561747;258110561893;146;2,9;2;1;1
258110561893;258110561908;15;2,9;2;1;1
258110561908;258110561952;44;2,9;2;1;1
258110561952;258110562463;511;2,9;2;1;1
258110562463;258110562566;103;2,9;2;1;1
258110562566;258110562669;103;2,9;2;1;1
258110562669;258110562734;65;2,9;2;1;1
258110562734;258110562818;84;2,9;2;1;1
258110562818;258110562932;114;2,9;2;1;1
258110562932;258110562972;40;2,9;2;1;1
258110562972;258110563014;42;2,9;2;1;1
258110563014;258110563090;76;2,9;2;1;1
258110563090;258110565419;2329;2,9;2;1;1
258110565419;258110565603;184;2,9;2;1;1
258110565603;258110565783;180;2,9;2;1;1
258110565783;258110565855;72;2,9;2;1;1
258110565855;258110565995;140;2,9;2;1;1
258110565995;258110566107;112;2,9;2;1;1
258110566107;258110566279;172;2,9;2;1;1
258110566279;258110566368;89;2,9;2;1;1
258110566368;258110566433;65;2,9;2;1;1
258110566433;258110566465;32;2,9;2;1;1
258110566465;258110566474;9;2,9;2;1;1
258110566474;258110566591;117;2,9;2;1;1
258110566591;258110566660;69;2,9;2;1;1
258110566660;258110566710;50;2,9;2;1;1
258110566710;258110566759;49;2,9;2;1;1
258110566759;258110566808;49;2,9;2;1;1
258110566808;258110566813;5;2,9;2;1;1
258110566813;258110566840;27;2,9;2;1;1
258110566840;258110566940;100;2,9;2;1;1
258110566940;258110566946;6;2,9;2;1;1
258110566946;258110567005;59;2,9;2;1;1
258110567005;258110567084;79;2,9;2;1;1
258110567084;258110567331;247;2,9;2;1;1
258110567331;258110567333;2;2,9;2;1;1
258110567333;258110567341;8;2,9;2;1;1
258110567341;258110567442;101;2,9;2;1;1
258110567442;258110567464;22;2,9;2;1;1
258110567464;258110567506;42;2,9;2;1;1
258110567506;258110567645;139;2,9;2;1;1
258110567645;258110567728;83;2,9;2;1;1
258110567728;258110567968;240;2,9;2;1;1
258110567968;258110568006;38;2,9;2;1;1
258110568006;258110568087;81;2,9;2;1;1
258110568087;258110568123;36;2,9;2;1;1
258110568123;258110568188;65;2,9;2;1;1
258110568188;258110568242;54;2,9;2;1;1
258110568242;258110568296;54;2,9;2;1;1
258110568296;258110568329;33;2,9;2;1;1
258110568329;258110568709;380;2,9;2;1;1
258110568709;258110568961;252;2,9;2;1;1
258110568961;258110569345;384;2,9;2;1;1
258110569345;258110569525;180;2,9;2;1;1
258110569525;258110569620;95;2,9;2;1;1
258110569620;258110569651;31;2,9;2;1;1
258110569651;258110569829;178;2,9;2;1;1
258110569829;258110569997;168;2,9;2;1;1
258110569997;258110570092;95;2,9;2;1;1
258110570092;258110570166;74;2,9;2;1;1
258110570166;258110570350;184;2,9;2;1;1
258110570350;258110570353;3;2,9;2;1;1
258110570353;258110570664;311;2,9;2;1;1
258110570664;258110570799;135;2,9;2;1;1
258110570799;258110570978;179;2,9;2;1;1
258110570978;258110571071;93;2,9;2;1;1
258110571071;258110571119;48;2,9;2;1;1
258110571119;258110571158;39;2,9;2;1;1
258110571158;258110571168;10;2,9;2;1;1
258110571168;258110571209;41;2,9;2;1;1
258110571209;258110571420;211;2,9;2;1;1
258110571420;258110572055;635;2,9;2;1;1
258110572055;258110572639;584;2,9;2;1;1
258110572639;258110573766;1127;2,9;2;1;1
258110573766;258110573819;53;2,9;2;1;1
258110573819;258110575212;1393;2,9;2;1;1
258110575212;258110575437;225;2,9;2;1;1
258110575437;258110576120;683;2,9;2;1;1
258110576120;258110576607;487;2,9;2;1;1
258110576607;258110576805;198;2,9;2;1;1
258110576805;258110576998;193;2,9;2;1;1
258110576998;258110577363;365;2,9;2;1;1
258110577363;258110578731;1368;2,9;2;1;1
258110578731;258110578884;153;2,9;2;1;1
258110578884;258110579207;323;2,9;2;1;1
258110579207;258110579488;281;2,9;2;1;1
258110579488;258110580700;1212;2,9;2;1;1
258110580700;258110580942;242;2,9;2;1;1
258110580942;258110581245;303;2,9;2;1;1
258110581245;258110581963;718;2,9;2;1;1
258110581963;258110582345;382;2,9;2;1;1
258110582345;258110582539;194;2,9;2;1;1
258110582539;258110582603;64;2,9;2;1;1
258110582603;258110583258;655;2,9;2;1;1
258110583258;258110583739;481;2,9;2;1;1
258110583739;258110583798;59;2,9;2;1;1
258110583798;258110583862;64;2,9;2;1;1
258110583862;258110583894;32;2,9;2;1;1
258110583894;258110583965;71;2,9;2;1;1
258110583965;258110584014;49;2,9;2;1;1
258110584014;258110584159;145;2,9;2;1;1
258110584159;258110584344;185;2,9;2;1;1
258110584344;258110584561;217;2,9;2;1;1
258110584561;258110584598;37;2,9;2;1;1
258110584598;258110584641;43;2,9;2;1;1
258110584641;258110584665;24;2,9;2;1;1
258110584665;258110584716;51;2,9;2;1;1
258110584716;258110585402;686;2,9;2;1;1
258110585402;258110586197;795;2,9;2;1;1
258110586197;258110586918;721;2,9;2;1;1
258110586918;258110587521;603;2,9;2;1;1
258110587521;258110587662;141;2,9;2;1;1
258110587662;258110587729;67;2,9;2;1;1
258110587729;258110587768;39;2,9;2;1;1
258110587768;258110590141;2373;2,9;2;1;1
258110590141;258110590434;293;2,9;2;1;1
258110590434;258110590439;5;2,9;2;1;1
258110590439;258110590502;63;2,9;2;1;1
258110590502;258110590601;99;2,9;2;1;1
258110590601;258110591716;1115;2,9;2;1;1
258110591716;258110591755;39;2,9;2;1;1
258110591755;258110591916;161;2,9;2;1;1
258110591916;258110592118;202;2,9;2;1;1
258110592118;258110593329;1211;2,9;2;1;1
258110593329;258110593496;167;2,9;2;1;1
258110593496;258110593500;4;2,9;2;1;1
258110593500;258110593692;192;2,9;2;1;1
258110593692;258110593822;130;2,9;2;1;1
258110593822;258110594096;274;2,9;2;1;1
258110594096;258110594146;50;2,9;2;1;1
258110594146;258110594281;135;2,9;2;1;1
258110594281;258110594298;17;2,9;2;1;1
258110594298;258110594323;25;2,9;2;1;1
258110594323;258110594351;28;2,9;2;1;1
258110594351;258110594523;172;2,9;2;1;1
258110594523;258110594658;135;2,9;2;1;1
258110594658;258110594756;98;2,9;2;1;1
258110594756;258110594792;36;2,9;2;1;1
258110594792;258110594902;110;2,9;2;1;1
258110594902;258110594989;87;2,9;2;1;1
258110594989;258110595024;35;2,9;2;1;1
258110595024;258110595112;88;2,9;2;1;1
258110595112;258110595154;42;2,9;2;1;1
258110595154;258110595171;17;2,9;2;1;1
258110595171;258110595202;31;2,9;2;1;1
258110595202;258110595365;163;2,9;2;1;1
258110595365;258110595376;11;2,9;2;1;1
258110595376;258110595486;110;2,9;2;1;1
258110595486;258110595571;85;2,9;2;1;1
258110595571;258110595626;55;2,9;2;1;1
258110595626;258110595665;39;2,9;2;1;1
258110595665;258110595834;169;2,9;2;1;1
258110650231;258110654750;4519;2,9;2;1;1
258110654750;258110654810;60;2,9;2;1;1
258110654810;258110654958;148;2,9;2;1;1
258110654958;258110658932;3974;2,9;2;1;1
258110658932;258110659320;388;2,9;2;1;1
258110659320;258110659377;57;2,9;2;1;1
258110659377;258110659422;45;2,9;2;1;1
258110659422;258110659493;71;2,9;2;1;1
258110659493;258110659545;52;2,9;2;1;1
258110659545;258110659602;57;2,9;2;1;1
258110659602;258110659993;391;2,9;2;1;1
258110659993;258110665135;5142;2,9;2;1;1
258110665135;258110665483;348;2,9;2;1;1
258110665483;258110665581;98;2,9;2;1;1
258110665581;258110665728;147;2,9;2;1;1
258110665728;258110666807;1079;2,9;2;1;1
258110666807;258110668383;1576;2,9;2;1;1
258110668383;258110668612;229;2,9;2;1;1
258110668612;258110668721;109;2,9;2;1;1
258110668721;258110676962;8241;2,9;2;1;1
258110676962;258110677024;62;2,9;2;1;1
258110677024;258110677244;220;2,9;2;1;1
258110677244;258110677381;137;2,9;2;1;1
258110677381;258110677431;50;2,9;2;1;1
258110677431;258110677501;70;2,9;2;1;1
258110677501;258110679261;1760;2,9;2;1;1
258110684199;258110685276;1077;2,9;2;1;1
258110686434;258110687308;874;2,9;2;1;1
258110689544;258110691095;1551;2,9;2;1;1
258110691814;258110694340;2526;2,9;2;1;1
258110694340;258110694648;308;2,9;2;1;1
258110695653;258110697327;1674;2,9;2;1;1
258110698129;258110698344;215;2,9;2;1;1
258110698344;258110699393;1049;2,9;2;1;1
258110699393;258110699727;334;2,9;2;1;1
258110709606;258110711565;1959;2,9;2;1;1
258110711565;258110712096;531;2,9;2;1;1
258110712096;258110712889;793;2,9;2;1;1
258110712889;258110712950;61;2,9;2;1;1
258110712950;258110713056;106;2,9;2;1;1
258110713056;258110715000;1944;2,9;2;1;1
258110715618;258110716247;629;2,9;2;1;1
258110754675;258110765669;10994;2,9;2;1;1
258111196289;258111196305;16;2,9;2;1;1
258111196305;258111196323;18;2,9;2;1;1
258111196323;258111196358;35;2,9;2;1;1
258111196358;258111196398;40;2,9;2;1;1
258111196398;258111196654;256;2,9;2;1;1
258111196654;258111196685;31;2,9;2;1;1
258111196685;258111196802;117;2,9;2;1;1
258111196802;258111196858;56;2,9;2;1;1
258111196858;258111196894;36;2,9;2;1;1
258111277500;258111281826;4326;2,9;2;1;1
258111281826;258111283280;1454;2,9;2;1;1
258111283280;258111283328;48;2,9;2;1;1
258111283328;258111283902;574;2,9;2;1;1
258111283902;258111284980;1078;2,9;2;1;1
258111284980;258111287843;2863;2,9;2;1;1
258111287843;258111287932;89;2,9;2;1;1
258111287932;258111289583;1651;2,9;2;1;1
258111289583;258111289648;65;2,9;2;1;1
258111289648;258111289701;53;2,9;2;1;1
258111289701;258111290005;304;2,9;2;1;1
258111290005;258111290210;205;2,9;2;1;1
258111290210;258111290368;158;2,9;2;1;1
258111290368;258111290616;248;2,9;2;1;1
258111290616;258111290899;283;2,9;2;1;1
258111290899;258111291035;136;2,9;2;1;1
258111291035;258111291199;164;2,9;2;1;1
258111291199;258111291252;53;2,9;2;1;1
258111291252;258111291576;324;2,9;2;1;1
258111291576;258111293190;1614;2,9;2;1;1
258111293190;258111293210;20;2,9;2;1;1
258111293210;258111293442;232;2,9;2;1;1
258111293442;258111293594;152;2,9;2;1;1
258111293594;258111297420;3826;2,9;2;1;1
258111297420;258111298820;1400;2,9;2;1;1
258111298820;258111301922;3102;2,9;2;1;1
258111301922;258111305051;3129;2,9;2;1;1
258111305051;258111306906;1855;2,9;2;1;1
258111306906;258111311577;4671;2,9;2;1;1
258111311577;258111312120;543;2,9;2;1;1
258111312120;258111314788;2668;2,9;2;1;1
258111314788;258111331268;16480;2,9;2;1;1
258111331268;258111331404;136;2,9;2;1;1
258111331404;258111331497;93;2,9;2;1;1
258111331497;258111332465;968;2,9;2;1;1
258111332465;258111332805;340;2,9;2;1;1
258111332805;258111335569;2764;2,9;2;1;1
258111335569;258111336052;483;2,9;2;1;1
258111336052;258111337163;1111;2,9;2;1;1
258111337163;258111338306;1143;2,9;2;1;1
258111386942;258111386951;9;2,9;2;1;1
258111386951;258111387002;51;2,9;2;1;1
258111387002;258111387053;51;2,9;2;1;1
258111387053;258111387264;211;2,9;2;1;1
258111387264;258111387662;398;2,9;2;1;1
258111387662;258111387780;118;2,9;2;1;1
258111387780;258111387820;40;2,9;2;1;1
258111387820;258111387964;144;2,9;2;1;1
258111387964;258111388111;147;2,9;2;1;1
258111390169;258111390173;4;2,9;2;1;1
258111390173;258111390205;32;2,9;2;1;1
258111390205;258111390450;245;2,9;2;1;1
258111390450;258111390513;63;2,9;2;1;1
258111390513;258111390563;50;2,9;2;1;1
258111390563;258111390575;12;2,9;2;1;1
258111390575;258111390580;5;2,9;2;1;1
258111390580;258111390599;19;2,9;2;1;1
258111390599;258111390627;28;2,9;2;1;1
258111390627;258111390651;24;2,9;2;1;1
258111390651;258111390822;171;2,9;2;1;1
258111390822;258111391064;242;2,9;2;1;1
258111391064;258111391274;210;2,9;2;1;1
258111391274;258111391382;108;2,9;2;1;1
258111391382;258111391491;109;2,9;2;1;1
258111391491;258111391662;171;2,9;2;1;1
258111391662;258111391723;61;2,9;2;1;1
258111391723;258111392504;781;2,9;2;1;1
258111392504;258111394675;2171;2,9;2;1;1
258111394675;258111394866;191;2,9;2;1;1
258111394866;258111395099;233;2,9;2;1;1
258111395099;258111400186;5087;2,9;2;1;1
258111400186;258111402115;1929;2,9;2;1;1
258111402115;258111402981;866;2,9;2;1;1
258111402981;258111414331;11350;2,9;2;1;1
258111414331;258111417100;2769;2,9;2;1;1
258111417100;258111417109;9;2,9;2;1;1
258111417109;258111422283;5174;2,9;2;1;1
258111422283;258111425743;3460;2,9;2;1;1
258111425743;258111425775;32;2,9;2;1;1
258111425775;258111425951;176;2,9;2;1;1
258111425951;258111425981;30;2,9;2;1;1
258111425981;258111426292;311;2,9;2;1;1
258111426292;258111429111;2819;2,9;2;1;1
258111429111;258111429896;785;2,9;2;1;1
258111429896;258111430150;254;2,9;2;1;1
258111430150;258111430787;637;2,9;2;1;1
258111430787;258111431867;1080;2,9;2;1;1
258111431867;258111433189;1322;2,9;2;1;1
258111433189;258111434331;1142;2,9;2;1;1
258111434331;258111434765;434;2,9;2;1;1
258111434765;258111441520;6755;2,9;2;1;1
258111474788;258111478768;3980;2,9;2;1;1
258111478768;258111478882;114;2,9;2;1;1
258111478882;258111479061;179;2,9;2;1;1
258111479061;258111485529;6468;2,9;2;1;1
258111485529;258111501776;16247;2,9;2;1;1
258111624490;258111624667;177;2,9;2;1;1
258111624706;258111624835;129;2,9;2;1;1
258111691496;258111693984;2488;2,9;2;1;1
258111693984;258111698322;4338;2,9;2;1;1
258111698322;258111702836;4514;2,9;2;1;1
258111702836;258111702874;38;2,9;2;1;1
258111702874;258111703119;245;2,9;2;1;1
258111703119;258111703341;222;2,9;2;1;1
258111703341;258111707160;3819;2,9;2;1;1
258111707160;258111710466;3306;2,9;2;1;1
258111710466;258111710645;179;2,9;2;1;1
258111710645;258111710763;118;2,9;2;1;1
258111710763;258111710952;189;2,9;2;1;1
258111710952;258111711010;58;2,9;2;1;1
258111711010;258111711125;115;2,9;2;1;1
258111711125;258111711134;9;2,9;2;1;1
258111711134;258111711342;208;2,9;2;1;1
258111711342;258111711450;108;2,9;2;1;1
258111711450;258111711614;164;2,9;2;1;1
258111711614;258111711756;142;2,9;2;1;1
258111711756;258111711960;204;2,9;2;1;1
258111711960;258111712045;85;2,9;2;1;1
258111712045;258111712206;161;2,9;2;1;1
258111712206;258111715462;3256;2,9;2;1;1
258111715462;258111717949;2487;2,9;2;1;1
258111717949;258111718056;107;2,9;2;1;1
258111718056;258111718070;14;2,9;2;1;1
258111718070;258111718190;120;2,9;2;1;1
258111718190;258111718530;340;2,9;2;1;1
258111718530;258111719229;699;2,9;2;1;1
258111719229;258111723157;3928;2,9;2;1;1
258111723157;258111725022;1865;2,9;2;1;1
258111725022;258111725697;675;2,9;2;1;1
258111725697;258111731263;5566;2,9;2;1;1
258111793460;258111795415;1955;2,9;2;1;1
258111795415;258111795494;79;2,9;2;1;1
258111795494;258111802380;6886;2,9;2;1;1
258111802380;258111802499;119;2,9;2;1;1
258111802499;258111802696;197;2,9;2;1;1
258111802696;258111802735;39;2,9;2;1;1
258111802735;258111802760;25;2,9;2;1;1
258111802760;258111802895;135;2,9;2;1;1
258111802895;258111803096;201;2,9;2;1;1
258111803096;258111803119;23;2,9;2;1;1
258111803119;258111803938;819;2,9;2;1;1
258111803938;258111815494;11556;2,9;2;1;1
258111815494;258111815557;63;2,9;2;1;1
258111815557;258111815627;70;2,9;2;1;1
258111815627;258111815763;136;2,9;2;1;1
258111815763;258111815793;30;2,9;2;1;1
258111888047;258111890895;2848;2,9;2;1;1
258111890895;258111891220;325;2,9;2;1;1
258111900042;258111900249;207;2,9;2;1;1
258111900286;258111900466;180;2,9;2;1;1
258112481182;258112482207;1025;2,9;2;1;1
258112485145;258112486060;915;2,9;2;1;1
258112486177;258112487382;1205;2,9;2;1;1
258112487683;258112489272;1589;2,9;2;1;1
258112492402;258112493780;1378;2,9;2;1;1
258112497269;258112498927;1658;2,9;2;1;1
258112573640;258112573855;215;2,9;2;1;1
258112573978;258112574145;167;2,9;2;1;1
258112582244;258112582269;25;2,9;2;1;1
258112582269;258112582465;196;2,9;2;1;1
258112582465;258112582589;124;2,9;2;1;1
258112582589;258112582620;31;2,9;2;1;1
258112582620;258112582652;32;2,9;2;1;1
258112582652;258112582705;53;2,9;2;1;1
258112582705;258112582877;172;2,9;2;1;1
258112582877;258112582917;40;2,9;2;1;1
258112582917;258112583076;159;2,9;2;1;1
258112585334;258112585781;447;2,9;2;1;1
258112585781;258112586182;401;2,9;2;1;1
258112586182;258112586186;4;2,9;2;1;1
258112586186;258112593955;7769;2,9;2;1;1
258112593955;258112594673;718;2,9;2;1;1
258112594673;258112611126;16453;2,9;2;1;1
258112611126;258112611397;271;2,9;2;1;1
258112611397;258112612357;960;2,9;2;1;1
258112612357;258112612618;261;2,9;2;1;1
258112612618;258112613318;700;2,9;2;1;1
258112613318;258112613818;500;2,9;2;1;1
258112613818;258112614593;775;2,9;2;1;1
258112614593;258112615924;1331;2,9;2;1;1
258112615924;258112616733;809;2,9;2;1;1
258112616733;258112617165;432;2,9;2;1;1
258112699201;258112699859;658;2,9;2;1;1
258112770316;258112772517;2201;2,9;2;1;1
258112772517;258112773510;993;2,9;2;1;1
258112773510;258112774850;1340;2,9;2;1;1
258112774850;258112775411;561;2,9;2;1;1
258112775411;258112776850;1439;2,9;2;1;1
258112777704;258112778148;444;2,9;2;1;1
258112778148;258112779376;1228;2,9;2;1;1
258112779376;258112780235;859;2,9;2;1;1
258112780765;258112781680;915;2,9;2;1;1
258112785439;258112788106;2667;2,9;2;1;1
258112788106;258112789106;1000;2,9;2;1;1
258112789106;258112789722;616;2,9;2;1;1
258112789722;258112790503;781;2,9;2;1;1
258112790503;258112790594;91;2,9;2;1;1
258112790594;258112791305;711;2,9;2;1;1
258112791305;258112791884;579;2,9;2;1;1
258112791884;258112799503;7619;2,9;2;1;1
258112803058;258112803575;517;2,9;2;1;1
258112803575;258112803908;333;2,9;2;1;1
258112803908;258112804818;910;2,9;2;1;1
258112804818;258112805595;777;2,9;2;1;1
258112805595;258112806024;429;2,9;2;1;1
258112806024;258112806547;523;2,9;2;1;1
258112806547;258112807064;517;2,9;2;1;1
258112807064;258112808126;1062;2,9;2;1;1
258112808126;258112808253;127;2,9;2;1;1
258112808253;258112808687;434;2,9;2;1;1
258112808687;258112809091;404;2,9;2;1;1
258112809091;258112810271;1180;2,9;2;1;1
258112858277;258112862776;4499;2,9;2;1;1
258112862776;258112862840;64;2,9;2;1;1
258112862840;258112862999;159;2,9;2;1;1
258112862999;258112863147;148;2,9;2;1;1
258112863147;258112863249;102;2,9;2;1;1
258112872246;258112872705;459;2,9;2;1;1
258112872899;258112872928;29;2,9;2;1;1
258112872928;258112872955;27;2,9;2;1;1
258112872955;258112872970;15;2,9;2;1;1
258112872970;258112873216;246;2,9;2;1;1
258112873216;258112873246;30;2,9;2;1;1
258112873246;258112873279;33;2,9;2;1;1
258112873279;258112873321;42;2,9;2;1;1
258112873445;258112873488;43;2,9;2;1;1
258112873488;258112873672;184;2,9;2;1;1
258112873672;258112873842;170;2,9;2;1;1
258112882724;258112882848;124;2,9;2;1;1
258112882848;258112883020;172;2,9;2;1;1
258112883020;258112883225;205;2,9;2;1;1
258112883225;258112883634;409;2,9;2;1;1
258112883634;258112888963;5329;2,9;2;1;1
258112904303;258112904686;383;2,9;2;1;1
258112904686;258112904781;95;2,9;2;1;1
258112904781;258112904937;156;2,9;2;1;1
258112972619;258112975364;2745;2,9;2;1;1
258112975364;258112976463;1099;2,9;2;1;1
258112976463;258112978525;2062;2,9;2;1;1
258112978525;258112981480;2955;2,9;2;1;1
258112981480;258112990813;9333;2,9;2;1;1
258112990813;258112992500;1687;2,9;2;1;1
258112992500;258112993702;1202;2,9;2;1;1
258112993702;258112995416;1714;2,9;2;1;1
258112995416;258112995816;400;2,9;2;1;1
258112995816;258112997215;1399;2,9;2;1;1
258112997215;258112997347;132;2,9;2;1;1
258112997347;258112997455;108;2,9;2;1;1
258112997455;258113003879;6424;2,9;2;1;1
258113003879;258113004277;398;2,9;2;1;1
258113004277;258113004619;342;2,9;2;1;1
258113004619;258113005687;1068;2,9;2;1;1
258113005687;258113005979;292;2,9;2;1;1
258113005979;258113007013;1034;2,9;2;1;1
258113007013;258113007391;378;2,9;2;1;1
258113007391;258113007544;153;2,9;2;1;1
258113007544;258113007576;32;2,9;2;1;1
258113007576;258113007595;19;2,9;2;1;1
258113007595;258113007745;150;2,9;2;1;1
258113007745;258113007911;166;2,9;2;1;1
258113007911;258113008096;185;2,9;2;1;1
258113008096;258113008352;256;2,9;2;1;1
258113008352;258113008500;148;2,9;2;1;1
258113008500;258113008602;102;2,9;2;1;1
258113008602;258113010637;2035;2,9;2;1;1
258113010637;258113011005;368;2,9;2;1;1
258113011005;258113011118;113;2,9;2;1;1
258113080817;258113090965;10148;2,9;2;1;1
258113090965;258113092206;1241;2,9;2;1;1
258113092206;258113092270;64;2,9;2;1;1
258113092270;258113092605;335;2,9;2;1;1
258113092605;258113092630;25;2,9;2;1;1
258113092630;258113092663;33;2,9;2;1;1
258113092663;258113092679;16;2,9;2;1;1
258113092679;258113092693;14;2,9;2;1;1
258113092693;258113092841;148;2,9;2;1;1
258113092841;258113092882;41;2,9;2;1;1
258113092882;258113092888;6;2,9;2;1;1
258113092888;258113092916;28;2,9;2;1;1
258113092916;258113092957;41;2,9;2;1;1
258113092957;258113093011;54;2,9;2;1;1
258113093011;258113093022;11;2,9;2;1;1
258113093022;258113093047;25;2,9;2;1;1
258113093047;258113093173;126;2,9;2;1;1
258113093173;258113093248;75;2,9;2;1;1
258113093248;258113093508;260;2,9;2;1;1
258113093508;258113098557;5049;2,9;2;1;1
258113098557;258113098629;72;2,9;2;1;1
258113098629;258113099474;845;2,9;2;1;1
258113099474;258113099542;68;2,9;2;1;1
258113099542;258113099651;109;2,9;2;1;1
258113099651;258113099827;176;2,9;2;1;1
258113099827;258113099881;54;2,9;2;1;1
258113099881;258113099921;40;2,9;2;1;1
258113099921;258113099992;71;2,9;2;1;1
258113099992;258113100042;50;2,9;2;1;1
258113100042;258113101063;1021;2,9;2;1;1
258113101063;258113101278;215;2,9;2;1;1
258113101278;258113102247;969;2,9;2;1;1
258113102247;258113102585;338;2,9;2;1;1
258113102585;258113103053;468;2,9;2;1;1
258113103053;258113103105;52;2,9;2;1;1
258113103105;258113104655;1550;2,9;2;1;1
258113104655;258113105000;345;2,9;2;1;1
258113105000;258113105147;147;2,9;2;1;1
258113105147;258113111340;6193;2,9;2;1;1
258113126034;258113126378;344;2,9;2;1;1
258113126378;258113126662;284;2,9;2;1;1
258113201530;258113202164;634;2,9;2;1;1
258113251788;258113252430;642;2,9;2;1;1
258113331728;258113332367;639;2,9;2;1;1
258113365731;258113366127;396;2,9;2;1;1
258113366127;258113366182;55;2,9;2;1;1
258113366182;258113366372;190;2,9;2;1;1
