start;end;duration;jobs;njobs;days;ndays
252854455600;252854635545;179945;2,9;2;1;1
252854635545;252854637114;1569;2,9;2;1;1
252854637114;252854773357;136243;2,9;2;1;1
252854773357;252855648564;875207;2,9;2;1;1
252855648564;252855667473;18909;2,9;2;1;1
252855667473;252855686123;18650;2,9;2;1;1
252855686123;252855691281;5158;2,9;2;1;1
252855691281;252855891191;199910;2,9;2;1;1
252855891191;252856121574;230383;2,9;2;1;1
252856121574;252856785101;663527;2,9;2;1;1
252856785101;252856786767;1666;2,9;2;1;1
252856786767;252856832423;45656;2,9;2;1;1
252856832423;252856916559;84136;2,9;2;1;1
252856916559;252856916570;11;2,9;2;1;1
252856916570;252856916587;17;2,9;2;1;1
252856916587;252856916617;30;2,9;2;1;1
252856916617;252856916633;16;2,9;2;1;1
252856916633;252856916663;30;2,9;2;1;1
252856916663;252856916717;54;2,9;2;1;1
252856916717;252856916742;25;2,9;2;1;1
252856916742;252856916802;60;2,9;2;1;1
252856916802;252856916815;13;2,9;2;1;1
252856916815;252856916830;15;2,9;2;1;1
252856916830;252856916860;30;2,9;2;1;1
252856916860;252856916874;14;2,9;2;1;1
252856916874;252856916908;34;2,9;2;1;1
252856916908;252856916963;55;2,9;2;1;1
252856916963;252856917007;44;2,9;2;1;1
252856917007;252856917041;34;2,9;2;1;1
252856917041;252856917092;51;2,9;2;1;1
252856917092;252856917109;17;2,9;2;1;1
252856917109;252856917125;16;2,9;2;1;1
252856917125;252856917137;12;2,9;2;1;1
252856917137;252856917187;50;2,9;2;1;1
252856917187;252856917218;31;2,9;2;1;1
252856917218;252856917233;15;2,9;2;1;1
252856917233;252856917249;16;2,9;2;1;1
252856917249;252856917292;43;2,9;2;1;1
252856917292;252856917306;14;2,9;2;1;1
252856917306;252856917321;15;2,9;2;1;1
252856917321;252856917350;29;2,9;2;1;1
252856917350;252856917396;46;2,9;2;1;1
252856917396;252856917413;17;2,9;2;1;1
252856917413;252856917433;20;2,9;2;1;1
252856917433;252856917457;24;2,9;2;1;1
252856917457;252856917506;49;2,9;2;1;1
252856917506;252856917559;53;2,9;2;1;1
252856917559;252856917611;52;2,9;2;1;1
252856917611;252856917644;33;2,9;2;1;1
252856917644;252856917665;21;2,9;2;1;1
252856917665;252856917696;31;2,9;2;1;1
252856917696;252856917708;12;2,9;2;1;1
252856917708;252856917727;19;2,9;2;1;1
252856917727;252856917735;8;2,9;2;1;1
252856917735;252856917755;20;2,9;2;1;1
252856917755;252856917772;17;2,9;2;1;1
252856917772;252856917817;45;2,9;2;1;1
252856917817;252856917841;24;2,9;2;1;1
252856917841;252856917859;18;2,9;2;1;1
252856917859;252856917869;10;2,9;2;1;1
252856917869;252856917894;25;2,9;2;1;1
252856917894;252856917897;3;2,9;2;1;1
252856917897;252856917956;59;2,9;2;1;1
252856917956;252856917963;7;2,9;2;1;1
252856917963;252856917997;34;2,9;2;1;1
252856917997;252856918018;21;2,9;2;1;1
252856918018;252856918042;24;2,9;2;1;1
252856918042;252856918101;59;2,9;2;1;1
252856918101;252856918118;17;2,9;2;1;1
252856918118;252856918127;9;2,9;2;1;1
252856918127;252856918152;25;2,9;2;1;1
252856918152;252856918181;29;2,9;2;1;1
252856918181;252856918235;54;2,9;2;1;1
252856918235;252856918239;4;2,9;2;1;1
252856918239;252856918249;10;2,9;2;1;1
252856918249;252856918273;24;2,9;2;1;1
252856918273;252856918290;17;2,9;2;1;1
252856918290;252856918337;47;2,9;2;1;1
252856918337;252856918344;7;2,9;2;1;1
252856918344;252856918350;6;2,9;2;1;1
252856918350;252856918369;19;2,9;2;1;1
252856918369;252856918388;19;2,9;2;1;1
252856918388;252856918398;10;2,9;2;1;1
252856918398;252856918408;10;2,9;2;1;1
252856918408;252856918446;38;2,9;2;1;1
252856918446;252856918472;26;2,9;2;1;1
252856918472;252856918725;253;2,9;2;1;1
252856918725;252856918767;42;2,9;2;1;1
252856918767;252856918803;36;2,9;2;1;1
252856918803;252856918828;25;2,9;2;1;1
252856918828;252856918883;55;2,9;2;1;1
252856918883;252856919022;139;2,9;2;1;1
252856919022;252856919037;15;2,9;2;1;1
252856919037;252856919091;54;2,9;2;1;1
252856919091;252856919179;88;2,9;2;1;1
252856919179;252856919198;19;2,9;2;1;1
252856919198;252856919217;19;2,9;2;1;1
252856919217;252856919247;30;2,9;2;1;1
252856919247;252856919266;19;2,9;2;1;1
252856919266;252856919370;104;2,9;2;1;1
252856919370;252856919480;110;2,9;2;1;1
252856919480;252856919664;184;2,9;2;1;1
252856919664;252856919682;18;2,9;2;1;1
252856919682;252856919777;95;2,9;2;1;1
252856919777;252856919809;32;2,9;2;1;1
252856919809;252856919832;23;2,9;2;1;1
252856919832;252856919937;105;2,9;2;1;1
252856919937;252856921361;1424;2,9;2;1;1
252856921361;252856921396;35;2,9;2;1;1
252856921396;252856921478;82;2,9;2;1;1
252856921478;252856921567;89;2,9;2;1;1
252856921567;252856921585;18;2,9;2;1;1
252856921585;252856921694;109;2,9;2;1;1
252856921694;252856921717;23;2,9;2;1;1
252856921717;252856921753;36;2,9;2;1;1
252856921753;252856921829;76;2,9;2;1;1
252856921829;252856921881;52;2,9;2;1;1
252856921881;252856922006;125;2,9;2;1;1
252856922006;252856922040;34;2,9;2;1;1
252856922040;252856922117;77;2,9;2;1;1
252856922117;252856922166;49;2,9;2;1;1
252856922166;252856922325;159;2,9;2;1;1
252856922325;252856922356;31;2,9;2;1;1
252856922356;252856922458;102;2,9;2;1;1
252856922458;252856922584;126;2,9;2;1;1
252856922584;252856922700;116;2,9;2;1;1
252856922700;252856922738;38;2,9;2;1;1
252856922738;252856922773;35;2,9;2;1;1
252856922773;252856922796;23;2,9;2;1;1
252856922796;252856922824;28;2,9;2;1;1
252856922824;252856922867;43;2,9;2;1;1
252856922867;252856922990;123;2,9;2;1;1
252856922990;252856923024;34;2,9;2;1;1
252856923024;252856924064;1040;2,9;2;1;1
252856924064;252856924116;52;2,9;2;1;1
252856924116;252856924863;747;2,9;2;1;1
252856924863;252856924969;106;2,9;2;1;1
252856924969;252856958937;33968;2,9;2;1;1
252856958937;252856958946;9;2,9;2;1;1
252856958946;252856958962;16;2,9;2;1;1
252856958962;252856958989;27;2,9;2;1;1
252856958989;252856959006;17;2,9;2;1;1
252856959006;252856959053;47;2,9;2;1;1
252856959053;252856959104;51;2,9;2;1;1
252856959104;252856959117;13;2,9;2;1;1
252856959117;252856960264;1147;2,9;2;1;1
252856960264;252856960353;89;2,9;2;1;1
252856960353;252856960408;55;2,9;2;1;1
252856960408;252856960518;110;2,9;2;1;1
252856960518;252856960557;39;2,9;2;1;1
252856960557;252856960688;131;2,9;2;1;1
252856960688;252856960720;32;2,9;2;1;1
252856960720;252856960749;29;2,9;2;1;1
252856960749;252856960778;29;2,9;2;1;1
252856960778;252856960799;21;2,9;2;1;1
252856960799;252856960911;112;2,9;2;1;1
252856960911;252856960940;29;2,9;2;1;1
252856960940;252856961057;117;2,9;2;1;1
252856961057;252856961100;43;2,9;2;1;1
252856961100;252856961113;13;2,9;2;1;1
252856961113;252856961121;8;2,9;2;1;1
252856961121;252856961141;20;2,9;2;1;1
252856961141;252856961178;37;2,9;2;1;1
252856961178;252856961192;14;2,9;2;1;1
252856961192;252856961197;5;2,9;2;1;1
252856961197;252856961216;19;2,9;2;1;1
252856961216;252856961222;6;2,9;2;1;1
252856961222;252856961228;6;2,9;2;1;1
252856961228;252856961238;10;2,9;2;1;1
252856961238;252856961246;8;2,9;2;1;1
252856961246;252856961255;9;2,9;2;1;1
252856961255;252856961257;2;2,9;2;1;1
252856961257;252856961265;8;2,9;2;1;1
252856961265;252856961307;42;2,9;2;1;1
252856961307;252856961331;24;2,9;2;1;1
252856961331;252856961379;48;2,9;2;1;1
252856961379;252856961386;7;2,9;2;1;1
252856961386;252856961387;1;2,9;2;1;1
252856961387;252856961409;22;2,9;2;1;1
252856961409;252856961413;4;2,9;2;1;1
252856961413;252856961416;3;2,9;2;1;1
252856961416;252856961418;2;2,9;2;1;1
252856961418;252856961426;8;2,9;2;1;1
252856961426;252856961449;23;2,9;2;1;1
252856961449;252856961454;5;2,9;2;1;1
252856961454;252856961637;183;2,9;2;1;1
252856961637;252856961674;37;2,9;2;1;1
252856961674;252856961700;26;2,9;2;1;1
252856961700;252856961742;42;2,9;2;1;1
252856961742;252856961805;63;2,9;2;1;1
252856961805;252856961822;17;2,9;2;1;1
252856961822;252856961848;26;2,9;2;1;1
252856961848;252856961850;2;2,9;2;1;1
252856961850;252856961875;25;2,9;2;1;1
252856961875;252856961891;16;2,9;2;1;1
252856961891;252856961908;17;2,9;2;1;1
252856961908;252856961916;8;2,9;2;1;1
252856961916;252856961947;31;2,9;2;1;1
252856961947;252856961969;22;2,9;2;1;1
252856961969;252856962021;52;2,9;2;1;1
252856962021;252856962022;1;2,9;2;1;1
252856962022;252856962046;24;2,9;2;1;1
252856962046;252856962057;11;2,9;2;1;1
252856962057;252856962073;16;2,9;2;1;1
252856962073;252856962082;9;2,9;2;1;1
252856962082;252856962103;21;2,9;2;1;1
252856962103;252856962112;9;2,9;2;1;1
252856962112;252856962119;7;2,9;2;1;1
252856962119;252856962120;1;2,9;2;1;1
252856962120;252856962138;18;2,9;2;1;1
252856962138;252856962139;1;2,9;2;1;1
252856962139;252856962147;8;2,9;2;1;1
252856962147;252856962162;15;2,9;2;1;1
252856962162;252856962167;5;2,9;2;1;1
252856962167;252856962171;4;2,9;2;1;1
252856962171;252856962174;3;2,9;2;1;1
252856962174;252856962179;5;2,9;2;1;1
252856962179;252856962183;4;2,9;2;1;1
252856962183;252856962184;1;2,9;2;1;1
252856962184;252856962186;2;2,9;2;1;1
252856962186;252856962188;2;2,9;2;1;1
252856962188;252856962201;13;2,9;2;1;1
252856962201;252856962209;8;2,9;2;1;1
252856962209;252856962217;8;2,9;2;1;1
252856962217;252856962219;2;2,9;2;1;1
252856962219;252856962225;6;2,9;2;1;1
252856962225;252856962242;17;2,9;2;1;1
252856962242;252856962247;5;2,9;2;1;1
252856962247;252856962250;3;2,9;2;1;1
252856962250;252856962285;35;2,9;2;1;1
252856962285;252856962294;9;2,9;2;1;1
252856962294;252856962311;17;2,9;2;1;1
252856962311;252856962318;7;2,9;2;1;1
252856962318;252856962339;21;2,9;2;1;1
252856962339;252856962342;3;2,9;2;1;1
252856962342;252856962356;14;2,9;2;1;1
252856962356;252856962379;23;2,9;2;1;1
252856962379;252856962405;26;2,9;2;1;1
252856962405;252856962409;4;2,9;2;1;1
252856962409;252856962412;3;2,9;2;1;1
252856962412;252856962425;13;2,9;2;1;1
252856962425;252856962428;3;2,9;2;1;1
252856962428;252856962443;15;2,9;2;1;1
252856962443;252856962453;10;2,9;2;1;1
252856962453;252856962457;4;2,9;2;1;1
252856962457;252856962463;6;2,9;2;1;1
252856962463;252856962492;29;2,9;2;1;1
252856962492;252856962525;33;2,9;2;1;1
252856962525;252856962527;2;2,9;2;1;1
252856962527;252856962558;31;2,9;2;1;1
252856962558;252856962562;4;2,9;2;1;1
252856962562;252856962578;16;2,9;2;1;1
252856962578;252856962583;5;2,9;2;1;1
252856962583;252856962596;13;2,9;2;1;1
252856962596;252856962605;9;2,9;2;1;1
252856962605;252856962610;5;2,9;2;1;1
252856962610;252856962651;41;2,9;2;1;1
252856962651;252856962670;19;2,9;2;1;1
252856962670;252856962694;24;2,9;2;1;1
252856962694;252856962714;20;2,9;2;1;1
252856962714;252856962767;53;2,9;2;1;1
252856962767;252856962789;22;2,9;2;1;1
252856962789;252856962804;15;2,9;2;1;1
252856962804;252856962847;43;2,9;2;1;1
252856962847;252856962863;16;2,9;2;1;1
252856962863;252856962884;21;2,9;2;1;1
252856962884;252856962890;6;2,9;2;1;1
252856962890;252856962895;5;2,9;2;1;1
252856962895;252856962915;20;2,9;2;1;1
252856962915;252856962956;41;2,9;2;1;1
252856962956;252856963135;179;2,9;2;1;1
252856963135;252856963445;310;2,9;2;1;1
252856963445;252856963675;230;2,9;2;1;1
252856963675;252856963708;33;2,9;2;1;1
252856963708;252856963728;20;2,9;2;1;1
252856963728;252856963752;24;2,9;2;1;1
252856963752;252856963767;15;2,9;2;1;1
252856963767;252856963800;33;2,9;2;1;1
252856963800;252856963820;20;2,9;2;1;1
252856963820;252856963828;8;2,9;2;1;1
252856963828;252856964012;184;2,9;2;1;1
252856964012;252856964022;10;2,9;2;1;1
252856964022;252856964054;32;2,9;2;1;1
252856964054;252856964085;31;2,9;2;1;1
252856964085;252856964104;19;2,9;2;1;1
252856964104;252856964112;8;2,9;2;1;1
252856964112;252856964117;5;2,9;2;1;1
252856964117;252856964125;8;2,9;2;1;1
252856964125;252856964152;27;2,9;2;1;1
252856964152;252856964167;15;2,9;2;1;1
252856964167;252856964202;35;2,9;2;1;1
252856964202;252856964225;23;2,9;2;1;1
252856964225;252856964228;3;2,9;2;1;1
252856964228;252856964230;2;2,9;2;1;1
252856964230;252856964254;24;2,9;2;1;1
252856964254;252856964283;29;2,9;2;1;1
252856964283;252856964293;10;2,9;2;1;1
252856964293;252856964306;13;2,9;2;1;1
252856964306;252856964312;6;2,9;2;1;1
252856964312;252856964314;2;2,9;2;1;1
252856964314;252856964348;34;2,9;2;1;1
252856964348;252856964365;17;2,9;2;1;1
252856964365;252856964367;2;2,9;2;1;1
252856964367;252856964375;8;2,9;2;1;1
252856964375;252856964395;20;2,9;2;1;1
252856964395;252856964403;8;2,9;2;1;1
252856964403;252856964415;12;2,9;2;1;1
252856964415;252856964418;3;2,9;2;1;1
252856964418;252856964430;12;2,9;2;1;1
252856964430;252856964437;7;2,9;2;1;1
252856964437;252856964455;18;2,9;2;1;1
252856964455;252856964460;5;2,9;2;1;1
252856964460;252856964461;1;2,9;2;1;1
252856964461;252856964464;3;2,9;2;1;1
252856964464;252856964471;7;2,9;2;1;1
252856964471;252856964485;14;2,9;2;1;1
252856964485;252856964495;10;2,9;2;1;1
252856964495;252856964504;9;2,9;2;1;1
252856964504;252856964505;1;2,9;2;1;1
252856964505;252856964514;9;2,9;2;1;1
252856964514;252856964528;14;2,9;2;1;1
252856964528;252856964530;2;2,9;2;1;1
252856964530;252856964555;25;2,9;2;1;1
252856964555;252856964560;5;2,9;2;1;1
252856964560;252856964567;7;2,9;2;1;1
252856964567;252856964645;78;2,9;2;1;1
252856964645;252856964648;3;2,9;2;1;1
252856964648;252856964662;14;2,9;2;1;1
252856964662;252856964666;4;2,9;2;1;1
252856964666;252856964689;23;2,9;2;1;1
252856964689;252856964710;21;2,9;2;1;1
252856964710;252856964725;15;2,9;2;1;1
252856964725;252856964731;6;2,9;2;1;1
252856964731;252856964763;32;2,9;2;1;1
252856964763;252856964777;14;2,9;2;1;1
252856964777;252856964780;3;2,9;2;1;1
252856964780;252856964794;14;2,9;2;1;1
252856964794;252856964800;6;2,9;2;1;1
252856964800;252856964802;2;2,9;2;1;1
252856964802;252856964813;11;2,9;2;1;1
252856964813;252856964825;12;2,9;2;1;1
252856964825;252856964830;5;2,9;2;1;1
252856964830;252856964839;9;2,9;2;1;1
252856964839;252856964867;28;2,9;2;1;1
252856964867;252856964891;24;2,9;2;1;1
252856964891;252856964906;15;2,9;2;1;1
252856964906;252856964924;18;2,9;2;1;1
252856964924;252856964926;2;2,9;2;1;1
252856964926;252856964966;40;2,9;2;1;1
252856964966;252856964971;5;2,9;2;1;1
252856964971;252856964986;15;2,9;2;1;1
252856964986;252856964988;2;2,9;2;1;1
252856964988;252856964989;1;2,9;2;1;1
252856964989;252856964992;3;2,9;2;1;1
252856964992;252856965008;16;2,9;2;1;1
252856965008;252856965009;1;2,9;2;1;1
252856965009;252856965016;7;2,9;2;1;1
252856965016;252856965020;4;2,9;2;1;1
252856965020;252856965025;5;2,9;2;1;1
252856965025;252856965039;14;2,9;2;1;1
252856965039;252856965042;3;2,9;2;1;1
252856965042;252856965050;8;2,9;2;1;1
252856965050;252856965059;9;2,9;2;1;1
252856965059;252856965061;2;2,9;2;1;1
252856965061;252856965075;14;2,9;2;1;1
252856965075;252856965091;16;2,9;2;1;1
252856965091;252856965101;10;2,9;2;1;1
252856965101;252856965112;11;2,9;2;1;1
252856965112;252856965113;1;2,9;2;1;1
252856965113;252856965133;20;2,9;2;1;1
252856965133;252856965137;4;2,9;2;1;1
252856965137;252856965142;5;2,9;2;1;1
252856965142;252856965156;14;2,9;2;1;1
252856965156;252856965165;9;2,9;2;1;1
252856965165;252856965168;3;2,9;2;1;1
252856965168;252856965174;6;2,9;2;1;1
252856965174;252856965202;28;2,9;2;1;1
252856965202;252856965216;14;2,9;2;1;1
252856965216;252856965223;7;2,9;2;1;1
252856965223;252856965226;3;2,9;2;1;1
252856965226;252856965242;16;2,9;2;1;1
252856965242;252856965260;18;2,9;2;1;1
252856965260;252856965267;7;2,9;2;1;1
252856965267;252856965283;16;2,9;2;1;1
252856965283;252856965327;44;2,9;2;1;1
252856965327;252856965338;11;2,9;2;1;1
252856965338;252856965346;8;2,9;2;1;1
252856965346;252856965380;34;2,9;2;1;1
252856965380;252856965404;24;2,9;2;1;1
252856965404;252856965428;24;2,9;2;1;1
252856965428;252856965433;5;2,9;2;1;1
252856965433;252856965436;3;2,9;2;1;1
252856965436;252856965457;21;2,9;2;1;1
252856965457;252856965462;5;2,9;2;1;1
252856965462;252856965464;2;2,9;2;1;1
252856965464;252856965483;19;2,9;2;1;1
252856965483;252856965492;9;2,9;2;1;1
252856965492;252856965539;47;2,9;2;1;1
252856965539;252856965541;2;2,9;2;1;1
252856965541;252856965547;6;2,9;2;1;1
252856965547;252856965556;9;2,9;2;1;1
252856965556;252856965563;7;2,9;2;1;1
252856965563;252856965576;13;2,9;2;1;1
252856965576;252856965581;5;2,9;2;1;1
252856965581;252856965595;14;2,9;2;1;1
252856965595;252856965602;7;2,9;2;1;1
252856965602;252856965608;6;2,9;2;1;1
252856965608;252856965619;11;2,9;2;1;1
252856965619;252856965628;9;2,9;2;1;1
252856965628;252856965629;1;2,9;2;1;1
252856965629;252856965644;15;2,9;2;1;1
252856965644;252856965645;1;2,9;2;1;1
252856965645;252856965651;6;2,9;2;1;1
252856965651;252856965660;9;2,9;2;1;1
252856965660;252856965663;3;2,9;2;1;1
252856965663;252856965681;18;2,9;2;1;1
252856965681;252856965692;11;2,9;2;1;1
252856965692;252856965696;4;2,9;2;1;1
252856965696;252856965697;1;2,9;2;1;1
252856965697;252856965700;3;2,9;2;1;1
252856965700;252856965705;5;2,9;2;1;1
252856965705;252856965724;19;2,9;2;1;1
252856965724;252856965732;8;2,9;2;1;1
252856965732;252856965733;1;2,9;2;1;1
252856965733;252856965757;24;2,9;2;1;1
252856965757;252856965765;8;2,9;2;1;1
252856965765;252856965788;23;2,9;2;1;1
252856965788;252856965801;13;2,9;2;1;1
252856965801;252856965814;13;2,9;2;1;1
252856965814;252856965827;13;2,9;2;1;1
252856965827;252856965852;25;2,9;2;1;1
252856965852;252856965869;17;2,9;2;1;1
252856965869;252856965870;1;2,9;2;1;1
252856965870;252856965874;4;2,9;2;1;1
252856965874;252856965880;6;2,9;2;1;1
252856965880;252856965882;2;2,9;2;1;1
252856965882;252856965890;8;2,9;2;1;1
252856965890;252856965908;18;2,9;2;1;1
252856965908;252856965910;2;2,9;2;1;1
252856965910;252856965916;6;2,9;2;1;1
252856965916;252856965925;9;2,9;2;1;1
252856965925;252856965933;8;2,9;2;1;1
252856965933;252856965946;13;2,9;2;1;1
252856965946;252856965964;18;2,9;2;1;1
252856965964;252856965985;21;2,9;2;1;1
252856965985;252856965986;1;2,9;2;1;1
252856965986;252856965987;1;2,9;2;1;1
252856965987;252856965995;8;2,9;2;1;1
252856965995;252856965999;4;2,9;2;1;1
252856965999;252856966006;7;2,9;2;1;1
252856966006;252856966009;3;2,9;2;1;1
252856966009;252856966017;8;2,9;2;1;1
252856966017;252856966022;5;2,9;2;1;1
252856966022;252856966028;6;2,9;2;1;1
252856966028;252856966032;4;2,9;2;1;1
252856966032;252856966036;4;2,9;2;1;1
252856966036;252856966051;15;2,9;2;1;1
252856966051;252856966058;7;2,9;2;1;1
252856966058;252856966068;10;2,9;2;1;1
252856966068;252856966096;28;2,9;2;1;1
252856966096;252856966142;46;2,9;2;1;1
252856966142;252856966149;7;2,9;2;1;1
252856966149;252856966152;3;2,9;2;1;1
252856966152;252856966155;3;2,9;2;1;1
252856966155;252856966156;1;2,9;2;1;1
252856966156;252856966164;8;2,9;2;1;1
252856966164;252856966166;2;2,9;2;1;1
252856966166;252856966209;43;2,9;2;1;1
252856966209;252856966214;5;2,9;2;1;1
252856966214;252856966233;19;2,9;2;1;1
252856966233;252856966240;7;2,9;2;1;1
252856966240;252856966249;9;2,9;2;1;1
252856966249;252856966290;41;2,9;2;1;1
252856966290;252856966292;2;2,9;2;1;1
252856966292;252856966306;14;2,9;2;1;1
252856966306;252856966310;4;2,9;2;1;1
252856966310;252856966317;7;2,9;2;1;1
252856966317;252856966332;15;2,9;2;1;1
252856966332;252856966357;25;2,9;2;1;1
252856966357;252856966359;2;2,9;2;1;1
252856966359;252856966386;27;2,9;2;1;1
252856966386;252856966390;4;2,9;2;1;1
252856966390;252856966421;31;2,9;2;1;1
252856966421;252856966426;5;2,9;2;1;1
252856966426;252856966432;6;2,9;2;1;1
252856966432;252856966442;10;2,9;2;1;1
252856966442;252856966455;13;2,9;2;1;1
252856966455;252856966467;12;2,9;2;1;1
252856966467;252856966476;9;2,9;2;1;1
252856966476;252856966495;19;2,9;2;1;1
252856966495;252856966500;5;2,9;2;1;1
252856966500;252856966501;1;2,9;2;1;1
252856966501;252856966506;5;2,9;2;1;1
252856966506;252856966526;20;2,9;2;1;1
252856966526;252856966532;6;2,9;2;1;1
252856966532;252856966539;7;2,9;2;1;1
252856966539;252856966546;7;2,9;2;1;1
252856966546;252856966568;22;2,9;2;1;1
252856966568;252856966604;36;2,9;2;1;1
252856966604;252856966612;8;2,9;2;1;1
252856966612;252856966624;12;2,9;2;1;1
252856966624;252856966635;11;2,9;2;1;1
252856966635;252856966643;8;2,9;2;1;1
252856966643;252856966660;17;2,9;2;1;1
252856966660;252856966663;3;2,9;2;1;1
252856966663;252856966665;2;2,9;2;1;1
252856966665;252856966683;18;2,9;2;1;1
252856966683;252856966689;6;2,9;2;1;1
252856966689;252856966709;20;2,9;2;1;1
252856966709;252856966715;6;2,9;2;1;1
252856966715;252856966722;7;2,9;2;1;1
252856966722;252856966728;6;2,9;2;1;1
252856966728;252856966734;6;2,9;2;1;1
252856966734;252856966755;21;2,9;2;1;1
252856966755;252856966764;9;2,9;2;1;1
252856966764;252856966774;10;2,9;2;1;1
252856966774;252856966779;5;2,9;2;1;1
252856966779;252856966796;17;2,9;2;1;1
252856966796;252856966818;22;2,9;2;1;1
252856966818;252856966825;7;2,9;2;1;1
252856966825;252856966837;12;2,9;2;1;1
252856966837;252856966842;5;2,9;2;1;1
252856966842;252856966861;19;2,9;2;1;1
252856966861;252856966863;2;2,9;2;1;1
252856966863;252856966867;4;2,9;2;1;1
252856966867;252856966872;5;2,9;2;1;1
252856966872;252856966882;10;2,9;2;1;1
252856966882;252856966884;2;2,9;2;1;1
252856966884;252856966893;9;2,9;2;1;1
252856966893;252856966906;13;2,9;2;1;1
252856966906;252856966912;6;2,9;2;1;1
252856966912;252856966916;4;2,9;2;1;1
252856966916;252856966933;17;2,9;2;1;1
252856966933;252856966935;2;2,9;2;1;1
252856966935;252856966944;9;2,9;2;1;1
252856966944;252856966963;19;2,9;2;1;1
252856966963;252856966969;6;2,9;2;1;1
252856966969;252856966974;5;2,9;2;1;1
252856966974;252856967003;29;2,9;2;1;1
252856967003;252856967004;1;2,9;2;1;1
252856967004;252856967005;1;2,9;2;1;1
252856967005;252856967023;18;2,9;2;1;1
252856967023;252856967025;2;2,9;2;1;1
252856967025;252856967049;24;2,9;2;1;1
252856967049;252856967058;9;2,9;2;1;1
252856967058;252856967069;11;2,9;2;1;1
252856967069;252856967080;11;2,9;2;1;1
252856967080;252856967081;1;2,9;2;1;1
252856967081;252856967099;18;2,9;2;1;1
252856967099;252856967141;42;2,9;2;1;1
252856967141;252856967151;10;2,9;2;1;1
252856967151;252856967162;11;2,9;2;1;1
252856967162;252856967165;3;2,9;2;1;1
252856967165;252856967173;8;2,9;2;1;1
252856967173;252856967178;5;2,9;2;1;1
252856967178;252856967184;6;2,9;2;1;1
252856967184;252856967192;8;2,9;2;1;1
252856967192;252856967194;2;2,9;2;1;1
252856967194;252856967214;20;2,9;2;1;1
252856967214;252856967233;19;2,9;2;1;1
252856967233;252856967236;3;2,9;2;1;1
252856967236;252856967237;1;2,9;2;1;1
252856967237;252856967256;19;2,9;2;1;1
252856967256;252856967257;1;2,9;2;1;1
252856967257;252856967261;4;2,9;2;1;1
252856967261;252856967287;26;2,9;2;1;1
252856967287;252856967290;3;2,9;2;1;1
252856967290;252856967297;7;2,9;2;1;1
252856967297;252856967306;9;2,9;2;1;1
252856967306;252856967307;1;2,9;2;1;1
252856967307;252856967316;9;2,9;2;1;1
252856967316;252856967324;8;2,9;2;1;1
252856967324;252856967339;15;2,9;2;1;1
252856967339;252856967362;23;2,9;2;1;1
252856967362;252856967371;9;2,9;2;1;1
252856967371;252856967374;3;2,9;2;1;1
252856967374;252856967388;14;2,9;2;1;1
252856967388;252856967389;1;2,9;2;1;1
252856967389;252856967397;8;2,9;2;1;1
252856967397;252856967405;8;2,9;2;1;1
252856967405;252856967407;2;2,9;2;1;1
252856967407;252856967417;10;2,9;2;1;1
252856967417;252856967430;13;2,9;2;1;1
252856967430;252856967431;1;2,9;2;1;1
252856967431;252856967432;1;2,9;2;1;1
252856967432;252856967438;6;2,9;2;1;1
252856967438;252856967443;5;2,9;2;1;1
252856967443;252856967449;6;2,9;2;1;1
252856967449;252856967478;29;2,9;2;1;1
252856967478;252856967493;15;2,9;2;1;1
252856967493;252856967499;6;2,9;2;1;1
252856967499;252856967500;1;2,9;2;1;1
252856967500;252856967514;14;2,9;2;1;1
252856967514;252856967532;18;2,9;2;1;1
252856967532;252856967545;13;2,9;2;1;1
252856967545;252856967579;34;2,9;2;1;1
252856967579;252856967585;6;2,9;2;1;1
252856967585;252856967600;15;2,9;2;1;1
252856967600;252856967609;9;2,9;2;1;1
252856967609;252856967616;7;2,9;2;1;1
252856967616;252856967633;17;2,9;2;1;1
252856967633;252856967635;2;2,9;2;1;1
252856967635;252856967637;2;2,9;2;1;1
252856967637;252856967644;7;2,9;2;1;1
252856967644;252856967662;18;2,9;2;1;1
252856967662;252856967665;3;2,9;2;1;1
252856967665;252856967670;5;2,9;2;1;1
252856967670;252856967684;14;2,9;2;1;1
252856967684;252856967709;25;2,9;2;1;1
252856967709;252856967724;15;2,9;2;1;1
252856967724;252856967733;9;2,9;2;1;1
252856967733;252856967757;24;2,9;2;1;1
252856967757;252856967763;6;2,9;2;1;1
252856967763;252856967776;13;2,9;2;1;1
252856967776;252856967783;7;2,9;2;1;1
252856967783;252856967807;24;2,9;2;1;1
252856967807;252856967822;15;2,9;2;1;1
252856967822;252856967825;3;2,9;2;1;1
252856967825;252856967826;1;2,9;2;1;1
252856967826;252856967827;1;2,9;2;1;1
252856967827;252856967851;24;2,9;2;1;1
252856967851;252856967852;1;2,9;2;1;1
252856967852;252856967861;9;2,9;2;1;1
252856967861;252856967867;6;2,9;2;1;1
252856967867;252856967873;6;2,9;2;1;1
252856967873;252856967888;15;2,9;2;1;1
252856967888;252856967895;7;2,9;2;1;1
252856967895;252856967905;10;2,9;2;1;1
252856967905;252856967923;18;2,9;2;1;1
252856967923;252856967930;7;2,9;2;1;1
252856967930;252856967932;2;2,9;2;1;1
252856967932;252856967938;6;2,9;2;1;1
252856967938;252856967959;21;2,9;2;1;1
252856967959;252856967985;26;2,9;2;1;1
252856967985;252856967990;5;2,9;2;1;1
252856967990;252856967995;5;2,9;2;1;1
252856967995;252856968003;8;2,9;2;1;1
252856968003;252856968005;2;2,9;2;1;1
252856968005;252856968006;1;2,9;2;1;1
252856968006;252856968029;23;2,9;2;1;1
252856968029;252856968032;3;2,9;2;1;1
252856968032;252856968035;3;2,9;2;1;1
252856968035;252856968037;2;2,9;2;1;1
252856968037;252856968057;20;2,9;2;1;1
252856968057;252856968067;10;2,9;2;1;1
252856968067;252856968068;1;2,9;2;1;1
252856968068;252856968090;22;2,9;2;1;1
252856968090;252856968098;8;2,9;2;1;1
252856968098;252856968128;30;2,9;2;1;1
252856968128;252856968151;23;2,9;2;1;1
252856968151;252856968175;24;2,9;2;1;1
252856968175;252856968186;11;2,9;2;1;1
252856968186;252856968204;18;2,9;2;1;1
252856968204;252856968209;5;2,9;2;1;1
252856968209;252856968234;25;2,9;2;1;1
252856968234;252856968242;8;2,9;2;1;1
252856968242;252856968287;45;2,9;2;1;1
252856968287;252856968289;2;2,9;2;1;1
252856968289;252856968290;1;2,9;2;1;1
252856968290;252856968299;9;2,9;2;1;1
252856968299;252856968307;8;2,9;2;1;1
252856968307;252856968328;21;2,9;2;1;1
252856968328;252856968331;3;2,9;2;1;1
252856968331;252856968334;3;2,9;2;1;1
252856968334;252856968337;3;2,9;2;1;1
252856968337;252856968340;3;2,9;2;1;1
252856968340;252856968359;19;2,9;2;1;1
252856968359;252856968361;2;2,9;2;1;1
252856968361;252856968365;4;2,9;2;1;1
252856968365;252856968366;1;2,9;2;1;1
252856968366;252856968370;4;2,9;2;1;1
252856968370;252856968373;3;2,9;2;1;1
252856968373;252856968374;1;2,9;2;1;1
252856968374;252856968384;10;2,9;2;1;1
252856968384;252856968386;2;2,9;2;1;1
252856968386;252856968392;6;2,9;2;1;1
252856968392;252856968393;1;2,9;2;1;1
252856968393;252856968402;9;2,9;2;1;1
252856968402;252856968410;8;2,9;2;1;1
252856968410;252856968414;4;2,9;2;1;1
252856968414;252856968420;6;2,9;2;1;1
252856968420;252856968421;1;2,9;2;1;1
252856968421;252856968429;8;2,9;2;1;1
252856968429;252856968444;15;2,9;2;1;1
252856968444;252856968454;10;2,9;2;1;1
252856968454;252856968459;5;2,9;2;1;1
252856968459;252856968465;6;2,9;2;1;1
252856968465;252856968467;2;2,9;2;1;1
252856968467;252856968470;3;2,9;2;1;1
252856968470;252856968475;5;2,9;2;1;1
252856968475;252856968478;3;2,9;2;1;1
252856968478;252856968493;15;2,9;2;1;1
252856968493;252856968497;4;2,9;2;1;1
252856968497;252856968506;9;2,9;2;1;1
252856968506;252856968508;2;2,9;2;1;1
252856968508;252856968513;5;2,9;2;1;1
252856968513;252856968518;5;2,9;2;1;1
252856968518;252856968534;16;2,9;2;1;1
252856968534;252856968550;16;2,9;2;1;1
252856968550;252856968553;3;2,9;2;1;1
252856968553;252856968555;2;2,9;2;1;1
252856968555;252856968558;3;2,9;2;1;1
252856968558;252856968569;11;2,9;2;1;1
252856968569;252856968571;2;2,9;2;1;1
252856968571;252856968578;7;2,9;2;1;1
252856968578;252856968591;13;2,9;2;1;1
252856968591;252856968599;8;2,9;2;1;1
252856968599;252856968601;2;2,9;2;1;1
252856968601;252856968602;1;2,9;2;1;1
252856968602;252856968612;10;2,9;2;1;1
252856968612;252856968617;5;2,9;2;1;1
252856968617;252856968618;1;2,9;2;1;1
252856968618;252856968623;5;2,9;2;1;1
252856968623;252856968631;8;2,9;2;1;1
252856968631;252856968634;3;2,9;2;1;1
252856968634;252856968648;14;2,9;2;1;1
252856968648;252856968650;2;2,9;2;1;1
252856968650;252856968654;4;2,9;2;1;1
252856968654;252856968658;4;2,9;2;1;1
252856968658;252856968660;2;2,9;2;1;1
252856968660;252856968664;4;2,9;2;1;1
252856968664;252856968669;5;2,9;2;1;1
252856968669;252856968673;4;2,9;2;1;1
252856968673;252856968678;5;2,9;2;1;1
252856968678;252856968686;8;2,9;2;1;1
252856968686;252856968688;2;2,9;2;1;1
252856968688;252856968691;3;2,9;2;1;1
252856968691;252856968698;7;2,9;2;1;1
252856968698;252856968699;1;2,9;2;1;1
252856968699;252856968705;6;2,9;2;1;1
252856968705;252856968715;10;2,9;2;1;1
252856968715;252856968716;1;2,9;2;1;1
252856968716;252856968718;2;2,9;2;1;1
252856968718;252856968724;6;2,9;2;1;1
252856968724;252856968725;1;2,9;2;1;1
252856968725;252856968745;20;2,9;2;1;1
252856968745;252856968748;3;2,9;2;1;1
252856968748;252856968753;5;2,9;2;1;1
252856968753;252856968755;2;2,9;2;1;1
252856968755;252856968760;5;2,9;2;1;1
252856968760;252856968762;2;2,9;2;1;1
252856968762;252856968770;8;2,9;2;1;1
252856968770;252856968773;3;2,9;2;1;1
252856968773;252856968782;9;2,9;2;1;1
252856968782;252856968783;1;2,9;2;1;1
252856968783;252856968789;6;2,9;2;1;1
252856968789;252856968802;13;2,9;2;1;1
252856968802;252856968803;1;2,9;2;1;1
252856968803;252856968808;5;2,9;2;1;1
252856968808;252856968813;5;2,9;2;1;1
252856968813;252856968816;3;2,9;2;1;1
252856968816;252856968817;1;2,9;2;1;1
252856968817;252856968822;5;2,9;2;1;1
252856968822;252856968829;7;2,9;2;1;1
252856968829;252856968833;4;2,9;2;1;1
252856968833;252856968836;3;2,9;2;1;1
252856968836;252856968837;1;2,9;2;1;1
252856968837;252856968849;12;2,9;2;1;1
252856968849;252856968867;18;2,9;2;1;1
252856968867;252856968873;6;2,9;2;1;1
252856968873;252856968880;7;2,9;2;1;1
252856968880;252856968883;3;2,9;2;1;1
252856968883;252856968902;19;2,9;2;1;1
252856968902;252856968903;1;2,9;2;1;1
252856968903;252856968905;2;2,9;2;1;1
252856968905;252856968916;11;2,9;2;1;1
252856968916;252856968925;9;2,9;2;1;1
252856968925;252856968931;6;2,9;2;1;1
252856968931;252856968935;4;2,9;2;1;1
252856968935;252856968954;19;2,9;2;1;1
252856968954;252856968961;7;2,9;2;1;1
252856968961;252856968962;1;2,9;2;1;1
252856968962;252856968972;10;2,9;2;1;1
252856968972;252856968973;1;2,9;2;1;1
252856968973;252856969000;27;2,9;2;1;1
252856969000;252856969008;8;2,9;2;1;1
252856969008;252856969010;2;2,9;2;1;1
252856969010;252856969023;13;2,9;2;1;1
252856969023;252856969025;2;2,9;2;1;1
252856969025;252856969051;26;2,9;2;1;1
252856969051;252856969070;19;2,9;2;1;1
252856969070;252856969081;11;2,9;2;1;1
252856969081;252856969084;3;2,9;2;1;1
252856969084;252856969100;16;2,9;2;1;1
252856969100;252856969106;6;2,9;2;1;1
252856969106;252856969125;19;2,9;2;1;1
252856969125;252856969130;5;2,9;2;1;1
252856969130;252856969165;35;2,9;2;1;1
252856969165;252856969173;8;2,9;2;1;1
252856969173;252856969174;1;2,9;2;1;1
252856969174;252856969176;2;2,9;2;1;1
252856969176;252856969183;7;2,9;2;1;1
252856969183;252856969197;14;2,9;2;1;1
252856969197;252856969215;18;2,9;2;1;1
252856969215;252856969218;3;2,9;2;1;1
252856969218;252856969221;3;2,9;2;1;1
252856969221;252856969245;24;2,9;2;1;1
252856969245;252856969254;9;2,9;2;1;1
252856969254;252856969257;3;2,9;2;1;1
252856969257;252856969258;1;2,9;2;1;1
252856969258;252856969263;5;2,9;2;1;1
252856969263;252856969266;3;2,9;2;1;1
252856969266;252856969270;4;2,9;2;1;1
252856969270;252856969275;5;2,9;2;1;1
252856969275;252856969279;4;2,9;2;1;1
252856969279;252856969288;9;2,9;2;1;1
252856969288;252856969291;3;2,9;2;1;1
252856969291;252856969302;11;2,9;2;1;1
252856969302;252856969310;8;2,9;2;1;1
252856969310;252856969324;14;2,9;2;1;1
252856969324;252856969334;10;2,9;2;1;1
252856969334;252856969376;42;2,9;2;1;1
252856969376;252856969387;11;2,9;2;1;1
252856969387;252856969391;4;2,9;2;1;1
252856969391;252856969392;1;2,9;2;1;1
252856969392;252856969408;16;2,9;2;1;1
252856969408;252856969410;2;2,9;2;1;1
252856969410;252856969427;17;2,9;2;1;1
252856969427;252856969451;24;2,9;2;1;1
252856969451;252856969463;12;2,9;2;1;1
252856969463;252856969480;17;2,9;2;1;1
252856969480;252856969525;45;2,9;2;1;1
252856969525;252856969536;11;2,9;2;1;1
252856969536;252856969539;3;2,9;2;1;1
252856969539;252856969551;12;2,9;2;1;1
252856969551;252856969554;3;2,9;2;1;1
252856969554;252856969572;18;2,9;2;1;1
252856969572;252856969588;16;2,9;2;1;1
252856969588;252856969592;4;2,9;2;1;1
252856969592;252856969596;4;2,9;2;1;1
252856969596;252856969629;33;2,9;2;1;1
252856969629;252856969654;25;2,9;2;1;1
252856969654;252856969658;4;2,9;2;1;1
252856969658;252856969676;18;2,9;2;1;1
252856969676;252856969687;11;2,9;2;1;1
252856969687;252856969694;7;2,9;2;1;1
252856969694;252856969724;30;2,9;2;1;1
252856969724;252856969740;16;2,9;2;1;1
252856969740;252856969757;17;2,9;2;1;1
252856969757;252856969758;1;2,9;2;1;1
252856969758;252856969791;33;2,9;2;1;1
252856969791;252856969798;7;2,9;2;1;1
252856969798;252856969829;31;2,9;2;1;1
252856969829;252856969830;1;2,9;2;1;1
252856969830;252856969846;16;2,9;2;1;1
252856969846;252856969854;8;2,9;2;1;1
252856969854;252856969869;15;2,9;2;1;1
252856969869;252856969909;40;2,9;2;1;1
252856969909;252856969917;8;2,9;2;1;1
252856969917;252856969919;2;2,9;2;1;1
252856969919;252856969940;21;2,9;2;1;1
252856969940;252856969942;2;2,9;2;1;1
252856969942;252856969950;8;2,9;2;1;1
252856969950;252856969951;1;2,9;2;1;1
252856969951;252856969990;39;2,9;2;1;1
252856969990;252856969998;8;2,9;2;1;1
252856969998;252856970000;2;2,9;2;1;1
252856970000;252856970005;5;2,9;2;1;1
252856970005;252856970008;3;2,9;2;1;1
252856970008;252856970009;1;2,9;2;1;1
252856970009;252856970039;30;2,9;2;1;1
252856970039;252856970044;5;2,9;2;1;1
252856970044;252856970048;4;2,9;2;1;1
252856970048;252856970076;28;2,9;2;1;1
252856970076;252856970088;12;2,9;2;1;1
252856970088;252856970100;12;2,9;2;1;1
252856970100;252856970149;49;2,9;2;1;1
252856970149;252856970158;9;2,9;2;1;1
252856970158;252856970178;20;2,9;2;1;1
252856970178;252856970199;21;2,9;2;1;1
252856970199;252856970202;3;2,9;2;1;1
252856970202;252856970204;2;2,9;2;1;1
252856970204;252856970205;1;2,9;2;1;1
252856970205;252856970229;24;2,9;2;1;1
252856970229;252856970251;22;2,9;2;1;1
252856970251;252856970270;19;2,9;2;1;1
252856970270;252856970279;9;2,9;2;1;1
252856970279;252856970295;16;2,9;2;1;1
252856970295;252856970299;4;2,9;2;1;1
252856970299;252856970304;5;2,9;2;1;1
252856970304;252856970306;2;2,9;2;1;1
252856970306;252856970317;11;2,9;2;1;1
252856970317;252856970332;15;2,9;2;1;1
252856970332;252856970342;10;2,9;2;1;1
252856970342;252856970366;24;2,9;2;1;1
252856970366;252856970368;2;2,9;2;1;1
252856970368;252856970376;8;2,9;2;1;1
252856970376;252856970380;4;2,9;2;1;1
252856970380;252856970392;12;2,9;2;1;1
252856970392;252856970394;2;2,9;2;1;1
252856970394;252856970418;24;2,9;2;1;1
252856970418;252856970419;1;2,9;2;1;1
252856970419;252856970423;4;2,9;2;1;1
252856970423;252856970428;5;2,9;2;1;1
252856970428;252856970446;18;2,9;2;1;1
252856970446;252856970447;1;2,9;2;1;1
252856970447;252856970453;6;2,9;2;1;1
252856970453;252856970464;11;2,9;2;1;1
252856970464;252856970475;11;2,9;2;1;1
252856970475;252856970477;2;2,9;2;1;1
252856970477;252856970489;12;2,9;2;1;1
252856970489;252856970495;6;2,9;2;1;1
252856970495;252856970496;1;2,9;2;1;1
252856970496;252856970514;18;2,9;2;1;1
252856970514;252856970533;19;2,9;2;1;1
252856970533;252856970541;8;2,9;2;1;1
252856970541;252856970559;18;2,9;2;1;1
252856970559;252856970572;13;2,9;2;1;1
252856970572;252856970585;13;2,9;2;1;1
252856970585;252856970593;8;2,9;2;1;1
252856970593;252856970594;1;2,9;2;1;1
252856970594;252856970600;6;2,9;2;1;1
252856970600;252856970601;1;2,9;2;1;1
252856970601;252856970603;2;2,9;2;1;1
252856970603;252856970616;13;2,9;2;1;1
252856970616;252856970617;1;2,9;2;1;1
252856970617;252856970631;14;2,9;2;1;1
252856970631;252856970633;2;2,9;2;1;1
252856970633;252856970643;10;2,9;2;1;1
252856970643;252856970652;9;2,9;2;1;1
252856970652;252856970654;2;2,9;2;1;1
252856970654;252856970656;2;2,9;2;1;1
252856970656;252856970679;23;2,9;2;1;1
252856970679;252856970686;7;2,9;2;1;1
252856970686;252856970701;15;2,9;2;1;1
252856970701;252856970708;7;2,9;2;1;1
252856970708;252856970709;1;2,9;2;1;1
252856970709;252856970710;1;2,9;2;1;1
252856970710;252856970711;1;2,9;2;1;1
252856970711;252856970725;14;2,9;2;1;1
252856970725;252856970735;10;2,9;2;1;1
252856970735;252856970738;3;2,9;2;1;1
252856970738;252856970740;2;2,9;2;1;1
252856970740;252856970746;6;2,9;2;1;1
252856970746;252856970749;3;2,9;2;1;1
252856970749;252856970765;16;2,9;2;1;1
252856970765;252856970767;2;2,9;2;1;1
252856970767;252856970770;3;2,9;2;1;1
252856970770;252856970804;34;2,9;2;1;1
252856970804;252856970814;10;2,9;2;1;1
252856970814;252856970815;1;2,9;2;1;1
252856970815;252856970816;1;2,9;2;1;1
252856970816;252856970843;27;2,9;2;1;1
252856970843;252856970856;13;2,9;2;1;1
252856970856;252856970869;13;2,9;2;1;1
252856970869;252856970898;29;2,9;2;1;1
252856970898;252856970900;2;2,9;2;1;1
252856970900;252856970911;11;2,9;2;1;1
252856970911;252856970912;1;2,9;2;1;1
252856970912;252856970916;4;2,9;2;1;1
252856970916;252856970932;16;2,9;2;1;1
252856970932;252856970940;8;2,9;2;1;1
252856970940;252856970965;25;2,9;2;1;1
252856970965;252856970974;9;2,9;2;1;1
252856970974;252856970985;11;2,9;2;1;1
252856970985;252856970992;7;2,9;2;1;1
252856970992;252856970998;6;2,9;2;1;1
252856970998;252856970999;1;2,9;2;1;1
252856970999;252856971013;14;2,9;2;1;1
252856971013;252856971017;4;2,9;2;1;1
252856971017;252856971019;2;2,9;2;1;1
252856971019;252856971035;16;2,9;2;1;1
252856971035;252856971042;7;2,9;2;1;1
252856971042;252856971057;15;2,9;2;1;1
252856971057;252856971083;26;2,9;2;1;1
252856971083;252856971103;20;2,9;2;1;1
252856971103;252856971106;3;2,9;2;1;1
252856971106;252856971110;4;2,9;2;1;1
252856971110;252856971133;23;2,9;2;1;1
252856971133;252856971135;2;2,9;2;1;1
252856971135;252856971138;3;2,9;2;1;1
252856971138;252856971153;15;2,9;2;1;1
252856971153;252856971168;15;2,9;2;1;1
252856971168;252856971171;3;2,9;2;1;1
252856971171;252856971173;2;2,9;2;1;1
252856971173;252856971174;1;2,9;2;1;1
252856971174;252856971189;15;2,9;2;1;1
252856971189;252856971192;3;2,9;2;1;1
252856971192;252856971200;8;2,9;2;1;1
252856971200;252856971202;2;2,9;2;1;1
252856971202;252856971222;20;2,9;2;1;1
252856971222;252856971231;9;2,9;2;1;1
252856971231;252856971237;6;2,9;2;1;1
252856971237;252856971256;19;2,9;2;1;1
252856971256;252856971286;30;2,9;2;1;1
252856971286;252856971299;13;2,9;2;1;1
252856971299;252856971308;9;2,9;2;1;1
252856971308;252856971309;1;2,9;2;1;1
252856971309;252856971313;4;2,9;2;1;1
252856971313;252856971316;3;2,9;2;1;1
252856971316;252856971327;11;2,9;2;1;1
252856971327;252856971332;5;2,9;2;1;1
252856971332;252856971339;7;2,9;2;1;1
252856971339;252856971348;9;2,9;2;1;1
252856971348;252856971352;4;2,9;2;1;1
252856971352;252856971354;2;2,9;2;1;1
252856971354;252856971372;18;2,9;2;1;1
252856971372;252856971382;10;2,9;2;1;1
252856971382;252856971383;1;2,9;2;1;1
252856971383;252856971401;18;2,9;2;1;1
252856971401;252856971407;6;2,9;2;1;1
252856971407;252856971413;6;2,9;2;1;1
252856971413;252856971421;8;2,9;2;1;1
252856971421;252856971431;10;2,9;2;1;1
252856971431;252856971441;10;2,9;2;1;1
252856971441;252856971448;7;2,9;2;1;1
252856971448;252856971451;3;2,9;2;1;1
252856971451;252856971458;7;2,9;2;1;1
252856971458;252856971480;22;2,9;2;1;1
252856971480;252856971481;1;2,9;2;1;1
252856971481;252856971482;1;2,9;2;1;1
252856971482;252856971487;5;2,9;2;1;1
252856971487;252856971492;5;2,9;2;1;1
252856971492;252856971498;6;2,9;2;1;1
252856971498;252856971508;10;2,9;2;1;1
252856971508;252856971514;6;2,9;2;1;1
252856971514;252856971534;20;2,9;2;1;1
252856971534;252856971537;3;2,9;2;1;1
252856971537;252856971541;4;2,9;2;1;1
252856971541;252856971546;5;2,9;2;1;1
252856971546;252856971562;16;2,9;2;1;1
252856971562;252856971567;5;2,9;2;1;1
252856971567;252856971571;4;2,9;2;1;1
252856971571;252856971582;11;2,9;2;1;1
252856971582;252856971613;31;2,9;2;1;1
252856971613;252856971623;10;2,9;2;1;1
252856971623;252856971632;9;2,9;2;1;1
252856971632;252856971645;13;2,9;2;1;1
252856971645;252856971651;6;2,9;2;1;1
252856971651;252856971677;26;2,9;2;1;1
252856971677;252856971703;26;2,9;2;1;1
252856971703;252856971705;2;2,9;2;1;1
252856971705;252856971710;5;2,9;2;1;1
252856971710;252856971715;5;2,9;2;1;1
252856971715;252856971746;31;2,9;2;1;1
252856971746;252856971755;9;2,9;2;1;1
252856971755;252856971759;4;2,9;2;1;1
252856971759;252856971764;5;2,9;2;1;1
252856971764;252856971768;4;2,9;2;1;1
252856971768;252856971786;18;2,9;2;1;1
252856971786;252856971793;7;2,9;2;1;1
252856971793;252856971807;14;2,9;2;1;1
252856971807;252856971809;2;2,9;2;1;1
252856971809;252856971820;11;2,9;2;1;1
252856971820;252856971825;5;2,9;2;1;1
252856971825;252856971843;18;2,9;2;1;1
252856971843;252856971848;5;2,9;2;1;1
252856971848;252856971861;13;2,9;2;1;1
252856971861;252856971871;10;2,9;2;1;1
252856971871;252856971875;4;2,9;2;1;1
252856971875;252856971879;4;2,9;2;1;1
252856971879;252856971887;8;2,9;2;1;1
252856971887;252856971893;6;2,9;2;1;1
252856971893;252856971900;7;2,9;2;1;1
252856971900;252856971921;21;2,9;2;1;1
252856971921;252856971923;2;2,9;2;1;1
252856971923;252856971930;7;2,9;2;1;1
252856971930;252856971933;3;2,9;2;1;1
252856971933;252856971943;10;2,9;2;1;1
252856971943;252856971949;6;2,9;2;1;1
252856971949;252856971952;3;2,9;2;1;1
252856971952;252856971953;1;2,9;2;1;1
252856971953;252856971959;6;2,9;2;1;1
252856971959;252856971969;10;2,9;2;1;1
252856971969;252856971989;20;2,9;2;1;1
252856971989;252856971997;8;2,9;2;1;1
252856971997;252856972006;9;2,9;2;1;1
252856972006;252856972013;7;2,9;2;1;1
252856972013;252856972036;23;2,9;2;1;1
252856972036;252856972041;5;2,9;2;1;1
252856972041;252856972044;3;2,9;2;1;1
252856972044;252856972061;17;2,9;2;1;1
252856972061;252856972071;10;2,9;2;1;1
252856972071;252856972079;8;2,9;2;1;1
252856972079;252856972083;4;2,9;2;1;1
252856972083;252856972084;1;2,9;2;1;1
252856972084;252856972097;13;2,9;2;1;1
252856972097;252856972109;12;2,9;2;1;1
252856972109;252856972116;7;2,9;2;1;1
252856972116;252856972117;1;2,9;2;1;1
252856972117;252856972123;6;2,9;2;1;1
252856972123;252856972141;18;2,9;2;1;1
252856972141;252856972150;9;2,9;2;1;1
252856972150;252856972161;11;2,9;2;1;1
252856972161;252856972170;9;2,9;2;1;1
252856972170;252856972176;6;2,9;2;1;1
252856972176;252856972189;13;2,9;2;1;1
252856972189;252856972197;8;2,9;2;1;1
252856972197;252856972198;1;2,9;2;1;1
252856972198;252856972204;6;2,9;2;1;1
252856972204;252856972219;15;2,9;2;1;1
252856972219;252856972227;8;2,9;2;1;1
252856972227;252856972229;2;2,9;2;1;1
252856972229;252856972230;1;2,9;2;1;1
252856972230;252856972235;5;2,9;2;1;1
252856972235;252856972247;12;2,9;2;1;1
252856972247;252856972248;1;2,9;2;1;1
252856972248;252856972252;4;2,9;2;1;1
252856972252;252856972258;6;2,9;2;1;1
252856972258;252856972264;6;2,9;2;1;1
252856972264;252856972278;14;2,9;2;1;1
252856972278;252856972294;16;2,9;2;1;1
252856972294;252856972299;5;2,9;2;1;1
252856972299;252856972306;7;2,9;2;1;1
252856972306;252856972334;28;2,9;2;1;1
252856972334;252856972335;1;2,9;2;1;1
252856972335;252856972342;7;2,9;2;1;1
252856972342;252856972356;14;2,9;2;1;1
252856972356;252856972359;3;2,9;2;1;1
252856972359;252856972362;3;2,9;2;1;1
252856972362;252856972363;1;2,9;2;1;1
252856972363;252856972366;3;2,9;2;1;1
252856972366;252856972395;29;2,9;2;1;1
252856972395;252856972398;3;2,9;2;1;1
252856972398;252856972420;22;2,9;2;1;1
252856972420;252856972426;6;2,9;2;1;1
252856972426;252856972437;11;2,9;2;1;1
252856972437;252856972440;3;2,9;2;1;1
252856972440;252856972450;10;2,9;2;1;1
252856972450;252856972462;12;2,9;2;1;1
252856972462;252856972465;3;2,9;2;1;1
252856972465;252856972496;31;2,9;2;1;1
252856972496;252856972498;2;2,9;2;1;1
252856972498;252856972513;15;2,9;2;1;1
252856972513;252856972515;2;2,9;2;1;1
252856972515;252856972523;8;2,9;2;1;1
252856972523;252856972533;10;2,9;2;1;1
252856972533;252856972538;5;2,9;2;1;1
252856972538;252856972540;2;2,9;2;1;1
252856972540;252856972549;9;2,9;2;1;1
252856972549;252856972551;2;2,9;2;1;1
252856972551;252856972562;11;2,9;2;1;1
252856972562;252856972566;4;2,9;2;1;1
252856972566;252856972569;3;2,9;2;1;1
252856972569;252856972579;10;2,9;2;1;1
252856972579;252856972589;10;2,9;2;1;1
252856972589;252856972610;21;2,9;2;1;1
252856972610;252856972613;3;2,9;2;1;1
252856972613;252856972623;10;2,9;2;1;1
252856972623;252856972626;3;2,9;2;1;1
252856972626;252856972641;15;2,9;2;1;1
252856972641;252856972642;1;2,9;2;1;1
252856972642;252856972656;14;2,9;2;1;1
252856972656;252856972660;4;2,9;2;1;1
252856972660;252856972661;1;2,9;2;1;1
252856972661;252856972679;18;2,9;2;1;1
252856972679;252856972680;1;2,9;2;1;1
252856972680;252856972701;21;2,9;2;1;1
252856972701;252856972706;5;2,9;2;1;1
252856972706;252856972720;14;2,9;2;1;1
252856972720;252856972724;4;2,9;2;1;1
252856972724;252856972728;4;2,9;2;1;1
252856972728;252856972731;3;2,9;2;1;1
252856972731;252856972738;7;2,9;2;1;1
252856972738;252856972739;1;2,9;2;1;1
252856972739;252856972742;3;2,9;2;1;1
252856972742;252856972754;12;2,9;2;1;1
252856972754;252856972776;22;2,9;2;1;1
252856972776;252856972777;1;2,9;2;1;1
252856972777;252856972778;1;2,9;2;1;1
252856972778;252856972779;1;2,9;2;1;1
252856972779;252856972783;4;2,9;2;1;1
252856972783;252856972793;10;2,9;2;1;1
252856972793;252856972804;11;2,9;2;1;1
252856972804;252856972806;2;2,9;2;1;1
252856972806;252856972823;17;2,9;2;1;1
252856972823;252856972829;6;2,9;2;1;1
252856972829;252856972836;7;2,9;2;1;1
252856972836;252856972844;8;2,9;2;1;1
252856972844;252856972847;3;2,9;2;1;1
252856972847;252856972848;1;2,9;2;1;1
252856972848;252856972859;11;2,9;2;1;1
252856972859;252856972863;4;2,9;2;1;1
252856972863;252856972870;7;2,9;2;1;1
252856972870;252856972877;7;2,9;2;1;1
252856972877;252856972885;8;2,9;2;1;1
252856972885;252856972890;5;2,9;2;1;1
252856972890;252856972898;8;2,9;2;1;1
252856972898;252856972902;4;2,9;2;1;1
252856972902;252856972906;4;2,9;2;1;1
252856972906;252856972919;13;2,9;2;1;1
252856972919;252856972927;8;2,9;2;1;1
252856972927;252856972928;1;2,9;2;1;1
252856972928;252856972932;4;2,9;2;1;1
252856972932;252856972935;3;2,9;2;1;1
252856972935;252856972942;7;2,9;2;1;1
252856972942;252856972944;2;2,9;2;1;1
252856972944;252856972961;17;2,9;2;1;1
252856972961;252856972968;7;2,9;2;1;1
252856972968;252856972970;2;2,9;2;1;1
252856972970;252856972977;7;2,9;2;1;1
252856972977;252856972984;7;2,9;2;1;1
252856972984;252856972988;4;2,9;2;1;1
252856972988;252856972989;1;2,9;2;1;1
252856972989;252856972996;7;2,9;2;1;1
252856972996;252856973000;4;2,9;2;1;1
252856973000;252856973003;3;2,9;2;1;1
252856973003;252856973007;4;2,9;2;1;1
252856973007;252856973025;18;2,9;2;1;1
252856973025;252856973042;17;2,9;2;1;1
252856973042;252856973046;4;2,9;2;1;1
252856973046;252856973047;1;2,9;2;1;1
252856973047;252856973055;8;2,9;2;1;1
252856973055;252856973059;4;2,9;2;1;1
252856973059;252856973062;3;2,9;2;1;1
252856973062;252856973073;11;2,9;2;1;1
252856973073;252856973077;4;2,9;2;1;1
252856973077;252856973087;10;2,9;2;1;1
252856973087;252856973090;3;2,9;2;1;1
252856973090;252856973092;2;2,9;2;1;1
252856973092;252856973095;3;2,9;2;1;1
252856973095;252856973099;4;2,9;2;1;1
252856973099;252856973105;6;2,9;2;1;1
252856973105;252856973116;11;2,9;2;1;1
252856973116;252856973133;17;2,9;2;1;1
252856973133;252856973141;8;2,9;2;1;1
252856973141;252856973142;1;2,9;2;1;1
252856973142;252856973144;2;2,9;2;1;1
252856973144;252856973158;14;2,9;2;1;1
252856973158;252856973160;2;2,9;2;1;1
252856973160;252856973168;8;2,9;2;1;1
252856973168;252856973170;2;2,9;2;1;1
252856973170;252856973172;2;2,9;2;1;1
252856973172;252856973182;10;2,9;2;1;1
252856973182;252856973197;15;2,9;2;1;1
252856973197;252856973208;11;2,9;2;1;1
252856973208;252856973219;11;2,9;2;1;1
252856973219;252856973220;1;2,9;2;1;1
252856973220;252856973226;6;2,9;2;1;1
252856973226;252856973227;1;2,9;2;1;1
252856973227;252856973236;9;2,9;2;1;1
252856973236;252856973248;12;2,9;2;1;1
252856973248;252856973252;4;2,9;2;1;1
252856973252;252856973254;2;2,9;2;1;1
252856973254;252856973268;14;2,9;2;1;1
252856973268;252856973274;6;2,9;2;1;1
252856973274;252856973279;5;2,9;2;1;1
252856973279;252856973299;20;2,9;2;1;1
252856973299;252856973311;12;2,9;2;1;1
252856973311;252856973322;11;2,9;2;1;1
252856973322;252856973323;1;2,9;2;1;1
252856973323;252856973332;9;2,9;2;1;1
252856973332;252856973359;27;2,9;2;1;1
252856973359;252856973360;1;2,9;2;1;1
252856973360;252856973362;2;2,9;2;1;1
252856973362;252856973396;34;2,9;2;1;1
252856973396;252856973398;2;2,9;2;1;1
252856973398;252856973441;43;2,9;2;1;1
252856973441;252856973458;17;2,9;2;1;1
252856973458;252856973459;1;2,9;2;1;1
252856973459;252856973466;7;2,9;2;1;1
252856973466;252856973468;2;2,9;2;1;1
252856973468;252856973471;3;2,9;2;1;1
252856973471;252856973488;17;2,9;2;1;1
252856973488;252856973501;13;2,9;2;1;1
252856973501;252856973505;4;2,9;2;1;1
252856973505;252856973516;11;2,9;2;1;1
252856973516;252856973537;21;2,9;2;1;1
252856973537;252856973544;7;2,9;2;1;1
252856973544;252856973551;7;2,9;2;1;1
252856973551;252856973572;21;2,9;2;1;1
252856973572;252856973591;19;2,9;2;1;1
252856973591;252856973596;5;2,9;2;1;1
252856973596;252856973599;3;2,9;2;1;1
252856973599;252856973606;7;2,9;2;1;1
252856973606;252856973616;10;2,9;2;1;1
252856973616;252856973625;9;2,9;2;1;1
252856973625;252856973629;4;2,9;2;1;1
252856973629;252856973639;10;2,9;2;1;1
252856973639;252856973647;8;2,9;2;1;1
252856973647;252856973655;8;2,9;2;1;1
252856973655;252856973664;9;2,9;2;1;1
252856973664;252856973683;19;2,9;2;1;1
252856973683;252856973705;22;2,9;2;1;1
252856973705;252856973714;9;2,9;2;1;1
252856973714;252856973718;4;2,9;2;1;1
252856973718;252856973729;11;2,9;2;1;1
252856973729;252856973732;3;2,9;2;1;1
252856973732;252856973738;6;2,9;2;1;1
252856973738;252856973741;3;2,9;2;1;1
252856973741;252856973755;14;2,9;2;1;1
252856973755;252856973761;6;2,9;2;1;1
252856973761;252856973764;3;2,9;2;1;1
252856973764;252856973792;28;2,9;2;1;1
252856973792;252856973818;26;2,9;2;1;1
252856973818;252856973823;5;2,9;2;1;1
252856973823;252856973830;7;2,9;2;1;1
252856973830;252856973840;10;2,9;2;1;1
252856973840;252856973851;11;2,9;2;1;1
252856973851;252856973855;4;2,9;2;1;1
252856973855;252856973878;23;2,9;2;1;1
252856973878;252856973889;11;2,9;2;1;1
252856973889;252856973922;33;2,9;2;1;1
252856973922;252856973932;10;2,9;2;1;1
252856973932;252856973951;19;2,9;2;1;1
252856973951;252856973962;11;2,9;2;1;1
252856973962;252856973966;4;2,9;2;1;1
252856973966;252856973979;13;2,9;2;1;1
252856973979;252856974026;47;2,9;2;1;1
252856974026;252856974041;15;2,9;2;1;1
252856974041;252856974054;13;2,9;2;1;1
252856974054;252856974080;26;2,9;2;1;1
252856974080;252856974083;3;2,9;2;1;1
252856974083;252856974084;1;2,9;2;1;1
252856974084;252856974116;32;2,9;2;1;1
252856974116;252856974132;16;2,9;2;1;1
252856974132;252856974186;54;2,9;2;1;1
252856974186;252856974216;30;2,9;2;1;1
252856974216;252856974230;14;2,9;2;1;1
252856974230;252856974276;46;2,9;2;1;1
252856974276;252856974287;11;2,9;2;1;1
252856974287;252856974298;11;2,9;2;1;1
252856974298;252856974303;5;2,9;2;1;1
252856974303;252856974311;8;2,9;2;1;1
252856974311;252856974331;20;2,9;2;1;1
252856974331;252856974343;12;2,9;2;1;1
252856974343;252856974348;5;2,9;2;1;1
252856974348;252856974365;17;2,9;2;1;1
252856974365;252856974366;1;2,9;2;1;1
252856974366;252856974371;5;2,9;2;1;1
252856974371;252856974400;29;2,9;2;1;1
252856974400;252856974407;7;2,9;2;1;1
252856974407;252856974410;3;2,9;2;1;1
252856974410;252856974432;22;2,9;2;1;1
252856974432;252856974433;1;2,9;2;1;1
252856974433;252856974435;2;2,9;2;1;1
252856974435;252856974441;6;2,9;2;1;1
252856974441;252856974455;14;2,9;2;1;1
252856974455;252856974458;3;2,9;2;1;1
252856974458;252856974470;12;2,9;2;1;1
252856974470;252856974474;4;2,9;2;1;1
252856974474;252856974480;6;2,9;2;1;1
252856974480;252856974497;17;2,9;2;1;1
252856974497;252856974523;26;2,9;2;1;1
252856974523;252856974527;4;2,9;2;1;1
252856974527;252856974544;17;2,9;2;1;1
252856974544;252856974564;20;2,9;2;1;1
252856974564;252856974566;2;2,9;2;1;1
252856974566;252856974570;4;2,9;2;1;1
252856974570;252856974591;21;2,9;2;1;1
252856974591;252856974594;3;2,9;2;1;1
252856974594;252856974603;9;2,9;2;1;1
252856974603;252856974614;11;2,9;2;1;1
252856974614;252856974625;11;2,9;2;1;1
252856974625;252856974641;16;2,9;2;1;1
252856974641;252856974664;23;2,9;2;1;1
252856974664;252856974674;10;2,9;2;1;1
252856974674;252856974686;12;2,9;2;1;1
252856974686;252856974688;2;2,9;2;1;1
252856974688;252856974690;2;2,9;2;1;1
252856974690;252856974708;18;2,9;2;1;1
252856974708;252856974710;2;2,9;2;1;1
252856974710;252856974712;2;2,9;2;1;1
252856974712;252856974723;11;2,9;2;1;1
252856974723;252856974754;31;2,9;2;1;1
252856974754;252856974757;3;2,9;2;1;1
252856974757;252856974791;34;2,9;2;1;1
252856974791;252856974793;2;2,9;2;1;1
252856974793;252856974801;8;2,9;2;1;1
252856974801;252856974811;10;2,9;2;1;1
252856974811;252856974817;6;2,9;2;1;1
252856974817;252856974820;3;2,9;2;1;1
252856974820;252856974854;34;2,9;2;1;1
252856974854;252856974856;2;2,9;2;1;1
252856974856;252856974866;10;2,9;2;1;1
252856974866;252856974889;23;2,9;2;1;1
252856974889;252856974899;10;2,9;2;1;1
252856974899;252856974916;17;2,9;2;1;1
252856974916;252856974919;3;2,9;2;1;1
252856974919;252856974927;8;2,9;2;1;1
252856974927;252856974933;6;2,9;2;1;1
252856974933;252856974944;11;2,9;2;1;1
252856974944;252856974948;4;2,9;2;1;1
252856974948;252856974951;3;2,9;2;1;1
252856974951;252856974952;1;2,9;2;1;1
252856974952;252856974958;6;2,9;2;1;1
252856974958;252856974968;10;2,9;2;1;1
252856974968;252856974970;2;2,9;2;1;1
252856974970;252856974990;20;2,9;2;1;1
252856974990;252856974991;1;2,9;2;1;1
252856974991;252856974992;1;2,9;2;1;1
252856974992;252856974994;2;2,9;2;1;1
252856974994;252856974996;2;2,9;2;1;1
252856974996;252856975000;4;2,9;2;1;1
252856975000;252856975018;18;2,9;2;1;1
252856975018;252856975024;6;2,9;2;1;1
252856975024;252856975029;5;2,9;2;1;1
252856975029;252856975034;5;2,9;2;1;1
252856975034;252856975035;1;2,9;2;1;1
252856975035;252856975038;3;2,9;2;1;1
252856975038;252856975053;15;2,9;2;1;1
252856975053;252856975070;17;2,9;2;1;1
252856975070;252856975073;3;2,9;2;1;1
252856975073;252856975078;5;2,9;2;1;1
252856975078;252856975112;34;2,9;2;1;1
252856975112;252856975127;15;2,9;2;1;1
252856975127;252856975130;3;2,9;2;1;1
252856975130;252856975136;6;2,9;2;1;1
252856975136;252856975142;6;2,9;2;1;1
252856975142;252856975157;15;2,9;2;1;1
252856975157;252856975176;19;2,9;2;1;1
252856975176;252856975183;7;2,9;2;1;1
252856975183;252856975196;13;2,9;2;1;1
252856975196;252856975209;13;2,9;2;1;1
252856975209;252856975221;12;2,9;2;1;1
252856975221;252856975233;12;2,9;2;1;1
252856975233;252856975251;18;2,9;2;1;1
252856975251;252856975253;2;2,9;2;1;1
252856975253;252856975255;2;2,9;2;1;1
252856975255;252856975260;5;2,9;2;1;1
252856975260;252856975289;29;2,9;2;1;1
252856975289;252856975293;4;2,9;2;1;1
252856975293;252856975309;16;2,9;2;1;1
252856975309;252856975312;3;2,9;2;1;1
252856975312;252856975317;5;2,9;2;1;1
252856975317;252856975329;12;2,9;2;1;1
252856975329;252856975331;2;2,9;2;1;1
252856975331;252856975332;1;2,9;2;1;1
252856975332;252856975336;4;2,9;2;1;1
252856975336;252856975343;7;2,9;2;1;1
252856975343;252856975348;5;2,9;2;1;1
252856975348;252856975366;18;2,9;2;1;1
252856975366;252856975367;1;2,9;2;1;1
252856975367;252856975370;3;2,9;2;1;1
252856975370;252856975373;3;2,9;2;1;1
252856975373;252856975378;5;2,9;2;1;1
252856975378;252856975386;8;2,9;2;1;1
252856975386;252856975387;1;2,9;2;1;1
252856975387;252856975389;2;2,9;2;1;1
252856975389;252856975404;15;2,9;2;1;1
252856975404;252856975411;7;2,9;2;1;1
252856975411;252856975412;1;2,9;2;1;1
252856975412;252856975415;3;2,9;2;1;1
252856975415;252856975423;8;2,9;2;1;1
252856975423;252856975426;3;2,9;2;1;1
252856975426;252856975427;1;2,9;2;1;1
252856975427;252856975429;2;2,9;2;1;1
252856975429;252856975437;8;2,9;2;1;1
252856975437;252856975438;1;2,9;2;1;1
252856975438;252856975444;6;2,9;2;1;1
252856975444;252856975450;6;2,9;2;1;1
252856975450;252856975453;3;2,9;2;1;1
252856975453;252856975455;2;2,9;2;1;1
252856975455;252856975456;1;2,9;2;1;1
252856975456;252856975467;11;2,9;2;1;1
252856975467;252856975469;2;2,9;2;1;1
252856975469;252856975479;10;2,9;2;1;1
252856975479;252856975484;5;2,9;2;1;1
252856975484;252856975490;6;2,9;2;1;1
252856975490;252856975497;7;2,9;2;1;1
252856975497;252856975512;15;2,9;2;1;1
252856975512;252856975513;1;2,9;2;1;1
252856975513;252856975536;23;2,9;2;1;1
252856975536;252856975559;23;2,9;2;1;1
252856975559;252856975575;16;2,9;2;1;1
252856975575;252856975586;11;2,9;2;1;1
252856975586;252856975597;11;2,9;2;1;1
252856975597;252856975601;4;2,9;2;1;1
252856975601;252856975622;21;2,9;2;1;1
252856975622;252856975630;8;2,9;2;1;1
252856975630;252856975642;12;2,9;2;1;1
252856975642;252856975647;5;2,9;2;1;1
252856975647;252856975650;3;2,9;2;1;1
252856975650;252856975657;7;2,9;2;1;1
252856975657;252856975661;4;2,9;2;1;1
252856975661;252856975669;8;2,9;2;1;1
252856975669;252856975672;3;2,9;2;1;1
252856975672;252856975682;10;2,9;2;1;1
252856975682;252856975689;7;2,9;2;1;1
252856975689;252856975696;7;2,9;2;1;1
252856975696;252856975698;2;2,9;2;1;1
252856975698;252856975702;4;2,9;2;1;1
252856975702;252856975713;11;2,9;2;1;1
252856975713;252856975718;5;2,9;2;1;1
252856975718;252856975729;11;2,9;2;1;1
252856975729;252856975734;5;2,9;2;1;1
252856975734;252856975743;9;2,9;2;1;1
252856975743;252856975744;1;2,9;2;1;1
252856975744;252856975751;7;2,9;2;1;1
252856975751;252856975764;13;2,9;2;1;1
252856975764;252856975766;2;2,9;2;1;1
252856975766;252856975770;4;2,9;2;1;1
252856975770;252856975778;8;2,9;2;1;1
252856975778;252856975786;8;2,9;2;1;1
252856975786;252856975788;2;2,9;2;1;1
252856975788;252856975797;9;2,9;2;1;1
252856975797;252856975809;12;2,9;2;1;1
252856975809;252856975813;4;2,9;2;1;1
252856975813;252856975824;11;2,9;2;1;1
252856975824;252856975829;5;2,9;2;1;1
252856975829;252856975849;20;2,9;2;1;1
252856975849;252856975850;1;2,9;2;1;1
252856975850;252856975853;3;2,9;2;1;1
252856975853;252856975870;17;2,9;2;1;1
252856975870;252856975872;2;2,9;2;1;1
252856975872;252856975876;4;2,9;2;1;1
252856975876;252856975879;3;2,9;2;1;1
252856975879;252856975883;4;2,9;2;1;1
252856975883;252856975890;7;2,9;2;1;1
252856975890;252856975894;4;2,9;2;1;1
252856975894;252856975901;7;2,9;2;1;1
252856975901;252856975902;1;2,9;2;1;1
252856975902;252856975904;2;2,9;2;1;1
252856975904;252856975913;9;2,9;2;1;1
252856975913;252856975919;6;2,9;2;1;1
252856975919;252856975928;9;2,9;2;1;1
252856975928;252856975929;1;2,9;2;1;1
252856975929;252856975939;10;2,9;2;1;1
252856975939;252856975944;5;2,9;2;1;1
252856975944;252856975952;8;2,9;2;1;1
252856975952;252856975955;3;2,9;2;1;1
252856975955;252856975959;4;2,9;2;1;1
252856975959;252856975965;6;2,9;2;1;1
252856975965;252856975970;5;2,9;2;1;1
252856975970;252856975973;3;2,9;2;1;1
252856975973;252856975974;1;2,9;2;1;1
252856975974;252856975988;14;2,9;2;1;1
252856975988;252856975994;6;2,9;2;1;1
252856975994;252856976004;10;2,9;2;1;1
252856976004;252856976019;15;2,9;2;1;1
252856976019;252856976020;1;2,9;2;1;1
252856976020;252856976021;1;2,9;2;1;1
252856976021;252856976027;6;2,9;2;1;1
252856976027;252856976030;3;2,9;2;1;1
252856976030;252856976031;1;2,9;2;1;1
252856976031;252856976037;6;2,9;2;1;1
252856976037;252856976044;7;2,9;2;1;1
252856976044;252856976050;6;2,9;2;1;1
252856976050;252856976055;5;2,9;2;1;1
252856976055;252856976056;1;2,9;2;1;1
252856976056;252856976062;6;2,9;2;1;1
252856976062;252856976064;2;2,9;2;1;1
252856976064;252856976065;1;2,9;2;1;1
252856976065;252856976082;17;2,9;2;1;1
252856976082;252856976091;9;2,9;2;1;1
252856976091;252856976093;2;2,9;2;1;1
252856976093;252856976103;10;2,9;2;1;1
252856976103;252856976107;4;2,9;2;1;1
252856976107;252856976110;3;2,9;2;1;1
252856976110;252856976113;3;2,9;2;1;1
252856976113;252856976124;11;2,9;2;1;1
252856976124;252856976127;3;2,9;2;1;1
252856976127;252856976130;3;2,9;2;1;1
252856976130;252856976145;15;2,9;2;1;1
252856976145;252856976150;5;2,9;2;1;1
252856976150;252856976159;9;2,9;2;1;1
252856976159;252856976164;5;2,9;2;1;1
252856976164;252856976166;2;2,9;2;1;1
252856976166;252856976167;1;2,9;2;1;1
252856976167;252856976168;1;2,9;2;1;1
252856976168;252856976180;12;2,9;2;1;1
252856976180;252856976184;4;2,9;2;1;1
252856976184;252856976193;9;2,9;2;1;1
252856976193;252856976197;4;2,9;2;1;1
252856976197;252856976198;1;2,9;2;1;1
252856976198;252856976203;5;2,9;2;1;1
252856976203;252856976204;1;2,9;2;1;1
252856976204;252856976210;6;2,9;2;1;1
252856976210;252856976214;4;2,9;2;1;1
252856976214;252856976219;5;2,9;2;1;1
252856976219;252856976220;1;2,9;2;1;1
252856976220;252856976232;12;2,9;2;1;1
252856976232;252856976242;10;2,9;2;1;1
252856976242;252856976245;3;2,9;2;1;1
252856976245;252856976246;1;2,9;2;1;1
252856976246;252856976259;13;2,9;2;1;1
252856976259;252856976260;1;2,9;2;1;1
252856976260;252856976261;1;2,9;2;1;1
252856976261;252856976269;8;2,9;2;1;1
252856976269;252856976275;6;2,9;2;1;1
252856976275;252856976282;7;2,9;2;1;1
252856976282;252856976287;5;2,9;2;1;1
252856976287;252856976291;4;2,9;2;1;1
252856976291;252856976300;9;2,9;2;1;1
252856976300;252856976302;2;2,9;2;1;1
252856976302;252856976303;1;2,9;2;1;1
252856976303;252856976311;8;2,9;2;1;1
252856976311;252856976315;4;2,9;2;1;1
252856976315;252856976326;11;2,9;2;1;1
252856976326;252856976329;3;2,9;2;1;1
252856976329;252856976346;17;2,9;2;1;1
252856976346;252856976347;1;2,9;2;1;1
252856976347;252856976349;2;2,9;2;1;1
252856976349;252856976353;4;2,9;2;1;1
252856976353;252856976355;2;2,9;2;1;1
252856976355;252856976367;12;2,9;2;1;1
252856976367;252856976371;4;2,9;2;1;1
252856976371;252856976375;4;2,9;2;1;1
252856976375;252856976377;2;2,9;2;1;1
252856976377;252856976378;1;2,9;2;1;1
252856976378;252856976383;5;2,9;2;1;1
252856976383;252856976387;4;2,9;2;1;1
252856976387;252856976389;2;2,9;2;1;1
252856976389;252856976396;7;2,9;2;1;1
252856976396;252856976402;6;2,9;2;1;1
252856976402;252856976405;3;2,9;2;1;1
252856976405;252856976408;3;2,9;2;1;1
252856976408;252856976426;18;2,9;2;1;1
252856976426;252856976429;3;2,9;2;1;1
252856976429;252856976431;2;2,9;2;1;1
252856976431;252856976439;8;2,9;2;1;1
252856976439;252856976440;1;2,9;2;1;1
252856976440;252856976443;3;2,9;2;1;1
252856976443;252856976450;7;2,9;2;1;1
252856976450;252856976455;5;2,9;2;1;1
252856976455;252856976470;15;2,9;2;1;1
252856976470;252856976473;3;2,9;2;1;1
252856976473;252856976479;6;2,9;2;1;1
252856976479;252856976487;8;2,9;2;1;1
252856976487;252856976489;2;2,9;2;1;1
252856976489;252856976495;6;2,9;2;1;1
252856976495;252856976499;4;2,9;2;1;1
252856976499;252856976501;2;2,9;2;1;1
252856976501;252856976509;8;2,9;2;1;1
252856976509;252856976511;2;2,9;2;1;1
252856976511;252856976519;8;2,9;2;1;1
252856976519;252856976521;2;2,9;2;1;1
252856976521;252856976524;3;2,9;2;1;1
252856976524;252856976529;5;2,9;2;1;1
252856976529;252856976545;16;2,9;2;1;1
252856976545;252856976551;6;2,9;2;1;1
252856976551;252856976552;1;2,9;2;1;1
252856976552;252856976556;4;2,9;2;1;1
252856976556;252856976558;2;2,9;2;1;1
252856976558;252856976561;3;2,9;2;1;1
252856976561;252856976563;2;2,9;2;1;1
252856976563;252856976573;10;2,9;2;1;1
252856976573;252856976578;5;2,9;2;1;1
252856976578;252856976581;3;2,9;2;1;1
252856976581;252856976582;1;2,9;2;1;1
252856976582;252856976586;4;2,9;2;1;1
252856976586;252856976602;16;2,9;2;1;1
252856976602;252856976603;1;2,9;2;1;1
252856976603;252856976605;2;2,9;2;1;1
252856976605;252856976608;3;2,9;2;1;1
252856976608;252856976615;7;2,9;2;1;1
252856976615;252856976616;1;2,9;2;1;1
252856976616;252856976619;3;2,9;2;1;1
252856976619;252856976626;7;2,9;2;1;1
252856976626;252856976633;7;2,9;2;1;1
252856976633;252856976648;15;2,9;2;1;1
252856976648;252856976661;13;2,9;2;1;1
252856976661;252856976662;1;2,9;2;1;1
252856976662;252856976666;4;2,9;2;1;1
252856976666;252856976667;1;2,9;2;1;1
252856976667;252856976670;3;2,9;2;1;1
252856976670;252856976677;7;2,9;2;1;1
252856976677;252856976693;16;2,9;2;1;1
252856976693;252856976698;5;2,9;2;1;1
252856976698;252856976705;7;2,9;2;1;1
252856976705;252856976721;16;2,9;2;1;1
252856976721;252856976726;5;2,9;2;1;1
252856976726;252856976728;2;2,9;2;1;1
252856976728;252856976735;7;2,9;2;1;1
252856976735;252856976736;1;2,9;2;1;1
252856976736;252856976762;26;2,9;2;1;1
252856976762;252856976776;14;2,9;2;1;1
252856976776;252856976777;1;2,9;2;1;1
252856976777;252856976793;16;2,9;2;1;1
252856976793;252856976795;2;2,9;2;1;1
252856976795;252856976797;2;2,9;2;1;1
252856976797;252856976801;4;2,9;2;1;1
252856976801;252856976812;11;2,9;2;1;1
252856976812;252856976825;13;2,9;2;1;1
252856976825;252856976833;8;2,9;2;1;1
252856976833;252856976843;10;2,9;2;1;1
252856976843;252856976855;12;2,9;2;1;1
252856976855;252856976857;2;2,9;2;1;1
252856976857;252856976860;3;2,9;2;1;1
252856976860;252856976868;8;2,9;2;1;1
252856976868;252856976873;5;2,9;2;1;1
252856976873;252856976879;6;2,9;2;1;1
252856976879;252856976884;5;2,9;2;1;1
252856976884;252856976893;9;2,9;2;1;1
252856976893;252856976895;2;2,9;2;1;1
252856976895;252856976899;4;2,9;2;1;1
252856976899;252856976906;7;2,9;2;1;1
252856976906;252856976914;8;2,9;2;1;1
252856976914;252856976916;2;2,9;2;1;1
252856976916;252856976919;3;2,9;2;1;1
252856976919;252856976921;2;2,9;2;1;1
252856976921;252856976925;4;2,9;2;1;1
252856976925;252856976929;4;2,9;2;1;1
252856976929;252856976943;14;2,9;2;1;1
252856976943;252856976950;7;2,9;2;1;1
252856976950;252856976958;8;2,9;2;1;1
252856976958;252856976970;12;2,9;2;1;1
252856976970;252856976972;2;2,9;2;1;1
252856976972;252856976980;8;2,9;2;1;1
252856976980;252856976983;3;2,9;2;1;1
252856976983;252856976984;1;2,9;2;1;1
252856976984;252856977011;27;2,9;2;1;1
252856977011;252856977018;7;2,9;2;1;1
252856977018;252856977036;18;2,9;2;1;1
252856977036;252856977041;5;2,9;2;1;1
252856977041;252856977082;41;2,9;2;1;1
252856977082;252856977086;4;2,9;2;1;1
252856977086;252856977096;10;2,9;2;1;1
252856977096;252856977122;26;2,9;2;1;1
252856977122;252856977125;3;2,9;2;1;1
252856977125;252856977131;6;2,9;2;1;1
252856977131;252856977141;10;2,9;2;1;1
252856977141;252856977163;22;2,9;2;1;1
252856977163;252856977183;20;2,9;2;1;1
252856977183;252856977186;3;2,9;2;1;1
252856977186;252856977190;4;2,9;2;1;1
252856977190;252856977196;6;2,9;2;1;1
252856977196;252856977201;5;2,9;2;1;1
252856977201;252856977202;1;2,9;2;1;1
252856977202;252856977204;2;2,9;2;1;1
252856977204;252856977207;3;2,9;2;1;1
252856977207;252856977214;7;2,9;2;1;1
252856977214;252856977220;6;2,9;2;1;1
252856977220;252856977235;15;2,9;2;1;1
252856977235;252856977252;17;2,9;2;1;1
252856977252;252856977278;26;2,9;2;1;1
252856977278;252856977280;2;2,9;2;1;1
252856977280;252856977287;7;2,9;2;1;1
252856977287;252856977297;10;2,9;2;1;1
252856977297;252856977304;7;2,9;2;1;1
252856977304;252856977311;7;2,9;2;1;1
252856977311;252856977331;20;2,9;2;1;1
252856977331;252856977333;2;2,9;2;1;1
252856977333;252856977340;7;2,9;2;1;1
252856977340;252856977349;9;2,9;2;1;1
252856977349;252856977352;3;2,9;2;1;1
252856977352;252856977353;1;2,9;2;1;1
252856977353;252856977366;13;2,9;2;1;1
252856977366;252856977368;2;2,9;2;1;1
252856977368;252856977369;1;2,9;2;1;1
252856977369;252856977379;10;2,9;2;1;1
252856977379;252856977386;7;2,9;2;1;1
252856977386;252856977403;17;2,9;2;1;1
252856977403;252856977405;2;2,9;2;1;1
252856977405;252856977417;12;2,9;2;1;1
252856977417;252856977422;5;2,9;2;1;1
252856977422;252856977426;4;2,9;2;1;1
252856977426;252856977433;7;2,9;2;1;1
252856977433;252856977435;2;2,9;2;1;1
252856977435;252856977439;4;2,9;2;1;1
252856977439;252856977444;5;2,9;2;1;1
252856977444;252856977456;12;2,9;2;1;1
252856977456;252856977458;2;2,9;2;1;1
252856977458;252856977461;3;2,9;2;1;1
252856977461;252856977480;19;2,9;2;1;1
252856977480;252856977483;3;2,9;2;1;1
252856977483;252856977488;5;2,9;2;1;1
252856977488;252856977507;19;2,9;2;1;1
252856977507;252856977521;14;2,9;2;1;1
252856977521;252856977522;1;2,9;2;1;1
252856977522;252856977523;1;2,9;2;1;1
252856977523;252856977530;7;2,9;2;1;1
252856977530;252856977532;2;2,9;2;1;1
252856977532;252856977538;6;2,9;2;1;1
252856977538;252856977551;13;2,9;2;1;1
252856977551;252856977560;9;2,9;2;1;1
252856977560;252856977565;5;2,9;2;1;1
252856977565;252856977568;3;2,9;2;1;1
252856977568;252856977571;3;2,9;2;1;1
252856977571;252856977585;14;2,9;2;1;1
252856977585;252856977587;2;2,9;2;1;1
252856977587;252856977588;1;2,9;2;1;1
252856977588;252856977592;4;2,9;2;1;1
252856977592;252856977623;31;2,9;2;1;1
252856977623;252856977625;2;2,9;2;1;1
252856977625;252856977649;24;2,9;2;1;1
252856977649;252856977655;6;2,9;2;1;1
252856977655;252856977656;1;2,9;2;1;1
252856977656;252856977661;5;2,9;2;1;1
252856977661;252856977662;1;2,9;2;1;1
252856977662;252856977664;2;2,9;2;1;1
252856977664;252856977665;1;2,9;2;1;1
252856977665;252856977679;14;2,9;2;1;1
252856977679;252856977706;27;2,9;2;1;1
252856977706;252856977721;15;2,9;2;1;1
252856977721;252856977725;4;2,9;2;1;1
252856977725;252856977736;11;2,9;2;1;1
252856977736;252856977743;7;2,9;2;1;1
252856977743;252856977746;3;2,9;2;1;1
252856977746;252856977761;15;2,9;2;1;1
252856977761;252856977767;6;2,9;2;1;1
252856977767;252856977787;20;2,9;2;1;1
252856977787;252856977803;16;2,9;2;1;1
252856977803;252856977808;5;2,9;2;1;1
252856977808;252856977812;4;2,9;2;1;1
252856977812;252856977825;13;2,9;2;1;1
252856977825;252856977826;1;2,9;2;1;1
252856977826;252856977828;2;2,9;2;1;1
252856977828;252856977830;2;2,9;2;1;1
252856977830;252856977835;5;2,9;2;1;1
252856977835;252856977839;4;2,9;2;1;1
252856977839;252856977854;15;2,9;2;1;1
252856977854;252856977856;2;2,9;2;1;1
252856977856;252856977862;6;2,9;2;1;1
252856977862;252856977883;21;2,9;2;1;1
252856977883;252856977887;4;2,9;2;1;1
252856977887;252856977897;10;2,9;2;1;1
252856977897;252856977904;7;2,9;2;1;1
252856977904;252856977927;23;2,9;2;1;1
252856977927;252856977928;1;2,9;2;1;1
252856977928;252856977937;9;2,9;2;1;1
252856977937;252856977944;7;2,9;2;1;1
252856977944;252856977952;8;2,9;2;1;1
252856977952;252856977971;19;2,9;2;1;1
252856977971;252856977972;1;2,9;2;1;1
252856977972;252856977979;7;2,9;2;1;1
252856977979;252856977983;4;2,9;2;1;1
252856977983;252856977986;3;2,9;2;1;1
252856977986;252856977993;7;2,9;2;1;1
252856977993;252856978005;12;2,9;2;1;1
252856978005;252856978009;4;2,9;2;1;1
252856978009;252856978014;5;2,9;2;1;1
252856978014;252856978015;1;2,9;2;1;1
252856978015;252856978023;8;2,9;2;1;1
252856978023;252856978032;9;2,9;2;1;1
252856978032;252856978042;10;2,9;2;1;1
252856978042;252856978052;10;2,9;2;1;1
252856978052;252856978053;1;2,9;2;1;1
252856978053;252856978058;5;2,9;2;1;1
252856978058;252856978064;6;2,9;2;1;1
252856978064;252856978068;4;2,9;2;1;1
252856978068;252856978070;2;2,9;2;1;1
252856978070;252856978077;7;2,9;2;1;1
252856978077;252856978089;12;2,9;2;1;1
252856978089;252856978102;13;2,9;2;1;1
252856978102;252856978112;10;2,9;2;1;1
252856978112;252856978113;1;2,9;2;1;1
252856978113;252856978118;5;2,9;2;1;1
252856978118;252856978119;1;2,9;2;1;1
252856978119;252856978133;14;2,9;2;1;1
252856978133;252856978142;9;2,9;2;1;1
252856978142;252856978145;3;2,9;2;1;1
252856978145;252856978148;3;2,9;2;1;1
252856978148;252856978149;1;2,9;2;1;1
252856978149;252856978158;9;2,9;2;1;1
252856978158;252856978159;1;2,9;2;1;1
252856978159;252856978160;1;2,9;2;1;1
252856978160;252856978169;9;2,9;2;1;1
252856978169;252856978180;11;2,9;2;1;1
252856978180;252856978185;5;2,9;2;1;1
252856978185;252856978186;1;2,9;2;1;1
252856978186;252856978192;6;2,9;2;1;1
252856978192;252856978197;5;2,9;2;1;1
252856978197;252856978199;2;2,9;2;1;1
252856978199;252856978201;2;2,9;2;1;1
252856978201;252856978213;12;2,9;2;1;1
252856978213;252856978219;6;2,9;2;1;1
252856978219;252856978225;6;2,9;2;1;1
252856978225;252856978228;3;2,9;2;1;1
252856978228;252856978234;6;2,9;2;1;1
252856978234;252856978241;7;2,9;2;1;1
252856978241;252856978244;3;2,9;2;1;1
252856978244;252856978247;3;2,9;2;1;1
252856978247;252856978251;4;2,9;2;1;1
252856978251;252856978256;5;2,9;2;1;1
252856978256;252856978261;5;2,9;2;1;1
252856978261;252856978278;17;2,9;2;1;1
252856978278;252856978291;13;2,9;2;1;1
252856978291;252856978297;6;2,9;2;1;1
252856978297;252856978299;2;2,9;2;1;1
252856978299;252856978303;4;2,9;2;1;1
252856978303;252856978315;12;2,9;2;1;1
252856978315;252856978316;1;2,9;2;1;1
252856978316;252856978329;13;2,9;2;1;1
252856978329;252856978333;4;2,9;2;1;1
252856978333;252856978337;4;2,9;2;1;1
252856978337;252856978352;15;2,9;2;1;1
252856978352;252856978353;1;2,9;2;1;1
252856978353;252856978354;1;2,9;2;1;1
252856978354;252856978365;11;2,9;2;1;1
252856978365;252856978366;1;2,9;2;1;1
252856978366;252856978385;19;2,9;2;1;1
252856978385;252856978389;4;2,9;2;1;1
252856978389;252856978391;2;2,9;2;1;1
252856978391;252856978395;4;2,9;2;1;1
252856978395;252856978398;3;2,9;2;1;1
252856978398;252856978411;13;2,9;2;1;1
252856978411;252856978417;6;2,9;2;1;1
252856978417;252856978429;12;2,9;2;1;1
252856978429;252856978434;5;2,9;2;1;1
252856978434;252856978455;21;2,9;2;1;1
252856978455;252856978460;5;2,9;2;1;1
252856978460;252856978462;2;2,9;2;1;1
252856978462;252856978479;17;2,9;2;1;1
252856978479;252856978486;7;2,9;2;1;1
252856978486;252856978487;1;2,9;2;1;1
252856978487;252856978492;5;2,9;2;1;1
252856978492;252856978496;4;2,9;2;1;1
252856978496;252856978499;3;2,9;2;1;1
252856978499;252856978500;1;2,9;2;1;1
252856978500;252856978518;18;2,9;2;1;1
252856978518;252856978522;4;2,9;2;1;1
252856978522;252856978530;8;2,9;2;1;1
252856978530;252856978532;2;2,9;2;1;1
252856978532;252856978535;3;2,9;2;1;1
252856978535;252856978547;12;2,9;2;1;1
252856978547;252856978549;2;2,9;2;1;1
252856978549;252856978563;14;2,9;2;1;1
252856978563;252856978573;10;2,9;2;1;1
252856978573;252856978577;4;2,9;2;1;1
252856978577;252856978599;22;2,9;2;1;1
252856978599;252856978600;1;2,9;2;1;1
252856978600;252856978608;8;2,9;2;1;1
252856978608;252856978609;1;2,9;2;1;1
252856978609;252856978610;1;2,9;2;1;1
252856978610;252856978614;4;2,9;2;1;1
252856978614;252856978620;6;2,9;2;1;1
252856978620;252856978625;5;2,9;2;1;1
252856978625;252856978632;7;2,9;2;1;1
252856978632;252856978637;5;2,9;2;1;1
252856978637;252856978644;7;2,9;2;1;1
252856978644;252856978654;10;2,9;2;1;1
252856978654;252856978664;10;2,9;2;1;1
252856978664;252856978667;3;2,9;2;1;1
252856978667;252856978674;7;2,9;2;1;1
252856978674;252856978680;6;2,9;2;1;1
252856978680;252856978683;3;2,9;2;1;1
252856978683;252856978685;2;2,9;2;1;1
252856978685;252856978703;18;2,9;2;1;1
252856978703;252856978704;1;2,9;2;1;1
252856978704;252856978706;2;2,9;2;1;1
252856978706;252856978711;5;2,9;2;1;1
252856978711;252856978713;2;2,9;2;1;1
252856978713;252856978714;1;2,9;2;1;1
252856978714;252856978716;2;2,9;2;1;1
252856978716;252856978725;9;2,9;2;1;1
252856978725;252856978726;1;2,9;2;1;1
252856978726;252856978728;2;2,9;2;1;1
252856978728;252856978756;28;2,9;2;1;1
252856978756;252856978786;30;2,9;2;1;1
252856978786;252856978789;3;2,9;2;1;1
252856978789;252856978793;4;2,9;2;1;1
252856978793;252856978795;2;2,9;2;1;1
252856978795;252856978796;1;2,9;2;1;1
252856978796;252856978797;1;2,9;2;1;1
252856978797;252856978821;24;2,9;2;1;1
252856978821;252856978828;7;2,9;2;1;1
252856978828;252856978829;1;2,9;2;1;1
252856978829;252856978860;31;2,9;2;1;1
252856978860;252856978863;3;2,9;2;1;1
252856978863;252856978872;9;2,9;2;1;1
252856978872;252856978874;2;2,9;2;1;1
252856978874;252856978886;12;2,9;2;1;1
252856978886;252856978893;7;2,9;2;1;1
252856978893;252856978898;5;2,9;2;1;1
252856978898;252856978914;16;2,9;2;1;1
252856978914;252856978951;37;2,9;2;1;1
252856978951;252856978952;1;2,9;2;1;1
252856978952;252856978961;9;2,9;2;1;1
252856978961;252856978974;13;2,9;2;1;1
252856978974;252856978977;3;2,9;2;1;1
252856978977;252856978981;4;2,9;2;1;1
252856978981;252856978984;3;2,9;2;1;1
252856978984;252856978987;3;2,9;2;1;1
252856978987;252856978992;5;2,9;2;1;1
252856978992;252856978994;2;2,9;2;1;1
252856978994;252856979009;15;2,9;2;1;1
252856979009;252856979012;3;2,9;2;1;1
252856979012;252856979017;5;2,9;2;1;1
252856979017;252856979021;4;2,9;2;1;1
252856979021;252856979031;10;2,9;2;1;1
252856979031;252856979049;18;2,9;2;1;1
252856979049;252856979079;30;2,9;2;1;1
252856979079;252856979081;2;2,9;2;1;1
252856979081;252856979092;11;2,9;2;1;1
252856979092;252856979093;1;2,9;2;1;1
252856979093;252856979094;1;2,9;2;1;1
252856979094;252856979096;2;2,9;2;1;1
252856979096;252856979130;34;2,9;2;1;1
252856979130;252856979147;17;2,9;2;1;1
252856979147;252856979149;2;2,9;2;1;1
252856979149;252856979160;11;2,9;2;1;1
252856979160;252856979164;4;2,9;2;1;1
252856979164;252856979171;7;2,9;2;1;1
252856979171;252856979173;2;2,9;2;1;1
252856979173;252856979190;17;2,9;2;1;1
252856979190;252856979196;6;2,9;2;1;1
252856979196;252856979221;25;2,9;2;1;1
252856979221;252856979228;7;2,9;2;1;1
252856979228;252856979234;6;2,9;2;1;1
252856979234;252856979250;16;2,9;2;1;1
252856979250;252856979252;2;2,9;2;1;1
252856979252;252856979257;5;2,9;2;1;1
252856979257;252856979264;7;2,9;2;1;1
252856979264;252856979271;7;2,9;2;1;1
252856979271;252856979279;8;2,9;2;1;1
252856979279;252856979290;11;2,9;2;1;1
252856979290;252856979315;25;2,9;2;1;1
252856979315;252856979318;3;2,9;2;1;1
252856979318;252856979384;66;2,9;2;1;1
252856979384;252856979387;3;2,9;2;1;1
252856979387;252856979391;4;2,9;2;1;1
252856979391;252856979398;7;2,9;2;1;1
252856979398;252856979415;17;2,9;2;1;1
252856979415;252856979429;14;2,9;2;1;1
252856979429;252856979472;43;2,9;2;1;1
252856979472;252856979491;19;2,9;2;1;1
252856979491;252856979493;2;2,9;2;1;1
252856979493;252856979504;11;2,9;2;1;1
252856979504;252856979510;6;2,9;2;1;1
252856979510;252856979518;8;2,9;2;1;1
252856979518;252856979526;8;2,9;2;1;1
252856979526;252856979542;16;2,9;2;1;1
252856979542;252856979554;12;2,9;2;1;1
252856979554;252856979555;1;2,9;2;1;1
252856979555;252856979560;5;2,9;2;1;1
252856979560;252856979566;6;2,9;2;1;1
252856979566;252856979568;2;2,9;2;1;1
252856979568;252856979583;15;2,9;2;1;1
252856979583;252856979584;1;2,9;2;1;1
252856979584;252856979586;2;2,9;2;1;1
252856979586;252856979596;10;2,9;2;1;1
252856979596;252856979627;31;2,9;2;1;1
252856979627;252856979631;4;2,9;2;1;1
252856979631;252856979637;6;2,9;2;1;1
252856979637;252856979640;3;2,9;2;1;1
252856979640;252856979641;1;2,9;2;1;1
252856979641;252856979652;11;2,9;2;1;1
252856979652;252856979653;1;2,9;2;1;1
252856979653;252856979662;9;2,9;2;1;1
252856979662;252856979664;2;2,9;2;1;1
252856979664;252856979667;3;2,9;2;1;1
252856979667;252856979669;2;2,9;2;1;1
252856979669;252856979670;1;2,9;2;1;1
252856979670;252856979679;9;2,9;2;1;1
252856979679;252856979681;2;2,9;2;1;1
252856979681;252856979694;13;2,9;2;1;1
252856979694;252856979695;1;2,9;2;1;1
252856979695;252856979699;4;2,9;2;1;1
252856979699;252856979708;9;2,9;2;1;1
252856979708;252856979709;1;2,9;2;1;1
252856979709;252856979711;2;2,9;2;1;1
252856979711;252856979716;5;2,9;2;1;1
252856979716;252856979740;24;2,9;2;1;1
252856979740;252856979743;3;2,9;2;1;1
252856979743;252856979747;4;2,9;2;1;1
252856979747;252856979748;1;2,9;2;1;1
252856979748;252856979750;2;2,9;2;1;1
252856979750;252856979756;6;2,9;2;1;1
252856979756;252856979760;4;2,9;2;1;1
252856979760;252856979769;9;2,9;2;1;1
252856979769;252856979777;8;2,9;2;1;1
252856979777;252856979778;1;2,9;2;1;1
252856979778;252856979784;6;2,9;2;1;1
252856979784;252856979794;10;2,9;2;1;1
252856979794;252856979802;8;2,9;2;1;1
252856979802;252856979804;2;2,9;2;1;1
252856979804;252856979811;7;2,9;2;1;1
252856979811;252856979825;14;2,9;2;1;1
252856979825;252856979826;1;2,9;2;1;1
252856979826;252856979835;9;2,9;2;1;1
252856979835;252856979836;1;2,9;2;1;1
252856979836;252856979844;8;2,9;2;1;1
252856979844;252856979846;2;2,9;2;1;1
252856979846;252856979850;4;2,9;2;1;1
252856979850;252856979853;3;2,9;2;1;1
252856979853;252856979863;10;2,9;2;1;1
252856979863;252856979864;1;2,9;2;1;1
252856979864;252856979868;4;2,9;2;1;1
252856979868;252856979873;5;2,9;2;1;1
252856979873;252856979874;1;2,9;2;1;1
252856979874;252856979885;11;2,9;2;1;1
252856979885;252856979888;3;2,9;2;1;1
252856979888;252856979889;1;2,9;2;1;1
252856979889;252856979890;1;2,9;2;1;1
252856979890;252856979895;5;2,9;2;1;1
252856979895;252856979896;1;2,9;2;1;1
252856979896;252856979911;15;2,9;2;1;1
252856979911;252856979916;5;2,9;2;1;1
252856979916;252856979917;1;2,9;2;1;1
252856979917;252856979946;29;2,9;2;1;1
252856979946;252856979955;9;2,9;2;1;1
252856979955;252856979962;7;2,9;2;1;1
252856979962;252856979973;11;2,9;2;1;1
252856979973;252856979979;6;2,9;2;1;1
252856979979;252856979985;6;2,9;2;1;1
252856979985;252856979989;4;2,9;2;1;1
252856979989;252856980016;27;2,9;2;1;1
252856980016;252856980038;22;2,9;2;1;1
252856980038;252856980044;6;2,9;2;1;1
252856980044;252856980059;15;2,9;2;1;1
252856980059;252856980066;7;2,9;2;1;1
252856980066;252856980075;9;2,9;2;1;1
252856980075;252856980090;15;2,9;2;1;1
252856980090;252856980104;14;2,9;2;1;1
252856980104;252856980109;5;2,9;2;1;1
252856980109;252856980116;7;2,9;2;1;1
252856980116;252856980126;10;2,9;2;1;1
252856980126;252856980131;5;2,9;2;1;1
252856980131;252856980158;27;2,9;2;1;1
252856980158;252856980163;5;2,9;2;1;1
252856980163;252856980174;11;2,9;2;1;1
252856980174;252856980220;46;2,9;2;1;1
252856980220;252856980221;1;2,9;2;1;1
252856980221;252856980228;7;2,9;2;1;1
252856980228;252856980229;1;2,9;2;1;1
252856980229;252856980230;1;2,9;2;1;1
252856980230;252856980237;7;2,9;2;1;1
252856980237;252856980240;3;2,9;2;1;1
252856980240;252856980242;2;2,9;2;1;1
252856980242;252856980243;1;2,9;2;1;1
252856980243;252856980256;13;2,9;2;1;1
252856980256;252856980269;13;2,9;2;1;1
252856980269;252856980285;16;2,9;2;1;1
252856980285;252856980296;11;2,9;2;1;1
252856980296;252856980297;1;2,9;2;1;1
252856980297;252856980301;4;2,9;2;1;1
252856980301;252856980337;36;2,9;2;1;1
252856980337;252856980353;16;2,9;2;1;1
252856980353;252856980354;1;2,9;2;1;1
252856980354;252856980364;10;2,9;2;1;1
252856980364;252856980371;7;2,9;2;1;1
252856980371;252856980373;2;2,9;2;1;1
252856980373;252856980388;15;2,9;2;1;1
252856980388;252856980401;13;2,9;2;1;1
252856980401;252856980403;2;2,9;2;1;1
252856980403;252856980407;4;2,9;2;1;1
252856980407;252856980416;9;2,9;2;1;1
252856980416;252856980423;7;2,9;2;1;1
252856980423;252856980431;8;2,9;2;1;1
252856980431;252856980450;19;2,9;2;1;1
252856980450;252856980452;2;2,9;2;1;1
252856980452;252856980475;23;2,9;2;1;1
252856980475;252856980478;3;2,9;2;1;1
252856980478;252856980480;2;2,9;2;1;1
252856980480;252856980494;14;2,9;2;1;1
252856980494;252856980503;9;2,9;2;1;1
252856980503;252856980506;3;2,9;2;1;1
252856980506;252856980519;13;2,9;2;1;1
252856980519;252856980525;6;2,9;2;1;1
252856980525;252856980561;36;2,9;2;1;1
252856980561;252856980568;7;2,9;2;1;1
252856980568;252856980570;2;2,9;2;1;1
252856980570;252856980576;6;2,9;2;1;1
252856980576;252856980587;11;2,9;2;1;1
252856980587;252856980588;1;2,9;2;1;1
252856980588;252856980596;8;2,9;2;1;1
252856980596;252856980598;2;2,9;2;1;1
252856980598;252856980600;2;2,9;2;1;1
252856980600;252856980616;16;2,9;2;1;1
252856980616;252856980618;2;2,9;2;1;1
252856980618;252856980626;8;2,9;2;1;1
252856980626;252856980645;19;2,9;2;1;1
252856980645;252856980651;6;2,9;2;1;1
252856980651;252856980660;9;2,9;2;1;1
252856980660;252856980663;3;2,9;2;1;1
252856980663;252856980672;9;2,9;2;1;1
252856980672;252856980681;9;2,9;2;1;1
252856980681;252856980682;1;2,9;2;1;1
252856980682;252856980690;8;2,9;2;1;1
252856980690;252856980692;2;2,9;2;1;1
252856980692;252856980708;16;2,9;2;1;1
252856980708;252856980711;3;2,9;2;1;1
252856980711;252856980719;8;2,9;2;1;1
252856980719;252856980723;4;2,9;2;1;1
252856980723;252856980739;16;2,9;2;1;1
252856980739;252856980742;3;2,9;2;1;1
252856980742;252856980746;4;2,9;2;1;1
252856980746;252856980751;5;2,9;2;1;1
252856980751;252856980760;9;2,9;2;1;1
252856980760;252856980766;6;2,9;2;1;1
252856980766;252856980767;1;2,9;2;1;1
252856980767;252856980771;4;2,9;2;1;1
252856980771;252856980774;3;2,9;2;1;1
252856980774;252856980778;4;2,9;2;1;1
252856980778;252856980784;6;2,9;2;1;1
252856980784;252856980786;2;2,9;2;1;1
252856980786;252856980790;4;2,9;2;1;1
252856980790;252856980813;23;2,9;2;1;1
252856980813;252856980822;9;2,9;2;1;1
252856980822;252856980825;3;2,9;2;1;1
252856980825;252856980833;8;2,9;2;1;1
252856980833;252856980851;18;2,9;2;1;1
252856980851;252856980856;5;2,9;2;1;1
252856980856;252856980859;3;2,9;2;1;1
252856980859;252856980863;4;2,9;2;1;1
252856980863;252856980865;2;2,9;2;1;1
252856980865;252856980881;16;2,9;2;1;1
252856980881;252856980895;14;2,9;2;1;1
252856980895;252856980899;4;2,9;2;1;1
252856980899;252856980908;9;2,9;2;1;1
252856980908;252856980916;8;2,9;2;1;1
252856980916;252856980923;7;2,9;2;1;1
252856980923;252856980926;3;2,9;2;1;1
252856980926;252856980927;1;2,9;2;1;1
252856980927;252856980934;7;2,9;2;1;1
252856980934;252856980943;9;2,9;2;1;1
252856980943;252856980946;3;2,9;2;1;1
252856980946;252856980957;11;2,9;2;1;1
252856980957;252856980973;16;2,9;2;1;1
252856980973;252856980983;10;2,9;2;1;1
252856980983;252856980984;1;2,9;2;1;1
252856980984;252856980986;2;2,9;2;1;1
252856980986;252856981002;16;2,9;2;1;1
252856981002;252856981005;3;2,9;2;1;1
252856981005;252856981009;4;2,9;2;1;1
252856981009;252856981017;8;2,9;2;1;1
252856981017;252856981038;21;2,9;2;1;1
252856981038;252856981053;15;2,9;2;1;1
252856981053;252856981056;3;2,9;2;1;1
252856981056;252856981069;13;2,9;2;1;1
252856981069;252856981075;6;2,9;2;1;1
252856981075;252856981076;1;2,9;2;1;1
252856981076;252856981080;4;2,9;2;1;1
252856981080;252856981088;8;2,9;2;1;1
252856981088;252856981107;19;2,9;2;1;1
252856981107;252856981108;1;2,9;2;1;1
252856981108;252856981114;6;2,9;2;1;1
252856981114;252856981115;1;2,9;2;1;1
252856981115;252856981124;9;2,9;2;1;1
252856981124;252856981125;1;2,9;2;1;1
252856981125;252856981128;3;2,9;2;1;1
252856981128;252856981135;7;2,9;2;1;1
252856981135;252856981136;1;2,9;2;1;1
252856981136;252856981141;5;2,9;2;1;1
252856981141;252856981152;11;2,9;2;1;1
252856981152;252856981170;18;2,9;2;1;1
252856981170;252856981184;14;2,9;2;1;1
252856981184;252856981187;3;2,9;2;1;1
252856981187;252856981204;17;2,9;2;1;1
252856981204;252856981205;1;2,9;2;1;1
252856981205;252856981211;6;2,9;2;1;1
252856981211;252856981215;4;2,9;2;1;1
252856981215;252856981224;9;2,9;2;1;1
252856981224;252856981227;3;2,9;2;1;1
252856981227;252856981231;4;2,9;2;1;1
252856981231;252856981232;1;2,9;2;1;1
252856981232;252856981242;10;2,9;2;1;1
252856981242;252856981244;2;2,9;2;1;1
252856981244;252856981245;1;2,9;2;1;1
252856981245;252856981251;6;2,9;2;1;1
252856981251;252856981260;9;2,9;2;1;1
252856981260;252856981266;6;2,9;2;1;1
252856981266;252856981279;13;2,9;2;1;1
252856981279;252856981281;2;2,9;2;1;1
252856981281;252856981282;1;2,9;2;1;1
252856981282;252856981309;27;2,9;2;1;1
252856981309;252856981310;1;2,9;2;1;1
252856981310;252856981315;5;2,9;2;1;1
252856981315;252856981337;22;2,9;2;1;1
252856981337;252856981338;1;2,9;2;1;1
252856981338;252856981345;7;2,9;2;1;1
252856981345;252856981361;16;2,9;2;1;1
252856981361;252856981364;3;2,9;2;1;1
252856981364;252856981372;8;2,9;2;1;1
252856981372;252856981377;5;2,9;2;1;1
252856981377;252856981384;7;2,9;2;1;1
252856981384;252856981415;31;2,9;2;1;1
252856981415;252856981418;3;2,9;2;1;1
252856981418;252856981427;9;2,9;2;1;1
252856981427;252856981432;5;2,9;2;1;1
252856981432;252856981434;2;2,9;2;1;1
252856981434;252856981445;11;2,9;2;1;1
252856981445;252856981446;1;2,9;2;1;1
252856981446;252856981456;10;2,9;2;1;1
252856981456;252856981470;14;2,9;2;1;1
252856981470;252856981472;2;2,9;2;1;1
252856981472;252856981474;2;2,9;2;1;1
252856981474;252856981495;21;2,9;2;1;1
252856981495;252856981501;6;2,9;2;1;1
252856981501;252856981505;4;2,9;2;1;1
252856981505;252856981512;7;2,9;2;1;1
252856981512;252856981514;2;2,9;2;1;1
252856981514;252856981522;8;2,9;2;1;1
252856981522;252856981532;10;2,9;2;1;1
252856981532;252856981539;7;2,9;2;1;1
252856981539;252856981544;5;2,9;2;1;1
252856981544;252856981547;3;2,9;2;1;1
252856981547;252856981560;13;2,9;2;1;1
252856981560;252856981564;4;2,9;2;1;1
252856981564;252856981586;22;2,9;2;1;1
252856981586;252856981612;26;2,9;2;1;1
252856981612;252856981613;1;2,9;2;1;1
252856981613;252856981651;38;2,9;2;1;1
252856981651;252856981663;12;2,9;2;1;1
252856981663;252856981673;10;2,9;2;1;1
252856981673;252856981704;31;2,9;2;1;1
252856981704;252856981708;4;2,9;2;1;1
252856981708;252856981715;7;2,9;2;1;1
252856981715;252856981717;2;2,9;2;1;1
252856981717;252856981733;16;2,9;2;1;1
252856981733;252856981740;7;2,9;2;1;1
252856981740;252856981745;5;2,9;2;1;1
252856981745;252856981752;7;2,9;2;1;1
252856981752;252856981768;16;2,9;2;1;1
252856981768;252856981774;6;2,9;2;1;1
252856981774;252856981775;1;2,9;2;1;1
252856981775;252856981784;9;2,9;2;1;1
252856981784;252856981802;18;2,9;2;1;1
252856981802;252856981813;11;2,9;2;1;1
252856981813;252856981832;19;2,9;2;1;1
252856981832;252856981839;7;2,9;2;1;1
252856981839;252856981861;22;2,9;2;1;1
252856981861;252856981867;6;2,9;2;1;1
252856981867;252856981874;7;2,9;2;1;1
252856981874;252856981890;16;2,9;2;1;1
252856981890;252856981911;21;2,9;2;1;1
252856981911;252856981917;6;2,9;2;1;1
252856981917;252856981920;3;2,9;2;1;1
252856981920;252856981932;12;2,9;2;1;1
252856981932;252856981948;16;2,9;2;1;1
252856981948;252856981960;12;2,9;2;1;1
252856981960;252856981970;10;2,9;2;1;1
252856981970;252856981975;5;2,9;2;1;1
252856981975;252856981983;8;2,9;2;1;1
252856981983;252856981987;4;2,9;2;1;1
252856981987;252856981993;6;2,9;2;1;1
252856981993;252856982001;8;2,9;2;1;1
252856982001;252856982008;7;2,9;2;1;1
252856982008;252856982009;1;2,9;2;1;1
252856982009;252856982014;5;2,9;2;1;1
252856982014;252856982019;5;2,9;2;1;1
252856982019;252856982026;7;2,9;2;1;1
252856982026;252856982027;1;2,9;2;1;1
252856982027;252856982030;3;2,9;2;1;1
252856982030;252856982034;4;2,9;2;1;1
252856982034;252856982040;6;2,9;2;1;1
252856982040;252856982047;7;2,9;2;1;1
252856982047;252856982049;2;2,9;2;1;1
252856982049;252856982051;2;2,9;2;1;1
252856982051;252856982058;7;2,9;2;1;1
252856982058;252856982065;7;2,9;2;1;1
252856982065;252856982066;1;2,9;2;1;1
252856982066;252856982070;4;2,9;2;1;1
252856982070;252856982071;1;2,9;2;1;1
252856982071;252856982079;8;2,9;2;1;1
252856982079;252856982080;1;2,9;2;1;1
252856982080;252856982086;6;2,9;2;1;1
252856982086;252856982087;1;2,9;2;1;1
252856982087;252856982095;8;2,9;2;1;1
252856982095;252856982105;10;2,9;2;1;1
252856982105;252856982114;9;2,9;2;1;1
252856982114;252856982123;9;2,9;2;1;1
252856982123;252856982132;9;2,9;2;1;1
252856982132;252856982143;11;2,9;2;1;1
252856982143;252856982148;5;2,9;2;1;1
252856982148;252856982149;1;2,9;2;1;1
252856982149;252856982166;17;2,9;2;1;1
252856982166;252856982169;3;2,9;2;1;1
252856982169;252856982190;21;2,9;2;1;1
252856982190;252856982197;7;2,9;2;1;1
252856982197;252856982198;1;2,9;2;1;1
252856982198;252856982205;7;2,9;2;1;1
252856982205;252856982212;7;2,9;2;1;1
252856982212;252856982214;2;2,9;2;1;1
252856982214;252856982217;3;2,9;2;1;1
252856982217;252856982231;14;2,9;2;1;1
252856982231;252856982232;1;2,9;2;1;1
252856982232;252856982239;7;2,9;2;1;1
252856982239;252856982245;6;2,9;2;1;1
252856982245;252856982261;16;2,9;2;1;1
252856982261;252856982271;10;2,9;2;1;1
252856982271;252856982277;6;2,9;2;1;1
252856982277;252856982280;3;2,9;2;1;1
252856982280;252856982296;16;2,9;2;1;1
252856982296;252856982300;4;2,9;2;1;1
252856982300;252856982313;13;2,9;2;1;1
252856982313;252856982314;1;2,9;2;1;1
252856982314;252856982326;12;2,9;2;1;1
252856982326;252856982328;2;2,9;2;1;1
252856982328;252856982335;7;2,9;2;1;1
252856982335;252856982351;16;2,9;2;1;1
252856982351;252856982374;23;2,9;2;1;1
252856982374;252856982378;4;2,9;2;1;1
252856982378;252856982393;15;2,9;2;1;1
252856982393;252856982397;4;2,9;2;1;1
252856982397;252856982401;4;2,9;2;1;1
252856982401;252856982407;6;2,9;2;1;1
252856982407;252856982413;6;2,9;2;1;1
252856982413;252856982419;6;2,9;2;1;1
252856982419;252856982430;11;2,9;2;1;1
252856982430;252856982446;16;2,9;2;1;1
252856982446;252856982457;11;2,9;2;1;1
252856982457;252856982458;1;2,9;2;1;1
252856982458;252856982464;6;2,9;2;1;1
252856982464;252856982478;14;2,9;2;1;1
252856982478;252856982494;16;2,9;2;1;1
252856982494;252856982499;5;2,9;2;1;1
252856982499;252856982500;1;2,9;2;1;1
252856982500;252856982506;6;2,9;2;1;1
252856982506;252856982518;12;2,9;2;1;1
252856982518;252856982523;5;2,9;2;1;1
252856982523;252856982542;19;2,9;2;1;1
252856982542;252856982552;10;2,9;2;1;1
252856982552;252856982553;1;2,9;2;1;1
252856982553;252856982566;13;2,9;2;1;1
252856982566;252856982579;13;2,9;2;1;1
252856982579;252856982585;6;2,9;2;1;1
252856982585;252856982600;15;2,9;2;1;1
252856982600;252856982605;5;2,9;2;1;1
252856982605;252856982609;4;2,9;2;1;1
252856982609;252856982611;2;2,9;2;1;1
252856982611;252856982618;7;2,9;2;1;1
252856982618;252856982619;1;2,9;2;1;1
252856982619;252856982633;14;2,9;2;1;1
252856982633;252856982639;6;2,9;2;1;1
252856982639;252856982676;37;2,9;2;1;1
252856982676;252856982680;4;2,9;2;1;1
252856982680;252856982689;9;2,9;2;1;1
252856982689;252856982693;4;2,9;2;1;1
252856982693;252856982707;14;2,9;2;1;1
252856982707;252856982708;1;2,9;2;1;1
252856982708;252856982712;4;2,9;2;1;1
252856982712;252856982724;12;2,9;2;1;1
252856982724;252856982726;2;2,9;2;1;1
252856982726;252856982728;2;2,9;2;1;1
252856982728;252856982739;11;2,9;2;1;1
252856982739;252856982756;17;2,9;2;1;1
252856982756;252856982758;2;2,9;2;1;1
252856982758;252856982767;9;2,9;2;1;1
252856982767;252856982768;1;2,9;2;1;1
252856982768;252856982785;17;2,9;2;1;1
252856982785;252856982789;4;2,9;2;1;1
252856982789;252856982803;14;2,9;2;1;1
252856982803;252856982805;2;2,9;2;1;1
252856982805;252856982810;5;2,9;2;1;1
252856982810;252856982821;11;2,9;2;1;1
252856982821;252856982841;20;2,9;2;1;1
252856982841;252856982845;4;2,9;2;1;1
252856982845;252856982847;2;2,9;2;1;1
252856982847;252856982871;24;2,9;2;1;1
252856982871;252856982872;1;2,9;2;1;1
252856982872;252856982878;6;2,9;2;1;1
252856982878;252856982882;4;2,9;2;1;1
252856982882;252856982890;8;2,9;2;1;1
252856982890;252856982896;6;2,9;2;1;1
252856982896;252856982907;11;2,9;2;1;1
252856982907;252856982908;1;2,9;2;1;1
252856982908;252856982910;2;2,9;2;1;1
252856982910;252856982917;7;2,9;2;1;1
252856982917;252856982918;1;2,9;2;1;1
252856982918;252856982936;18;2,9;2;1;1
252856982936;252856982939;3;2,9;2;1;1
252856982939;252856982960;21;2,9;2;1;1
252856982960;252856982965;5;2,9;2;1;1
252856982965;252856982983;18;2,9;2;1;1
252856982983;252856982984;1;2,9;2;1;1
252856982984;252856983002;18;2,9;2;1;1
252856983002;252856983004;2;2,9;2;1;1
252856983004;252856983008;4;2,9;2;1;1
252856983008;252856983021;13;2,9;2;1;1
252856983021;252856983028;7;2,9;2;1;1
252856983028;252856983041;13;2,9;2;1;1
252856983041;252856983044;3;2,9;2;1;1
252856983044;252856983045;1;2,9;2;1;1
252856983045;252856983057;12;2,9;2;1;1
252856983057;252856983064;7;2,9;2;1;1
252856983064;252856983073;9;2,9;2;1;1
252856983073;252856983077;4;2,9;2;1;1
252856983077;252856983119;42;2,9;2;1;1
252856983119;252856983120;1;2,9;2;1;1
252856983120;252856983126;6;2,9;2;1;1
252856983126;252856983139;13;2,9;2;1;1
252856983139;252856983140;1;2,9;2;1;1
252856983140;252856983142;2;2,9;2;1;1
252856983142;252856983146;4;2,9;2;1;1
252856983146;252856983150;4;2,9;2;1;1
252856983150;252856983151;1;2,9;2;1;1
252856983151;252856983155;4;2,9;2;1;1
252856983155;252856983167;12;2,9;2;1;1
252856983167;252856983172;5;2,9;2;1;1
252856983172;252856983174;2;2,9;2;1;1
252856983174;252856983189;15;2,9;2;1;1
252856983189;252856983205;16;2,9;2;1;1
252856983205;252856983223;18;2,9;2;1;1
252856983223;252856983235;12;2,9;2;1;1
252856983235;252856983238;3;2,9;2;1;1
252856983238;252856983239;1;2,9;2;1;1
252856983239;252856983241;2;2,9;2;1;1
252856983241;252856983251;10;2,9;2;1;1
252856983251;252856983265;14;2,9;2;1;1
252856983265;252856983271;6;2,9;2;1;1
252856983271;252856983291;20;2,9;2;1;1
252856983291;252856983294;3;2,9;2;1;1
252856983294;252856983300;6;2,9;2;1;1
252856983300;252856983311;11;2,9;2;1;1
252856983311;252856983329;18;2,9;2;1;1
252856983329;252856983332;3;2,9;2;1;1
252856983332;252856983336;4;2,9;2;1;1
252856983336;252856983343;7;2,9;2;1;1
252856983343;252856983365;22;2,9;2;1;1
252856983365;252856983366;1;2,9;2;1;1
252856983366;252856983377;11;2,9;2;1;1
252856983377;252856983391;14;2,9;2;1;1
252856983391;252856983401;10;2,9;2;1;1
252856983401;252856983420;19;2,9;2;1;1
252856983420;252856983421;1;2,9;2;1;1
252856983421;252856983428;7;2,9;2;1;1
252856983428;252856983448;20;2,9;2;1;1
252856983448;252856983467;19;2,9;2;1;1
252856983467;252856983471;4;2,9;2;1;1
252856983471;252856983474;3;2,9;2;1;1
252856983474;252856983503;29;2,9;2;1;1
252856983503;252856983504;1;2,9;2;1;1
252856983504;252856983506;2;2,9;2;1;1
252856983506;252856983511;5;2,9;2;1;1
252856983511;252856983517;6;2,9;2;1;1
252856983517;252856983537;20;2,9;2;1;1
252856983537;252856983538;1;2,9;2;1;1
252856983538;252856983544;6;2,9;2;1;1
252856983544;252856983564;20;2,9;2;1;1
252856983564;252856983570;6;2,9;2;1;1
252856983570;252856983573;3;2,9;2;1;1
252856983573;252856983579;6;2,9;2;1;1
252856983579;252856983596;17;2,9;2;1;1
252856983596;252856983603;7;2,9;2;1;1
252856983603;252856983609;6;2,9;2;1;1
252856983609;252856983613;4;2,9;2;1;1
252856983613;252856983617;4;2,9;2;1;1
252856983617;252856983634;17;2,9;2;1;1
252856983634;252856983635;1;2,9;2;1;1
252856983635;252856983646;11;2,9;2;1;1
252856983646;252856983666;20;2,9;2;1;1
252856983666;252856983670;4;2,9;2;1;1
252856983670;252856983675;5;2,9;2;1;1
252856983675;252856983690;15;2,9;2;1;1
252856983690;252856983698;8;2,9;2;1;1
252856983698;252856983736;38;2,9;2;1;1
252856983736;252856983757;21;2,9;2;1;1
252856983757;252856983760;3;2,9;2;1;1
252856983760;252856983787;27;2,9;2;1;1
252856983787;252856983812;25;2,9;2;1;1
252856983812;252856983818;6;2,9;2;1;1
252856983818;252856983820;2;2,9;2;1;1
252856983820;252856983831;11;2,9;2;1;1
252856983831;252856983835;4;2,9;2;1;1
252856983835;252856983848;13;2,9;2;1;1
252856983848;252856983854;6;2,9;2;1;1
252856983854;252856983867;13;2,9;2;1;1
252856983867;252856983881;14;2,9;2;1;1
252856983881;252856983896;15;2,9;2;1;1
252856983896;252856983899;3;2,9;2;1;1
252856983899;252856983905;6;2,9;2;1;1
252856983905;252856983906;1;2,9;2;1;1
252856983906;252856983924;18;2,9;2;1;1
252856983924;252856983927;3;2,9;2;1;1
252856983927;252856983935;8;2,9;2;1;1
252856983935;252856983955;20;2,9;2;1;1
252856983955;252856983963;8;2,9;2;1;1
252856983963;252856983977;14;2,9;2;1;1
252856983977;252856983987;10;2,9;2;1;1
252856983987;252856983989;2;2,9;2;1;1
252856983989;252856983993;4;2,9;2;1;1
252856983993;252856984009;16;2,9;2;1;1
252856984009;252856984011;2;2,9;2;1;1
252856984011;252856984018;7;2,9;2;1;1
252856984018;252856984026;8;2,9;2;1;1
252856984026;252856984037;11;2,9;2;1;1
252856984037;252856984049;12;2,9;2;1;1
252856984049;252856984052;3;2,9;2;1;1
252856984052;252856984053;1;2,9;2;1;1
252856984053;252856984061;8;2,9;2;1;1
252856984061;252856984072;11;2,9;2;1;1
252856984072;252856984074;2;2,9;2;1;1
252856984074;252856984081;7;2,9;2;1;1
252856984081;252856984083;2;2,9;2;1;1
252856984083;252856984104;21;2,9;2;1;1
252856984104;252856984109;5;2,9;2;1;1
252856984109;252856984110;1;2,9;2;1;1
252856984110;252856984123;13;2,9;2;1;1
252856984123;252856984126;3;2,9;2;1;1
252856984126;252856984134;8;2,9;2;1;1
252856984134;252856984153;19;2,9;2;1;1
252856984153;252856984173;20;2,9;2;1;1
252856984173;252856984196;23;2,9;2;1;1
252856984196;252856984201;5;2,9;2;1;1
252856984201;252856984213;12;2,9;2;1;1
252856984213;252856984215;2;2,9;2;1;1
252856984215;252856984217;2;2,9;2;1;1
252856984217;252856984230;13;2,9;2;1;1
252856984230;252856984239;9;2,9;2;1;1
252856984239;252856984249;10;2,9;2;1;1
252856984249;252856984262;13;2,9;2;1;1
252856984262;252856984283;21;2,9;2;1;1
252856984283;252856984284;1;2,9;2;1;1
252856984284;252856984316;32;2,9;2;1;1
252856984316;252856984348;32;2,9;2;1;1
252856984348;252856984358;10;2,9;2;1;1
252856984358;252856984371;13;2,9;2;1;1
252856984371;252856984393;22;2,9;2;1;1
252856984393;252856984397;4;2,9;2;1;1
252856984397;252856984418;21;2,9;2;1;1
252856984418;252856984424;6;2,9;2;1;1
252856984424;252856984435;11;2,9;2;1;1
252856984435;252856984472;37;2,9;2;1;1
252856984472;252856984478;6;2,9;2;1;1
252856984478;252856984495;17;2,9;2;1;1
252856984495;252856984540;45;2,9;2;1;1
252856984540;252856984541;1;2,9;2;1;1
252856984541;252856984542;1;2,9;2;1;1
252856984542;252856984548;6;2,9;2;1;1
252856984548;252856984563;15;2,9;2;1;1
252856984563;252856984570;7;2,9;2;1;1
252856984570;252856984575;5;2,9;2;1;1
252856984575;252856984583;8;2,9;2;1;1
252856984583;252856984589;6;2,9;2;1;1
252856984589;252856984622;33;2,9;2;1;1
252856984622;252856984660;38;2,9;2;1;1
252856984660;252856984670;10;2,9;2;1;1
252856984670;252856984744;74;2,9;2;1;1
252856984744;252856984810;66;2,9;2;1;1
252856984810;252856984837;27;2,9;2;1;1
252856984837;252856984845;8;2,9;2;1;1
252856984845;252856984891;46;2,9;2;1;1
252856984891;252856984893;2;2,9;2;1;1
252856984893;252856984917;24;2,9;2;1;1
252856984917;252856984919;2;2,9;2;1;1
252856984919;252856984959;40;2,9;2;1;1
252856984959;252856984961;2;2,9;2;1;1
252856984961;252856984969;8;2,9;2;1;1
252856984969;252856984977;8;2,9;2;1;1
252856984977;252856984979;2;2,9;2;1;1
252856984979;252856984989;10;2,9;2;1;1
252856984989;252856984996;7;2,9;2;1;1
252856984996;252856984999;3;2,9;2;1;1
252856984999;252856985009;10;2,9;2;1;1
252856985009;252856985053;44;2,9;2;1;1
252856985053;252856985057;4;2,9;2;1;1
252856985057;252856985058;1;2,9;2;1;1
252856985058;252856985081;23;2,9;2;1;1
252856985081;252856985086;5;2,9;2;1;1
252856985086;252856985087;1;2,9;2;1;1
252856985087;252856985091;4;2,9;2;1;1
252856985091;252856985119;28;2,9;2;1;1
252856985119;252856985122;3;2,9;2;1;1
252856985122;252856985127;5;2,9;2;1;1
252856985127;252856985147;20;2,9;2;1;1
252856985147;252856985163;16;2,9;2;1;1
252856985163;252856985174;11;2,9;2;1;1
252856985174;252856985182;8;2,9;2;1;1
252856985182;252856985190;8;2,9;2;1;1
252856985190;252856985202;12;2,9;2;1;1
252856985202;252856985204;2;2,9;2;1;1
252856985204;252856985206;2;2,9;2;1;1
252856985206;252856985229;23;2,9;2;1;1
252856985229;252856985232;3;2,9;2;1;1
252856985232;252856985237;5;2,9;2;1;1
252856985237;252856985243;6;2,9;2;1;1
252856985243;252856985250;7;2,9;2;1;1
252856985250;252856985256;6;2,9;2;1;1
252856985256;252856985283;27;2,9;2;1;1
252856985283;252856985284;1;2,9;2;1;1
252856985284;252856985289;5;2,9;2;1;1
252856985289;252856985299;10;2,9;2;1;1
252856985299;252856985317;18;2,9;2;1;1
252856985317;252856985332;15;2,9;2;1;1
252856985332;252856985339;7;2,9;2;1;1
252856985339;252856985340;1;2,9;2;1;1
252856985340;252856985348;8;2,9;2;1;1
252856985348;252856985373;25;2,9;2;1;1
252856985373;252856985378;5;2,9;2;1;1
252856985378;252856985385;7;2,9;2;1;1
252856985385;252856985387;2;2,9;2;1;1
252856985387;252856985398;11;2,9;2;1;1
252856985398;252856985406;8;2,9;2;1;1
252856985406;252856985412;6;2,9;2;1;1
252856985412;252856985420;8;2,9;2;1;1
252856985420;252856985424;4;2,9;2;1;1
252856985424;252856985427;3;2,9;2;1;1
252856985427;252856985451;24;2,9;2;1;1
252856985451;252856985454;3;2,9;2;1;1
252856985454;252856985455;1;2,9;2;1;1
252856985455;252856985463;8;2,9;2;1;1
252856985463;252856985481;18;2,9;2;1;1
252856985481;252856985482;1;2,9;2;1;1
252856985482;252856985493;11;2,9;2;1;1
252856985493;252856985508;15;2,9;2;1;1
252856985508;252856985511;3;2,9;2;1;1
252856985511;252856985539;28;2,9;2;1;1
252856985539;252856985561;22;2,9;2;1;1
252856985561;252856985565;4;2,9;2;1;1
252856985565;252856985573;8;2,9;2;1;1
252856985573;252856985580;7;2,9;2;1;1
252856985580;252856985595;15;2,9;2;1;1
252856985595;252856985606;11;2,9;2;1;1
252856985606;252856985623;17;2,9;2;1;1
252856985623;252856985639;16;2,9;2;1;1
252856985639;252856985642;3;2,9;2;1;1
252856985642;252856985661;19;2,9;2;1;1
252856985661;252856985663;2;2,9;2;1;1
252856985663;252856985669;6;2,9;2;1;1
252856985669;252856985671;2;2,9;2;1;1
252856985671;252856985689;18;2,9;2;1;1
252856985689;252856985708;19;2,9;2;1;1
252856985708;252856985728;20;2,9;2;1;1
252856985728;252856985742;14;2,9;2;1;1
252856985742;252856985747;5;2,9;2;1;1
252856985747;252856985768;21;2,9;2;1;1
252856985768;252856985772;4;2,9;2;1;1
252856985772;252856985775;3;2,9;2;1;1
252856985775;252856985779;4;2,9;2;1;1
252856985779;252856985797;18;2,9;2;1;1
252856985797;252856985799;2;2,9;2;1;1
252856985799;252856985811;12;2,9;2;1;1
252856985811;252856985822;11;2,9;2;1;1
252856985822;252856985837;15;2,9;2;1;1
252856985837;252856985838;1;2,9;2;1;1
252856985838;252856985856;18;2,9;2;1;1
252856985856;252856985858;2;2,9;2;1;1
252856985858;252856985884;26;2,9;2;1;1
252856985884;252856985885;1;2,9;2;1;1
252856985885;252856985902;17;2,9;2;1;1
252856985902;252856985910;8;2,9;2;1;1
252856985910;252856985911;1;2,9;2;1;1
252856985911;252856985918;7;2,9;2;1;1
252856985918;252856985936;18;2,9;2;1;1
252856985936;252856985945;9;2,9;2;1;1
252856985945;252856985951;6;2,9;2;1;1
252856985951;252856985957;6;2,9;2;1;1
252856985957;252856985958;1;2,9;2;1;1
252856985958;252856985973;15;2,9;2;1;1
252856985973;252856985996;23;2,9;2;1;1
252856985996;252856985998;2;2,9;2;1;1
252856985998;252856985999;1;2,9;2;1;1
252856985999;252856986001;2;2,9;2;1;1
252856986001;252856986012;11;2,9;2;1;1
252856986012;252856986025;13;2,9;2;1;1
252856986025;252856986040;15;2,9;2;1;1
252856986040;252856986041;1;2,9;2;1;1
252856986041;252856986042;1;2,9;2;1;1
252856986042;252856986046;4;2,9;2;1;1
252856986046;252856986048;2;2,9;2;1;1
252856986048;252856986054;6;2,9;2;1;1
252856986054;252856986056;2;2,9;2;1;1
252856986056;252856986085;29;2,9;2;1;1
252856986085;252856986087;2;2,9;2;1;1
252856986087;252856986090;3;2,9;2;1;1
252856986090;252856986096;6;2,9;2;1;1
252856986096;252856986108;12;2,9;2;1;1
252856986108;252856986129;21;2,9;2;1;1
252856986129;252856986131;2;2,9;2;1;1
252856986131;252856986136;5;2,9;2;1;1
252856986136;252856986148;12;2,9;2;1;1
252856986148;252856986149;1;2,9;2;1;1
252856986149;252856986152;3;2,9;2;1;1
252856986152;252856986185;33;2,9;2;1;1
252856986185;252856986194;9;2,9;2;1;1
252856986194;252856986221;27;2,9;2;1;1
252856986221;252856986246;25;2,9;2;1;1
252856986246;252856986277;31;2,9;2;1;1
252856986277;252856986284;7;2,9;2;1;1
252856986284;252856986289;5;2,9;2;1;1
252856986289;252856986294;5;2,9;2;1;1
252856986294;252856986314;20;2,9;2;1;1
252856986314;252856986316;2;2,9;2;1;1
252856986316;252856986360;44;2,9;2;1;1
252856986360;252856986371;11;2,9;2;1;1
252856986371;252856986374;3;2,9;2;1;1
252856986374;252856986392;18;2,9;2;1;1
252856986392;252856986402;10;2,9;2;1;1
252856986402;252856986406;4;2,9;2;1;1
252856986406;252856986432;26;2,9;2;1;1
252856986432;252856986443;11;2,9;2;1;1
252856986443;252856986444;1;2,9;2;1;1
252856986444;252856986464;20;2,9;2;1;1
252856986464;252856986470;6;2,9;2;1;1
252856986470;252856986480;10;2,9;2;1;1
252856986480;252856986482;2;2,9;2;1;1
252856986482;252856986514;32;2,9;2;1;1
252856986514;252856986520;6;2,9;2;1;1
252856986520;252856986523;3;2,9;2;1;1
252856986523;252856986538;15;2,9;2;1;1
252856986538;252856986539;1;2,9;2;1;1
252856986539;252856986560;21;2,9;2;1;1
252856986560;252856986562;2;2,9;2;1;1
252856986562;252856986568;6;2,9;2;1;1
252856986568;252856986587;19;2,9;2;1;1
252856986587;252856986598;11;2,9;2;1;1
252856986598;252856986599;1;2,9;2;1;1
252856986599;252856986613;14;2,9;2;1;1
252856986613;252856986648;35;2,9;2;1;1
252856986648;252856986659;11;2,9;2;1;1
252856986659;252856986660;1;2,9;2;1;1
252856986660;252856986671;11;2,9;2;1;1
252856986671;252856986680;9;2,9;2;1;1
252856986680;252856986684;4;2,9;2;1;1
252856986684;252856986706;22;2,9;2;1;1
252856986706;252856986708;2;2,9;2;1;1
252856986708;252856986710;2;2,9;2;1;1
252856986710;252856986730;20;2,9;2;1;1
252856986730;252856986751;21;2,9;2;1;1
252856986751;252856986754;3;2,9;2;1;1
252856986754;252856986792;38;2,9;2;1;1
252856986792;252856986807;15;2,9;2;1;1
252856986807;252856986811;4;2,9;2;1;1
252856986811;252856986815;4;2,9;2;1;1
252856986815;252856986819;4;2,9;2;1;1
252856986819;252856986831;12;2,9;2;1;1
252856986831;252856986844;13;2,9;2;1;1
252856986844;252856986849;5;2,9;2;1;1
252856986849;252856986869;20;2,9;2;1;1
252856986869;252856986872;3;2,9;2;1;1
252856986872;252856986903;31;2,9;2;1;1
252856986903;252856986905;2;2,9;2;1;1
252856986905;252856986928;23;2,9;2;1;1
252856986928;252856986931;3;2,9;2;1;1
252856986931;252856986945;14;2,9;2;1;1
252856986945;252856986952;7;2,9;2;1;1
252856986952;252856986956;4;2,9;2;1;1
252856986956;252856986971;15;2,9;2;1;1
252856986971;252856986984;13;2,9;2;1;1
252856986984;252856986993;9;2,9;2;1;1
252856986993;252856987003;10;2,9;2;1;1
252856987003;252856987046;43;2,9;2;1;1
252856987046;252856987064;18;2,9;2;1;1
252856987064;252856987085;21;2,9;2;1;1
252856987085;252856987096;11;2,9;2;1;1
252856987096;252856987119;23;2,9;2;1;1
252856987119;252856987121;2;2,9;2;1;1
252856987121;252856987123;2;2,9;2;1;1
252856987123;252856987124;1;2,9;2;1;1
252856987124;252856987129;5;2,9;2;1;1
252856987129;252856987156;27;2,9;2;1;1
252856987156;252856987160;4;2,9;2;1;1
252856987160;252856987163;3;2,9;2;1;1
252856987163;252856987192;29;2,9;2;1;1
252856987192;252856987206;14;2,9;2;1;1
252856987206;252856987226;20;2,9;2;1;1
252856987226;252856987238;12;2,9;2;1;1
252856987238;252856987247;9;2,9;2;1;1
252856987247;252856987251;4;2,9;2;1;1
252856987251;252856987269;18;2,9;2;1;1
252856987269;252856987276;7;2,9;2;1;1
252856987276;252856987282;6;2,9;2;1;1
252856987282;252856987285;3;2,9;2;1;1
252856987285;252856987325;40;2,9;2;1;1
252856987325;252856987326;1;2,9;2;1;1
252856987326;252856987334;8;2,9;2;1;1
252856987334;252856987345;11;2,9;2;1;1
252856987345;252856987355;10;2,9;2;1;1
252856987355;252856987364;9;2,9;2;1;1
252856987364;252856987370;6;2,9;2;1;1
252856987370;252856987372;2;2,9;2;1;1
252856987372;252856987393;21;2,9;2;1;1
252856987393;252856987394;1;2,9;2;1;1
252856987394;252856987421;27;2,9;2;1;1
252856987421;252856987446;25;2,9;2;1;1
252856987446;252856987451;5;2,9;2;1;1
252856987451;252856987459;8;2,9;2;1;1
252856987459;252856987480;21;2,9;2;1;1
252856987480;252856987482;2;2,9;2;1;1
252856987482;252856987514;32;2,9;2;1;1
252856987514;252856987528;14;2,9;2;1;1
252856987528;252856987551;23;2,9;2;1;1
252856987551;252856987565;14;2,9;2;1;1
252856987565;252856987586;21;2,9;2;1;1
252856987586;252856987617;31;2,9;2;1;1
252856987617;252856987627;10;2,9;2;1;1
252856987627;252856987629;2;2,9;2;1;1
252856987629;252856987646;17;2,9;2;1;1
252856987646;252856987671;25;2,9;2;1;1
252856987671;252856987688;17;2,9;2;1;1
252856987688;252856987690;2;2,9;2;1;1
252856987690;252856987692;2;2,9;2;1;1
252856987692;252856987700;8;2,9;2;1;1
252856987700;252856987722;22;2,9;2;1;1
252856987722;252856987738;16;2,9;2;1;1
252856987738;252856987766;28;2,9;2;1;1
252856987766;252856987778;12;2,9;2;1;1
252856987778;252856987800;22;2,9;2;1;1
252856987800;252856987820;20;2,9;2;1;1
252856987820;252856987856;36;2,9;2;1;1
252856987856;252856987871;15;2,9;2;1;1
252856987871;252856987880;9;2,9;2;1;1
252856987880;252856987882;2;2,9;2;1;1
252856987882;252856987919;37;2,9;2;1;1
252856987919;252856987960;41;2,9;2;1;1
252856987960;252856987999;39;2,9;2;1;1
252856987999;252856988010;11;2,9;2;1;1
252856988010;252856988028;18;2,9;2;1;1
252856988028;252856988037;9;2,9;2;1;1
252856988037;252856988039;2;2,9;2;1;1
252856988039;252856988063;24;2,9;2;1;1
252856988063;252856988065;2;2,9;2;1;1
252856988065;252856988119;54;2,9;2;1;1
252856988119;252856988168;49;2,9;2;1;1
252856988168;252856988240;72;2,9;2;1;1
252856988240;252856988269;29;2,9;2;1;1
252856988269;252856988303;34;2,9;2;1;1
252856988303;252856988341;38;2,9;2;1;1
252856988341;252856988368;27;2,9;2;1;1
252856988368;252856988393;25;2,9;2;1;1
252856988393;252856988451;58;2,9;2;1;1
252856988451;252856988499;48;2,9;2;1;1
252856988499;252856988533;34;2,9;2;1;1
252856988533;252856988548;15;2,9;2;1;1
252856988548;252856988559;11;2,9;2;1;1
252856988559;252856988603;44;2,9;2;1;1
252856988603;252856988605;2;2,9;2;1;1
252856988605;252856988606;1;2,9;2;1;1
252856988606;252856988634;28;2,9;2;1;1
252856988634;252856988662;28;2,9;2;1;1
252856988662;252856988688;26;2,9;2;1;1
252856988688;252856988699;11;2,9;2;1;1
252856988699;252856988710;11;2,9;2;1;1
252856988710;252856988727;17;2,9;2;1;1
252856988727;252856988768;41;2,9;2;1;1
252856988768;252856988778;10;2,9;2;1;1
252856988778;252856988796;18;2,9;2;1;1
252856988796;252856988797;1;2,9;2;1;1
252856988797;252856988801;4;2,9;2;1;1
252856988801;252856988816;15;2,9;2;1;1
252856988816;252856988818;2;2,9;2;1;1
252856988818;252856988824;6;2,9;2;1;1
252856988824;252856988829;5;2,9;2;1;1
252856988829;252856988835;6;2,9;2;1;1
252856988835;252856988859;24;2,9;2;1;1
252856988859;252856988868;9;2,9;2;1;1
252856988868;252856988895;27;2,9;2;1;1
252856988895;252856988908;13;2,9;2;1;1
252856988908;252856988934;26;2,9;2;1;1
252856988934;252856988935;1;2,9;2;1;1
252856988935;252856988954;19;2,9;2;1;1
252856988954;252856988990;36;2,9;2;1;1
252856988990;252856989025;35;2,9;2;1;1
252856989025;252856989054;29;2,9;2;1;1
252856989054;252856989059;5;2,9;2;1;1
252856989059;252856989083;24;2,9;2;1;1
252856989083;252856989087;4;2,9;2;1;1
252856989087;252856989093;6;2,9;2;1;1
252856989093;252856989114;21;2,9;2;1;1
252856989114;252856989124;10;2,9;2;1;1
252856989124;252856989142;18;2,9;2;1;1
252856989142;252856989160;18;2,9;2;1;1
252856989160;252856989175;15;2,9;2;1;1
252856989175;252856989191;16;2,9;2;1;1
252856989191;252856989205;14;2,9;2;1;1
252856989205;252856989216;11;2,9;2;1;1
252856989216;252856989220;4;2,9;2;1;1
252856989220;252856989243;23;2,9;2;1;1
252856989243;252856989261;18;2,9;2;1;1
252856989261;252856989287;26;2,9;2;1;1
252856989287;252856989376;89;2,9;2;1;1
252856989376;252856989394;18;2,9;2;1;1
252856989394;252856989422;28;2,9;2;1;1
252856989422;252856989455;33;2,9;2;1;1
252856989455;252856989481;26;2,9;2;1;1
252856989481;252856989523;42;2,9;2;1;1
252856989523;252856989546;23;2,9;2;1;1
252856989546;252856989646;100;2,9;2;1;1
252856989646;252856989665;19;2,9;2;1;1
252856989665;252856989705;40;2,9;2;1;1
252856989705;252856989755;50;2,9;2;1;1
252856989755;252856989774;19;2,9;2;1;1
252856989774;252856989804;30;2,9;2;1;1
252856989804;252856989864;60;2,9;2;1;1
252856989864;252856989901;37;2,9;2;1;1
252856989901;252856989978;77;2,9;2;1;1
252856989978;252856990009;31;2,9;2;1;1
252856990009;252856990011;2;2,9;2;1;1
252856990011;252856990038;27;2,9;2;1;1
252856990038;252856990086;48;2,9;2;1;1
252856990086;252856990942;856;2,9;2;1;1
252856990942;252856990971;29;2,9;2;1;1
252856990971;252856991078;107;2,9;2;1;1
252856991078;252856991178;100;2,9;2;1;1
252856991178;252856991218;40;2,9;2;1;1
252856991218;252856991245;27;2,9;2;1;1
252856991245;252856991288;43;2,9;2;1;1
252856991288;252856991350;62;2,9;2;1;1
252856991350;252856991378;28;2,9;2;1;1
252856991378;252856991402;24;2,9;2;1;1
252856991402;252856991428;26;2,9;2;1;1
252856991428;252856991648;220;2,9;2;1;1
252856991648;252856991690;42;2,9;2;1;1
252856991690;252856991721;31;2,9;2;1;1
252856991721;252856991774;53;2,9;2;1;1
252856991774;252856991806;32;2,9;2;1;1
252856991806;252856991862;56;2,9;2;1;1
252856991862;252856991889;27;2,9;2;1;1
252856991889;252856991918;29;2,9;2;1;1
252856991918;252857000692;8774;2,9;2;1;1
252857000692;252857000732;40;2,9;2;1;1
252857000732;252857000780;48;2,9;2;1;1
252857000780;252857001057;277;2,9;2;1;1
252857001057;252857004387;3330;2,9;2;1;1
252857004387;252857004675;288;2,9;2;1;1
252857004675;252857005017;342;2,9;2;1;1
252857005017;252857005183;166;2,9;2;1;1
252857005183;252857005321;138;2,9;2;1;1
252857005321;252857005359;38;2,9;2;1;1
252857005359;252857005412;53;2,9;2;1;1
252857005412;252857005492;80;2,9;2;1;1
252857005492;252857005536;44;2,9;2;1;1
252857005536;252857005719;183;2,9;2;1;1
252857005719;252857005759;40;2,9;2;1;1
252857005759;252857005806;47;2,9;2;1;1
252857005806;252857005834;28;2,9;2;1;1
252857005834;252857005879;45;2,9;2;1;1
252857005879;252857005921;42;2,9;2;1;1
252857005921;252857005960;39;2,9;2;1;1
252857005960;252857005991;31;2,9;2;1;1
252857005991;252857006034;43;2,9;2;1;1
252857006034;252857006199;165;2,9;2;1;1
252857006199;252857006243;44;2,9;2;1;1
252857006243;252857006283;40;2,9;2;1;1
252857006283;252857006328;45;2,9;2;1;1
252857006328;252857006395;67;2,9;2;1;1
252857006395;252857006432;37;2,9;2;1;1
252857006432;252857006479;47;2,9;2;1;1
252857006479;252857007016;537;2,9;2;1;1
252857007016;252857007666;650;2,9;2;1;1
252857007666;252857007743;77;2,9;2;1;1
252857007743;252857007771;28;2,9;2;1;1
252857007771;252857008344;573;2,9;2;1;1
252857008344;252857008441;97;2,9;2;1;1
252857008441;252857008509;68;2,9;2;1;1
252857008509;252857008550;41;2,9;2;1;1
252857008550;252857008565;15;2,9;2;1;1
252857008565;252857008619;54;2,9;2;1;1
252857008619;252857008673;54;2,9;2;1;1
252857008673;252857008728;55;2,9;2;1;1
252857008728;252857008782;54;2,9;2;1;1
252857008782;252857008835;53;2,9;2;1;1
252857008835;252857008890;55;2,9;2;1;1
252857008890;252857008946;56;2,9;2;1;1
252857008946;252857009004;58;2,9;2;1;1
252857009004;252857009103;99;2,9;2;1;1
252857009103;252857009155;52;2,9;2;1;1
252857009155;252857009205;50;2,9;2;1;1
252857009205;252857044593;35388;2,9;2;1;1
252857044593;252857044916;323;2,9;2;1;1
252857044916;252857045060;144;2,9;2;1;1
252857045060;252857045167;107;2,9;2;1;1
252857045167;252857045256;89;2,9;2;1;1
252857045256;252857045352;96;2,9;2;1;1
252857045352;252857045405;53;2,9;2;1;1
252857045405;252857045622;217;2,9;2;1;1
252857045622;252857045765;143;2,9;2;1;1
252857045765;252857046004;239;2,9;2;1;1
252857046004;252857046238;234;2,9;2;1;1
252857046238;252857046296;58;2,9;2;1;1
252857046296;252857046437;141;2,9;2;1;1
252857046437;252857046778;341;2,9;2;1;1
252857046778;252857046959;181;2,9;2;1;1
252857046959;252857047312;353;2,9;2;1;1
252857047312;252857047500;188;2,9;2;1;1
252857047500;252857047537;37;2,9;2;1;1
252857047537;252857047587;50;2,9;2;1;1
252857047587;252857047642;55;2,9;2;1;1
252857047642;252857047679;37;2,9;2;1;1
252857047679;252857048101;422;2,9;2;1;1
252857048101;252857048230;129;2,9;2;1;1
252857048230;252857048281;51;2,9;2;1;1
252857048281;252857048349;68;2,9;2;1;1
252857048349;252857048379;30;2,9;2;1;1
252857048379;252857048415;36;2,9;2;1;1
252857048415;252857048563;148;2,9;2;1;1
252857048563;252857048689;126;2,9;2;1;1
252857048689;252857048723;34;2,9;2;1;1
252857048723;252857048903;180;2,9;2;1;1
252857048903;252857048991;88;2,9;2;1;1
252857048991;252857049097;106;2,9;2;1;1
252857049097;252857049189;92;2,9;2;1;1
252857049189;252857049225;36;2,9;2;1;1
252857049225;252857049340;115;2,9;2;1;1
252857049340;252857049452;112;2,9;2;1;1
252857049452;252857049740;288;2,9;2;1;1
252857049740;252857049834;94;2,9;2;1;1
252857049834;252857049870;36;2,9;2;1;1
252857049870;252857049933;63;2,9;2;1;1
252857049933;252857049967;34;2,9;2;1;1
252857049967;252857050210;243;2,9;2;1;1
252857050210;252857050307;97;2,9;2;1;1
252857050307;252857050950;643;2,9;2;1;1
252857050950;252857051142;192;2,9;2;1;1
252857051142;252857051338;196;2,9;2;1;1
252857051338;252857051606;268;2,9;2;1;1
252857051606;252857051795;189;2,9;2;1;1
252857051795;252857052063;268;2,9;2;1;1
252857052063;252857052157;94;2,9;2;1;1
252857052157;252857052254;97;2,9;2;1;1
252857052254;252857052311;57;2,9;2;1;1
252857052311;252857052346;35;2,9;2;1;1
252857052346;252857052411;65;2,9;2;1;1
252857052411;252857052482;71;2,9;2;1;1
252857052482;252857052539;57;2,9;2;1;1
252857052539;252857052626;87;2,9;2;1;1
252857052626;252857052664;38;2,9;2;1;1
252857052664;252857052765;101;2,9;2;1;1
252857052765;252857052839;74;2,9;2;1;1
252857052839;252857052877;38;2,9;2;1;1
252857052877;252857052939;62;2,9;2;1;1
252857052939;252857052976;37;2,9;2;1;1
252857052976;252857063308;10332;2,9;2;1;1
252857063308;252857063466;158;2,9;2;1;1
252857063466;252857063720;254;2,9;2;1;1
252857063720;252857063729;9;2,9;2;1;1
252857063729;252857063758;29;2,9;2;1;1
252857063758;252857064098;340;2,9;2;1;1
252857064098;252857064292;194;2,9;2;1;1
252857064292;252857064297;5;2,9;2;1;1
252857064297;252857064304;7;2,9;2;1;1
252857064304;252857064333;29;2,9;2;1;1
252857064333;252857064354;21;2,9;2;1;1
252857064354;252857064379;25;2,9;2;1;1
252857064379;252857064445;66;2,9;2;1;1
252857064445;252857064502;57;2,9;2;1;1
252857064502;252857064540;38;2,9;2;1;1
252857064540;252857064551;11;2,9;2;1;1
252857064551;252857064571;20;2,9;2;1;1
252857064571;252857064583;12;2,9;2;1;1
252857064583;252857064589;6;2,9;2;1;1
252857064589;252857064622;33;2,9;2;1;1
252857064622;252857064641;19;2,9;2;1;1
252857064641;252857064642;1;2,9;2;1;1
252857064642;252857064671;29;2,9;2;1;1
252857064671;252857064689;18;2,9;2;1;1
252857064689;252857064726;37;2,9;2;1;1
252857064726;252857064731;5;2,9;2;1;1
252857064731;252857064762;31;2,9;2;1;1
252857064762;252857064768;6;2,9;2;1;1
252857064768;252857064792;24;2,9;2;1;1
252857064792;252857064793;1;2,9;2;1;1
252857064793;252857064809;16;2,9;2;1;1
252857064809;252857064828;19;2,9;2;1;1
252857064828;252857064842;14;2,9;2;1;1
252857064842;252857064844;2;2,9;2;1;1
252857064844;252857064862;18;2,9;2;1;1
252857064862;252857064868;6;2,9;2;1;1
252857064868;252857064892;24;2,9;2;1;1
252857064892;252857064904;12;2,9;2;1;1
252857064904;252857064936;32;2,9;2;1;1
252857064936;252857064977;41;2,9;2;1;1
252857064977;252857064987;10;2,9;2;1;1
252857064987;252857065040;53;2,9;2;1;1
252857065040;252857065073;33;2,9;2;1;1
252857065073;252857065095;22;2,9;2;1;1
252857065095;252857065098;3;2,9;2;1;1
252857065098;252857065108;10;2,9;2;1;1
252857065108;252857065114;6;2,9;2;1;1
252857065114;252857065137;23;2,9;2;1;1
252857065137;252857065197;60;2,9;2;1;1
252857065197;252857065248;51;2,9;2;1;1
252857065248;252857065257;9;2,9;2;1;1
252857065257;252857065276;19;2,9;2;1;1
252857065276;252857065296;20;2,9;2;1;1
252857065296;252857065332;36;2,9;2;1;1
252857065332;252857065344;12;2,9;2;1;1
252857065344;252857065348;4;2,9;2;1;1
252857065348;252857065371;23;2,9;2;1;1
252857065371;252857065397;26;2,9;2;1;1
252857065397;252857065403;6;2,9;2;1;1
252857065403;252857065458;55;2,9;2;1;1
252857065458;252857065467;9;2,9;2;1;1
252857065467;252857065485;18;2,9;2;1;1
252857065485;252857065495;10;2,9;2;1;1
252857065495;252857065505;10;2,9;2;1;1
252857065505;252857065506;1;2,9;2;1;1
252857065506;252857065526;20;2,9;2;1;1
252857065526;252857065535;9;2,9;2;1;1
252857065535;252857065585;50;2,9;2;1;1
252857065585;252857065600;15;2,9;2;1;1
252857065600;252857065611;11;2,9;2;1;1
252857065611;252857065629;18;2,9;2;1;1
252857065629;252857065658;29;2,9;2;1;1
252857065658;252857065660;2;2,9;2;1;1
252857065660;252857065672;12;2,9;2;1;1
252857065672;252857065816;144;2,9;2;1;1
252857065816;252857065855;39;2,9;2;1;1
252857065855;252857065872;17;2,9;2;1;1
252857065872;252857065896;24;2,9;2;1;1
252857065896;252857065932;36;2,9;2;1;1
252857065932;252857065953;21;2,9;2;1;1
252857065953;252857065990;37;2,9;2;1;1
252857065990;252857066032;42;2,9;2;1;1
252857066032;252857066069;37;2,9;2;1;1
252857066069;252857066156;87;2,9;2;1;1
252857066156;252857066194;38;2,9;2;1;1
252857066194;252857066200;6;2,9;2;1;1
252857066200;252857066206;6;2,9;2;1;1
252857066206;252857066225;19;2,9;2;1;1
252857066225;252857066226;1;2,9;2;1;1
252857066226;252857066227;1;2,9;2;1;1
252857066227;252857066232;5;2,9;2;1;1
252857066232;252857066245;13;2,9;2;1;1
252857066245;252857066249;4;2,9;2;1;1
252857066249;252857066279;30;2,9;2;1;1
252857066279;252857066286;7;2,9;2;1;1
252857066286;252857066295;9;2,9;2;1;1
252857066295;252857066356;61;2,9;2;1;1
252857066356;252857066362;6;2,9;2;1;1
252857066362;252857066382;20;2,9;2;1;1
252857066382;252857066387;5;2,9;2;1;1
252857066387;252857066403;16;2,9;2;1;1
252857066403;252857066426;23;2,9;2;1;1
252857066426;252857066428;2;2,9;2;1;1
252857066428;252857066439;11;2,9;2;1;1
252857066439;252857066451;12;2,9;2;1;1
252857066451;252857066466;15;2,9;2;1;1
252857066466;252857066475;9;2,9;2;1;1
252857066475;252857066504;29;2,9;2;1;1
252857066504;252857066513;9;2,9;2;1;1
252857066513;252857066515;2;2,9;2;1;1
252857066515;252857066527;12;2,9;2;1;1
252857066527;252857066555;28;2,9;2;1;1
252857066555;252857066556;1;2,9;2;1;1
252857066556;252857066598;42;2,9;2;1;1
252857066598;252857066648;50;2,9;2;1;1
252857066648;252857066675;27;2,9;2;1;1
252857066675;252857066676;1;2,9;2;1;1
252857066676;252857066690;14;2,9;2;1;1
252857066690;252857066697;7;2,9;2;1;1
252857066697;252857066704;7;2,9;2;1;1
252857066704;252857066709;5;2,9;2;1;1
252857066709;252857066718;9;2,9;2;1;1
252857066718;252857066724;6;2,9;2;1;1
252857066724;252857066726;2;2,9;2;1;1
252857066726;252857066735;9;2,9;2;1;1
252857066735;252857066758;23;2,9;2;1;1
252857066758;252857066759;1;2,9;2;1;1
252857066759;252857066762;3;2,9;2;1;1
252857066762;252857066821;59;2,9;2;1;1
252857066821;252857066843;22;2,9;2;1;1
252857066843;252857066875;32;2,9;2;1;1
252857066875;252857066877;2;2,9;2;1;1
252857066877;252857066918;41;2,9;2;1;1
252857066918;252857066921;3;2,9;2;1;1
252857066921;252857066931;10;2,9;2;1;1
252857066931;252857066939;8;2,9;2;1;1
252857066939;252857066943;4;2,9;2;1;1
252857066943;252857066959;16;2,9;2;1;1
252857066959;252857066963;4;2,9;2;1;1
252857066963;252857066968;5;2,9;2;1;1
252857066968;252857066989;21;2,9;2;1;1
252857066989;252857066997;8;2,9;2;1;1
252857066997;252857067010;13;2,9;2;1;1
252857067010;252857067016;6;2,9;2;1;1
252857067016;252857067028;12;2,9;2;1;1
252857067028;252857067038;10;2,9;2;1;1
252857067038;252857067048;10;2,9;2;1;1
252857067048;252857067105;57;2,9;2;1;1
252857067105;252857067128;23;2,9;2;1;1
252857067128;252857067180;52;2,9;2;1;1
252857067180;252857067196;16;2,9;2;1;1
252857067196;252857067209;13;2,9;2;1;1
252857067209;252857067223;14;2,9;2;1;1
252857067223;252857067266;43;2,9;2;1;1
252857067266;252857067268;2;2,9;2;1;1
252857067268;252857067296;28;2,9;2;1;1
252857067296;252857067416;120;2,9;2;1;1
252857067416;252857067421;5;2,9;2;1;1
252857067421;252857067455;34;2,9;2;1;1
252857067455;252857067481;26;2,9;2;1;1
252857067481;252857067511;30;2,9;2;1;1
252857067511;252857067532;21;2,9;2;1;1
252857067532;252857067551;19;2,9;2;1;1
252857067551;252857067557;6;2,9;2;1;1
252857067557;252857067569;12;2,9;2;1;1
252857067569;252857067611;42;2,9;2;1;1
252857067611;252857067636;25;2,9;2;1;1
252857067636;252857067643;7;2,9;2;1;1
252857067643;252857067688;45;2,9;2;1;1
252857067688;252857067737;49;2,9;2;1;1
252857067737;252857067739;2;2,9;2;1;1
252857067739;252857067767;28;2,9;2;1;1
252857067767;252857067772;5;2,9;2;1;1
252857067772;252857067777;5;2,9;2;1;1
252857067777;252857067793;16;2,9;2;1;1
252857067793;252857067797;4;2,9;2;1;1
252857067797;252857067800;3;2,9;2;1;1
252857067800;252857067802;2;2,9;2;1;1
252857067802;252857067816;14;2,9;2;1;1
252857067816;252857067837;21;2,9;2;1;1
252857067837;252857067858;21;2,9;2;1;1
252857067858;252857067911;53;2,9;2;1;1
252857067911;252857067921;10;2,9;2;1;1
252857067921;252857067938;17;2,9;2;1;1
252857067938;252857067941;3;2,9;2;1;1
252857067941;252857067953;12;2,9;2;1;1
252857067953;252857067961;8;2,9;2;1;1
252857067961;252857067968;7;2,9;2;1;1
252857067968;252857067979;11;2,9;2;1;1
252857067979;252857068005;26;2,9;2;1;1
252857068005;252857068008;3;2,9;2;1;1
252857068008;252857068014;6;2,9;2;1;1
252857068014;252857068037;23;2,9;2;1;1
252857068037;252857068047;10;2,9;2;1;1
252857068047;252857068066;19;2,9;2;1;1
252857068066;252857068086;20;2,9;2;1;1
252857068086;252857068128;42;2,9;2;1;1
252857068128;252857068163;35;2,9;2;1;1
252857068163;252857068183;20;2,9;2;1;1
252857068183;252857068187;4;2,9;2;1;1
252857068187;252857068230;43;2,9;2;1;1
252857068230;252857068231;1;2,9;2;1;1
252857068231;252857068241;10;2,9;2;1;1
252857068241;252857068277;36;2,9;2;1;1
252857068277;252857068287;10;2,9;2;1;1
252857068287;252857068321;34;2,9;2;1;1
252857068321;252857068349;28;2,9;2;1;1
252857068349;252857068368;19;2,9;2;1;1
252857068368;252857068373;5;2,9;2;1;1
252857068373;252857068428;55;2,9;2;1;1
252857068428;252857068442;14;2,9;2;1;1
252857068442;252857068462;20;2,9;2;1;1
252857068462;252857068473;11;2,9;2;1;1
252857068473;252857068476;3;2,9;2;1;1
252857068476;252857068477;1;2,9;2;1;1
252857068477;252857068485;8;2,9;2;1;1
252857068485;252857068500;15;2,9;2;1;1
252857068500;252857068508;8;2,9;2;1;1
252857068508;252857068509;1;2,9;2;1;1
252857068509;252857068516;7;2,9;2;1;1
252857068516;252857068524;8;2,9;2;1;1
252857068524;252857068530;6;2,9;2;1;1
252857068530;252857068532;2;2,9;2;1;1
252857068532;252857068544;12;2,9;2;1;1
252857068544;252857068568;24;2,9;2;1;1
252857068568;252857068571;3;2,9;2;1;1
252857068571;252857068572;1;2,9;2;1;1
252857068572;252857068583;11;2,9;2;1;1
252857068583;252857068585;2;2,9;2;1;1
252857068585;252857068597;12;2,9;2;1;1
252857068597;252857068618;21;2,9;2;1;1
252857068618;252857068622;4;2,9;2;1;1
252857068622;252857068629;7;2,9;2;1;1
252857068629;252857068635;6;2,9;2;1;1
252857068635;252857068638;3;2,9;2;1;1
252857068638;252857068639;1;2,9;2;1;1
252857068639;252857068640;1;2,9;2;1;1
252857068640;252857068652;12;2,9;2;1;1
252857068652;252857068662;10;2,9;2;1;1
252857068662;252857068665;3;2,9;2;1;1
252857068665;252857068670;5;2,9;2;1;1
252857068670;252857068674;4;2,9;2;1;1
252857068674;252857068675;1;2,9;2;1;1
252857068675;252857068678;3;2,9;2;1;1
252857068678;252857068681;3;2,9;2;1;1
252857068681;252857068684;3;2,9;2;1;1
252857068684;252857068706;22;2,9;2;1;1
252857068706;252857068711;5;2,9;2;1;1
252857068711;252857068722;11;2,9;2;1;1
252857068722;252857068728;6;2,9;2;1;1
252857068728;252857068733;5;2,9;2;1;1
252857068733;252857068736;3;2,9;2;1;1
252857068736;252857068741;5;2,9;2;1;1
252857068741;252857068744;3;2,9;2;1;1
252857068744;252857068751;7;2,9;2;1;1
252857068751;252857068754;3;2,9;2;1;1
252857068754;252857068762;8;2,9;2;1;1
252857068762;252857068772;10;2,9;2;1;1
252857068772;252857068783;11;2,9;2;1;1
252857068783;252857068785;2;2,9;2;1;1
252857068785;252857068787;2;2,9;2;1;1
252857068787;252857068792;5;2,9;2;1;1
252857068792;252857068802;10;2,9;2;1;1
252857068802;252857068803;1;2,9;2;1;1
252857068803;252857068815;12;2,9;2;1;1
252857068815;252857068817;2;2,9;2;1;1
252857068817;252857068838;21;2,9;2;1;1
252857068838;252857068845;7;2,9;2;1;1
252857068845;252857068848;3;2,9;2;1;1
252857068848;252857068867;19;2,9;2;1;1
252857068867;252857068871;4;2,9;2;1;1
252857068871;252857068896;25;2,9;2;1;1
252857068896;252857068904;8;2,9;2;1;1
252857068904;252857068923;19;2,9;2;1;1
252857068923;252857068929;6;2,9;2;1;1
252857068929;252857068942;13;2,9;2;1;1
252857068942;252857068944;2;2,9;2;1;1
252857068944;252857068945;1;2,9;2;1;1
252857068945;252857068972;27;2,9;2;1;1
252857068972;252857068973;1;2,9;2;1;1
252857068973;252857068975;2;2,9;2;1;1
252857068975;252857068988;13;2,9;2;1;1
252857068988;252857068993;5;2,9;2;1;1
252857068993;252857068995;2;2,9;2;1;1
252857068995;252857068997;2;2,9;2;1;1
252857068997;252857069027;30;2,9;2;1;1
252857069027;252857069028;1;2,9;2;1;1
252857069028;252857069036;8;2,9;2;1;1
252857069036;252857069046;10;2,9;2;1;1
252857069046;252857069052;6;2,9;2;1;1
252857069052;252857069056;4;2,9;2;1;1
252857069056;252857069075;19;2,9;2;1;1
252857069075;252857069079;4;2,9;2;1;1
252857069079;252857069081;2;2,9;2;1;1
252857069081;252857069096;15;2,9;2;1;1
252857069096;252857069104;8;2,9;2;1;1
252857069104;252857069116;12;2,9;2;1;1
252857069116;252857069133;17;2,9;2;1;1
252857069133;252857069160;27;2,9;2;1;1
252857069160;252857069168;8;2,9;2;1;1
252857069168;252857069220;52;2,9;2;1;1
252857069220;252857069224;4;2,9;2;1;1
252857069224;252857069233;9;2,9;2;1;1
252857069233;252857069247;14;2,9;2;1;1
252857069247;252857069266;19;2,9;2;1;1
252857069266;252857069280;14;2,9;2;1;1
252857069280;252857069290;10;2,9;2;1;1
252857069290;252857069300;10;2,9;2;1;1
252857069300;252857069304;4;2,9;2;1;1
252857069304;252857069313;9;2,9;2;1;1
252857069313;252857069318;5;2,9;2;1;1
252857069318;252857069330;12;2,9;2;1;1
252857069330;252857069338;8;2,9;2;1;1
252857069338;252857069347;9;2,9;2;1;1
252857069347;252857069377;30;2,9;2;1;1
252857069377;252857069380;3;2,9;2;1;1
252857069380;252857069389;9;2,9;2;1;1
252857069389;252857069397;8;2,9;2;1;1
252857069397;252857069400;3;2,9;2;1;1
252857069400;252857069406;6;2,9;2;1;1
252857069406;252857069407;1;2,9;2;1;1
252857069407;252857069420;13;2,9;2;1;1
252857069420;252857069421;1;2,9;2;1;1
252857069421;252857069431;10;2,9;2;1;1
252857069431;252857069435;4;2,9;2;1;1
252857069435;252857069474;39;2,9;2;1;1
252857069474;252857069510;36;2,9;2;1;1
252857069510;252857069514;4;2,9;2;1;1
252857069514;252857069519;5;2,9;2;1;1
252857069519;252857069522;3;2,9;2;1;1
252857069522;252857069530;8;2,9;2;1;1
252857069530;252857069542;12;2,9;2;1;1
252857069542;252857069554;12;2,9;2;1;1
252857069554;252857069557;3;2,9;2;1;1
252857069557;252857069565;8;2,9;2;1;1
252857069565;252857069569;4;2,9;2;1;1
252857069569;252857069579;10;2,9;2;1;1
252857069579;252857069581;2;2,9;2;1;1
252857069581;252857069600;19;2,9;2;1;1
252857069600;252857069606;6;2,9;2;1;1
252857069606;252857069626;20;2,9;2;1;1
252857069626;252857069635;9;2,9;2;1;1
252857069635;252857069639;4;2,9;2;1;1
252857069639;252857069661;22;2,9;2;1;1
252857069661;252857069664;3;2,9;2;1;1
252857069664;252857069682;18;2,9;2;1;1
252857069682;252857069688;6;2,9;2;1;1
252857069688;252857069691;3;2,9;2;1;1
252857069691;252857069699;8;2,9;2;1;1
252857069699;252857069701;2;2,9;2;1;1
252857069701;252857069728;27;2,9;2;1;1
252857069728;252857069740;12;2,9;2;1;1
252857069740;252857069746;6;2,9;2;1;1
252857069746;252857069751;5;2,9;2;1;1
252857069751;252857069773;22;2,9;2;1;1
252857069773;252857069789;16;2,9;2;1;1
252857069789;252857069794;5;2,9;2;1;1
252857069794;252857069797;3;2,9;2;1;1
252857069797;252857069801;4;2,9;2;1;1
252857069801;252857069804;3;2,9;2;1;1
252857069804;252857069820;16;2,9;2;1;1
252857069820;252857069826;6;2,9;2;1;1
252857069826;252857069835;9;2,9;2;1;1
252857069835;252857069839;4;2,9;2;1;1
252857069839;252857069850;11;2,9;2;1;1
252857069850;252857069855;5;2,9;2;1;1
252857069855;252857069864;9;2,9;2;1;1
252857069864;252857069878;14;2,9;2;1;1
252857069878;252857069907;29;2,9;2;1;1
252857069907;252857069908;1;2,9;2;1;1
252857069908;252857069920;12;2,9;2;1;1
252857069920;252857069925;5;2,9;2;1;1
252857069925;252857069947;22;2,9;2;1;1
252857069947;252857069954;7;2,9;2;1;1
252857069954;252857069963;9;2,9;2;1;1
252857069963;252857069964;1;2,9;2;1;1
252857069964;252857069980;16;2,9;2;1;1
252857069980;252857069985;5;2,9;2;1;1
252857069985;252857069987;2;2,9;2;1;1
252857069987;252857069992;5;2,9;2;1;1
252857069992;252857070011;19;2,9;2;1;1
252857070011;252857070017;6;2,9;2;1;1
252857070017;252857070018;1;2,9;2;1;1
252857070018;252857070027;9;2,9;2;1;1
252857070027;252857070040;13;2,9;2;1;1
252857070040;252857070049;9;2,9;2;1;1
252857070049;252857070052;3;2,9;2;1;1
252857070052;252857070056;4;2,9;2;1;1
252857070056;252857070069;13;2,9;2;1;1
252857070069;252857070075;6;2,9;2;1;1
252857070075;252857070076;1;2,9;2;1;1
252857070076;252857070077;1;2,9;2;1;1
252857070077;252857070098;21;2,9;2;1;1
252857070098;252857070101;3;2,9;2;1;1
252857070101;252857070108;7;2,9;2;1;1
252857070108;252857070121;13;2,9;2;1;1
252857070121;252857070128;7;2,9;2;1;1
252857070128;252857070140;12;2,9;2;1;1
252857070140;252857070162;22;2,9;2;1;1
252857070162;252857070181;19;2,9;2;1;1
252857070181;252857070186;5;2,9;2;1;1
252857070186;252857070187;1;2,9;2;1;1
252857070187;252857070191;4;2,9;2;1;1
252857070191;252857070196;5;2,9;2;1;1
252857070196;252857070201;5;2,9;2;1;1
252857070201;252857070209;8;2,9;2;1;1
252857070209;252857070215;6;2,9;2;1;1
252857070215;252857070218;3;2,9;2;1;1
252857070218;252857070219;1;2,9;2;1;1
252857070219;252857070221;2;2,9;2;1;1
252857070221;252857070237;16;2,9;2;1;1
252857070237;252857070239;2;2,9;2;1;1
252857070239;252857070242;3;2,9;2;1;1
252857070242;252857070243;1;2,9;2;1;1
252857070243;252857070245;2;2,9;2;1;1
252857070245;252857070248;3;2,9;2;1;1
252857070248;252857070251;3;2,9;2;1;1
252857070251;252857070255;4;2,9;2;1;1
252857070255;252857070259;4;2,9;2;1;1
252857070259;252857070265;6;2,9;2;1;1
252857070265;252857070273;8;2,9;2;1;1
252857070273;252857070275;2;2,9;2;1;1
252857070275;252857070280;5;2,9;2;1;1
252857070280;252857070284;4;2,9;2;1;1
252857070284;252857070293;9;2,9;2;1;1
252857070293;252857070295;2;2,9;2;1;1
252857070295;252857070299;4;2,9;2;1;1
252857070299;252857070306;7;2,9;2;1;1
252857070306;252857070307;1;2,9;2;1;1
252857070307;252857070319;12;2,9;2;1;1
252857070319;252857070324;5;2,9;2;1;1
252857070324;252857070336;12;2,9;2;1;1
252857070336;252857070340;4;2,9;2;1;1
252857070340;252857070345;5;2,9;2;1;1
252857070345;252857070351;6;2,9;2;1;1
252857070351;252857070356;5;2,9;2;1;1
252857070356;252857070359;3;2,9;2;1;1
252857070359;252857070367;8;2,9;2;1;1
252857070367;252857070379;12;2,9;2;1;1
252857070379;252857070389;10;2,9;2;1;1
252857070389;252857070391;2;2,9;2;1;1
252857070391;252857070396;5;2,9;2;1;1
252857070396;252857070413;17;2,9;2;1;1
252857070413;252857070417;4;2,9;2;1;1
252857070417;252857070421;4;2,9;2;1;1
252857070421;252857070422;1;2,9;2;1;1
252857070422;252857070426;4;2,9;2;1;1
252857070426;252857070432;6;2,9;2;1;1
252857070432;252857070438;6;2,9;2;1;1
252857070438;252857070441;3;2,9;2;1;1
252857070441;252857070442;1;2,9;2;1;1
252857070442;252857070447;5;2,9;2;1;1
252857070447;252857070450;3;2,9;2;1;1
252857070450;252857070460;10;2,9;2;1;1
252857070460;252857070461;1;2,9;2;1;1
252857070461;252857070475;14;2,9;2;1;1
252857070475;252857070485;10;2,9;2;1;1
252857070485;252857070495;10;2,9;2;1;1
252857070495;252857070498;3;2,9;2;1;1
252857070498;252857070502;4;2,9;2;1;1
252857070502;252857070538;36;2,9;2;1;1
252857070538;252857070539;1;2,9;2;1;1
252857070539;252857070549;10;2,9;2;1;1
252857070549;252857070550;1;2,9;2;1;1
252857070550;252857070551;1;2,9;2;1;1
252857070551;252857070552;1;2,9;2;1;1
252857070552;252857070556;4;2,9;2;1;1
252857070556;252857070567;11;2,9;2;1;1
252857070567;252857070578;11;2,9;2;1;1
252857070578;252857070581;3;2,9;2;1;1
252857070581;252857070585;4;2,9;2;1;1
252857070585;252857070597;12;2,9;2;1;1
252857070597;252857070606;9;2,9;2;1;1
252857070606;252857070607;1;2,9;2;1;1
252857070607;252857070617;10;2,9;2;1;1
252857070617;252857070627;10;2,9;2;1;1
252857070627;252857070628;1;2,9;2;1;1
252857070628;252857070631;3;2,9;2;1;1
252857070631;252857070634;3;2,9;2;1;1
252857070634;252857070639;5;2,9;2;1;1
252857070639;252857070652;13;2,9;2;1;1
252857070652;252857070660;8;2,9;2;1;1
252857070660;252857070663;3;2,9;2;1;1
252857070663;252857070670;7;2,9;2;1;1
252857070670;252857070678;8;2,9;2;1;1
252857070678;252857070683;5;2,9;2;1;1
252857070683;252857070688;5;2,9;2;1;1
252857070688;252857070701;13;2,9;2;1;1
252857070701;252857070715;14;2,9;2;1;1
252857070715;252857070716;1;2,9;2;1;1
252857070716;252857070721;5;2,9;2;1;1
252857070721;252857070724;3;2,9;2;1;1
252857070724;252857070729;5;2,9;2;1;1
252857070729;252857070739;10;2,9;2;1;1
252857070739;252857070746;7;2,9;2;1;1
252857070746;252857070762;16;2,9;2;1;1
252857070762;252857070764;2;2,9;2;1;1
252857070764;252857070768;4;2,9;2;1;1
252857070768;252857070769;1;2,9;2;1;1
252857070769;252857070787;18;2,9;2;1;1
252857070787;252857070789;2;2,9;2;1;1
252857070789;252857070804;15;2,9;2;1;1
252857070804;252857070806;2;2,9;2;1;1
252857070806;252857070812;6;2,9;2;1;1
252857070812;252857070828;16;2,9;2;1;1
252857070828;252857070831;3;2,9;2;1;1
252857070831;252857070839;8;2,9;2;1;1
252857070839;252857070840;1;2,9;2;1;1
252857070840;252857070846;6;2,9;2;1;1
252857070846;252857070854;8;2,9;2;1;1
252857070854;252857070855;1;2,9;2;1;1
252857070855;252857070856;1;2,9;2;1;1
252857070856;252857070874;18;2,9;2;1;1
252857070874;252857070882;8;2,9;2;1;1
252857070882;252857070890;8;2,9;2;1;1
252857070890;252857070891;1;2,9;2;1;1
252857070891;252857070908;17;2,9;2;1;1
252857070908;252857070933;25;2,9;2;1;1
252857070933;252857070944;11;2,9;2;1;1
252857070944;252857070953;9;2,9;2;1;1
252857070953;252857070980;27;2,9;2;1;1
252857070980;252857070982;2;2,9;2;1;1
252857070982;252857070986;4;2,9;2;1;1
252857070986;252857071004;18;2,9;2;1;1
252857071004;252857071008;4;2,9;2;1;1
252857071008;252857071021;13;2,9;2;1;1
252857071021;252857071026;5;2,9;2;1;1
252857071026;252857071027;1;2,9;2;1;1
252857071027;252857071037;10;2,9;2;1;1
252857071037;252857071038;1;2,9;2;1;1
252857071038;252857071060;22;2,9;2;1;1
252857071060;252857071063;3;2,9;2;1;1
252857071063;252857071064;1;2,9;2;1;1
252857071064;252857071066;2;2,9;2;1;1
252857071066;252857071077;11;2,9;2;1;1
252857071077;252857071082;5;2,9;2;1;1
252857071082;252857071084;2;2,9;2;1;1
252857071084;252857071112;28;2,9;2;1;1
252857071112;252857071124;12;2,9;2;1;1
252857071124;252857071137;13;2,9;2;1;1
252857071137;252857071147;10;2,9;2;1;1
252857071147;252857071148;1;2,9;2;1;1
252857071148;252857071155;7;2,9;2;1;1
252857071155;252857071164;9;2,9;2;1;1
252857071164;252857071168;4;2,9;2;1;1
252857071168;252857071169;1;2,9;2;1;1
252857071169;252857071174;5;2,9;2;1;1
252857071174;252857071184;10;2,9;2;1;1
252857071184;252857071195;11;2,9;2;1;1
252857071195;252857071198;3;2,9;2;1;1
252857071198;252857071203;5;2,9;2;1;1
252857071203;252857071211;8;2,9;2;1;1
252857071211;252857071214;3;2,9;2;1;1
252857071214;252857071222;8;2,9;2;1;1
252857071222;252857071239;17;2,9;2;1;1
252857071239;252857071245;6;2,9;2;1;1
252857071245;252857071246;1;2,9;2;1;1
252857071246;252857071249;3;2,9;2;1;1
252857071249;252857071257;8;2,9;2;1;1
252857071257;252857071265;8;2,9;2;1;1
252857071265;252857071270;5;2,9;2;1;1
252857071270;252857071271;1;2,9;2;1;1
252857071271;252857071280;9;2,9;2;1;1
252857071280;252857071294;14;2,9;2;1;1
252857071294;252857071297;3;2,9;2;1;1
252857071297;252857071300;3;2,9;2;1;1
252857071300;252857071304;4;2,9;2;1;1
252857071304;252857071311;7;2,9;2;1;1
252857071311;252857071318;7;2,9;2;1;1
252857071318;252857071339;21;2,9;2;1;1
252857071339;252857071351;12;2,9;2;1;1
252857071351;252857071353;2;2,9;2;1;1
252857071353;252857071375;22;2,9;2;1;1
252857071375;252857071376;1;2,9;2;1;1
252857071376;252857071384;8;2,9;2;1;1
252857071384;252857071391;7;2,9;2;1;1
252857071391;252857071397;6;2,9;2;1;1
252857071397;252857071408;11;2,9;2;1;1
252857071408;252857071411;3;2,9;2;1;1
252857071411;252857071431;20;2,9;2;1;1
252857071431;252857071433;2;2,9;2;1;1
252857071433;252857071450;17;2,9;2;1;1
252857071450;252857071451;1;2,9;2;1;1
252857071451;252857071456;5;2,9;2;1;1
252857071456;252857071473;17;2,9;2;1;1
252857071473;252857071474;1;2,9;2;1;1
252857071474;252857071481;7;2,9;2;1;1
252857071481;252857071487;6;2,9;2;1;1
252857071487;252857071514;27;2,9;2;1;1
252857071514;252857071517;3;2,9;2;1;1
252857071517;252857071533;16;2,9;2;1;1
252857071533;252857071536;3;2,9;2;1;1
252857071536;252857071542;6;2,9;2;1;1
252857071542;252857071543;1;2,9;2;1;1
252857071543;252857071546;3;2,9;2;1;1
252857071546;252857071555;9;2,9;2;1;1
252857071555;252857071563;8;2,9;2;1;1
252857071563;252857071575;12;2,9;2;1;1
252857071575;252857071576;1;2,9;2;1;1
252857071576;252857071581;5;2,9;2;1;1
252857071581;252857071591;10;2,9;2;1;1
252857071591;252857071598;7;2,9;2;1;1
252857071598;252857071599;1;2,9;2;1;1
252857071599;252857071603;4;2,9;2;1;1
252857071603;252857071609;6;2,9;2;1;1
252857071609;252857071614;5;2,9;2;1;1
252857071614;252857071615;1;2,9;2;1;1
252857071615;252857071616;1;2,9;2;1;1
252857071616;252857071630;14;2,9;2;1;1
252857071630;252857071642;12;2,9;2;1;1
252857071642;252857071649;7;2,9;2;1;1
252857071649;252857071650;1;2,9;2;1;1
252857071650;252857071653;3;2,9;2;1;1
252857071653;252857071665;12;2,9;2;1;1
252857071665;252857071671;6;2,9;2;1;1
252857071671;252857071675;4;2,9;2;1;1
252857071675;252857071676;1;2,9;2;1;1
252857071676;252857071680;4;2,9;2;1;1
252857071680;252857071696;16;2,9;2;1;1
252857071696;252857071697;1;2,9;2;1;1
252857071697;252857071709;12;2,9;2;1;1
252857071709;252857071729;20;2,9;2;1;1
252857071729;252857071730;1;2,9;2;1;1
252857071730;252857071735;5;2,9;2;1;1
252857071735;252857071738;3;2,9;2;1;1
252857071738;252857071739;1;2,9;2;1;1
252857071739;252857071749;10;2,9;2;1;1
252857071749;252857071759;10;2,9;2;1;1
252857071759;252857071766;7;2,9;2;1;1
252857071766;252857071767;1;2,9;2;1;1
252857071767;252857071772;5;2,9;2;1;1
252857071772;252857071773;1;2,9;2;1;1
252857071773;252857071777;4;2,9;2;1;1
252857071777;252857071807;30;2,9;2;1;1
252857071807;252857071816;9;2,9;2;1;1
252857071816;252857071818;2;2,9;2;1;1
252857071818;252857071819;1;2,9;2;1;1
252857071819;252857071826;7;2,9;2;1;1
252857071826;252857071827;1;2,9;2;1;1
252857071827;252857071837;10;2,9;2;1;1
252857071837;252857071847;10;2,9;2;1;1
252857071847;252857071850;3;2,9;2;1;1
252857071850;252857071851;1;2,9;2;1;1
252857071851;252857071853;2;2,9;2;1;1
252857071853;252857071855;2;2,9;2;1;1
252857071855;252857071866;11;2,9;2;1;1
252857071866;252857071877;11;2,9;2;1;1
252857071877;252857071884;7;2,9;2;1;1
252857071884;252857071888;4;2,9;2;1;1
252857071888;252857071892;4;2,9;2;1;1
252857071892;252857071900;8;2,9;2;1;1
252857071900;252857071906;6;2,9;2;1;1
252857071906;252857071913;7;2,9;2;1;1
252857071913;252857071915;2;2,9;2;1;1
252857071915;252857071916;1;2,9;2;1;1
252857071916;252857071920;4;2,9;2;1;1
252857071920;252857071925;5;2,9;2;1;1
252857071925;252857071928;3;2,9;2;1;1
252857071928;252857071930;2;2,9;2;1;1
252857071930;252857071934;4;2,9;2;1;1
252857071934;252857071939;5;2,9;2;1;1
252857071939;252857071945;6;2,9;2;1;1
252857071945;252857071947;2;2,9;2;1;1
252857071947;252857071952;5;2,9;2;1;1
252857071952;252857071955;3;2,9;2;1;1
252857071955;252857071965;10;2,9;2;1;1
252857071965;252857071969;4;2,9;2;1;1
252857071969;252857071972;3;2,9;2;1;1
252857071972;252857071974;2;2,9;2;1;1
252857071974;252857071979;5;2,9;2;1;1
252857071979;252857071980;1;2,9;2;1;1
252857071980;252857071982;2;2,9;2;1;1
252857071982;252857071989;7;2,9;2;1;1
252857071989;252857072004;15;2,9;2;1;1
252857072004;252857072010;6;2,9;2;1;1
252857072010;252857072015;5;2,9;2;1;1
252857072015;252857072016;1;2,9;2;1;1
252857072016;252857072017;1;2,9;2;1;1
252857072017;252857072021;4;2,9;2;1;1
252857072021;252857072024;3;2,9;2;1;1
252857072024;252857072027;3;2,9;2;1;1
252857072027;252857072031;4;2,9;2;1;1
252857072031;252857072032;1;2,9;2;1;1
252857072032;252857072039;7;2,9;2;1;1
252857072039;252857072041;2;2,9;2;1;1
252857072041;252857072044;3;2,9;2;1;1
252857072044;252857072045;1;2,9;2;1;1
252857072045;252857072048;3;2,9;2;1;1
252857072048;252857072054;6;2,9;2;1;1
252857072054;252857072063;9;2,9;2;1;1
252857072063;252857072066;3;2,9;2;1;1
252857072066;252857072070;4;2,9;2;1;1
252857072070;252857072071;1;2,9;2;1;1
252857072071;252857072078;7;2,9;2;1;1
252857072078;252857072080;2;2,9;2;1;1
252857072080;252857072094;14;2,9;2;1;1
252857072094;252857072097;3;2,9;2;1;1
252857072097;252857072100;3;2,9;2;1;1
252857072100;252857072103;3;2,9;2;1;1
252857072103;252857072119;16;2,9;2;1;1
252857072119;252857072125;6;2,9;2;1;1
252857072125;252857072131;6;2,9;2;1;1
252857072131;252857072133;2;2,9;2;1;1
252857072133;252857072134;1;2,9;2;1;1
252857072134;252857072150;16;2,9;2;1;1
252857072150;252857072154;4;2,9;2;1;1
252857072154;252857072161;7;2,9;2;1;1
252857072161;252857072180;19;2,9;2;1;1
252857072180;252857072188;8;2,9;2;1;1
252857072188;252857072195;7;2,9;2;1;1
252857072195;252857072196;1;2,9;2;1;1
252857072196;252857072202;6;2,9;2;1;1
252857072202;252857072208;6;2,9;2;1;1
252857072208;252857072212;4;2,9;2;1;1
252857072212;252857072214;2;2,9;2;1;1
252857072214;252857072215;1;2,9;2;1;1
252857072215;252857072222;7;2,9;2;1;1
252857072222;252857072228;6;2,9;2;1;1
252857072228;252857072237;9;2,9;2;1;1
252857072237;252857072243;6;2,9;2;1;1
252857072243;252857072247;4;2,9;2;1;1
252857072247;252857072248;1;2,9;2;1;1
252857072248;252857072249;1;2,9;2;1;1
252857072249;252857072251;2;2,9;2;1;1
252857072251;252857072252;1;2,9;2;1;1
252857072252;252857072259;7;2,9;2;1;1
252857072259;252857072269;10;2,9;2;1;1
252857072269;252857072271;2;2,9;2;1;1
252857072271;252857072273;2;2,9;2;1;1
252857072273;252857072275;2;2,9;2;1;1
252857072275;252857072280;5;2,9;2;1;1
252857072280;252857072281;1;2,9;2;1;1
252857072281;252857072297;16;2,9;2;1;1
252857072297;252857072298;1;2,9;2;1;1
252857072298;252857072303;5;2,9;2;1;1
252857072303;252857072311;8;2,9;2;1;1
252857072311;252857072312;1;2,9;2;1;1
252857072312;252857072313;1;2,9;2;1;1
252857072313;252857072314;1;2,9;2;1;1
252857072314;252857072329;15;2,9;2;1;1
252857072329;252857072331;2;2,9;2;1;1
252857072331;252857072339;8;2,9;2;1;1
252857072339;252857072340;1;2,9;2;1;1
252857072340;252857072342;2;2,9;2;1;1
252857072342;252857072353;11;2,9;2;1;1
252857072353;252857072357;4;2,9;2;1;1
252857072357;252857072386;29;2,9;2;1;1
252857072386;252857072398;12;2,9;2;1;1
252857072398;252857072399;1;2,9;2;1;1
252857072399;252857072404;5;2,9;2;1;1
252857072404;252857072410;6;2,9;2;1;1
252857072410;252857072422;12;2,9;2;1;1
252857072422;252857072425;3;2,9;2;1;1
252857072425;252857072436;11;2,9;2;1;1
252857072436;252857072446;10;2,9;2;1;1
252857072446;252857072462;16;2,9;2;1;1
252857072462;252857072463;1;2,9;2;1;1
252857072463;252857072485;22;2,9;2;1;1
252857072485;252857072495;10;2,9;2;1;1
252857072495;252857072496;1;2,9;2;1;1
252857072496;252857072516;20;2,9;2;1;1
252857072516;252857072517;1;2,9;2;1;1
252857072517;252857072528;11;2,9;2;1;1
252857072528;252857072545;17;2,9;2;1;1
252857072545;252857072558;13;2,9;2;1;1
252857072558;252857072564;6;2,9;2;1;1
252857072564;252857072567;3;2,9;2;1;1
252857072567;252857072583;16;2,9;2;1;1
252857072583;252857072584;1;2,9;2;1;1
252857072584;252857072587;3;2,9;2;1;1
252857072587;252857072598;11;2,9;2;1;1
252857072598;252857072606;8;2,9;2;1;1
252857072606;252857072611;5;2,9;2;1;1
252857072611;252857072614;3;2,9;2;1;1
252857072614;252857072617;3;2,9;2;1;1
252857072617;252857072618;1;2,9;2;1;1
252857072618;252857072619;1;2,9;2;1;1
252857072619;252857072628;9;2,9;2;1;1
252857072628;252857072629;1;2,9;2;1;1
252857072629;252857072632;3;2,9;2;1;1
252857072632;252857072643;11;2,9;2;1;1
252857072643;252857072646;3;2,9;2;1;1
252857072646;252857072648;2;2,9;2;1;1
252857072648;252857072660;12;2,9;2;1;1
252857072660;252857072661;1;2,9;2;1;1
252857072661;252857072668;7;2,9;2;1;1
252857072668;252857072671;3;2,9;2;1;1
252857072671;252857072672;1;2,9;2;1;1
252857072672;252857072677;5;2,9;2;1;1
252857072677;252857072680;3;2,9;2;1;1
252857072680;252857072686;6;2,9;2;1;1
252857072686;252857072692;6;2,9;2;1;1
252857072692;252857072694;2;2,9;2;1;1
252857072694;252857072698;4;2,9;2;1;1
252857072698;252857072702;4;2,9;2;1;1
252857072702;252857072705;3;2,9;2;1;1
252857072705;252857072725;20;2,9;2;1;1
252857072725;252857072726;1;2,9;2;1;1
252857072726;252857072731;5;2,9;2;1;1
252857072731;252857072736;5;2,9;2;1;1
252857072736;252857072740;4;2,9;2;1;1
252857072740;252857072744;4;2,9;2;1;1
252857072744;252857072756;12;2,9;2;1;1
252857072756;252857072758;2;2,9;2;1;1
252857072758;252857072766;8;2,9;2;1;1
252857072766;252857072780;14;2,9;2;1;1
252857072780;252857072781;1;2,9;2;1;1
252857072781;252857072782;1;2,9;2;1;1
252857072782;252857072790;8;2,9;2;1;1
252857072790;252857072792;2;2,9;2;1;1
252857072792;252857072793;1;2,9;2;1;1
252857072793;252857072794;1;2,9;2;1;1
252857072794;252857072798;4;2,9;2;1;1
252857072798;252857072801;3;2,9;2;1;1
252857072801;252857072802;1;2,9;2;1;1
252857072802;252857072812;10;2,9;2;1;1
252857072812;252857072817;5;2,9;2;1;1
252857072817;252857072819;2;2,9;2;1;1
252857072819;252857072826;7;2,9;2;1;1
252857072826;252857072830;4;2,9;2;1;1
252857072830;252857072833;3;2,9;2;1;1
252857072833;252857072842;9;2,9;2;1;1
252857072842;252857072855;13;2,9;2;1;1
252857072855;252857072856;1;2,9;2;1;1
252857072856;252857072865;9;2,9;2;1;1
252857072865;252857072867;2;2,9;2;1;1
252857072867;252857072871;4;2,9;2;1;1
252857072871;252857072881;10;2,9;2;1;1
252857072881;252857072882;1;2,9;2;1;1
252857072882;252857072891;9;2,9;2;1;1
252857072891;252857072893;2;2,9;2;1;1
252857072893;252857072901;8;2,9;2;1;1
252857072901;252857072902;1;2,9;2;1;1
252857072902;252857072905;3;2,9;2;1;1
252857072905;252857072907;2;2,9;2;1;1
252857072907;252857072910;3;2,9;2;1;1
252857072910;252857072917;7;2,9;2;1;1
252857072917;252857072927;10;2,9;2;1;1
252857072927;252857072936;9;2,9;2;1;1
252857072936;252857072937;1;2,9;2;1;1
252857072937;252857072945;8;2,9;2;1;1
252857072945;252857072948;3;2,9;2;1;1
252857072948;252857072959;11;2,9;2;1;1
252857072959;252857072970;11;2,9;2;1;1
252857072970;252857072977;7;2,9;2;1;1
252857072977;252857072979;2;2,9;2;1;1
252857072979;252857072980;1;2,9;2;1;1
252857072980;252857072983;3;2,9;2;1;1
252857072983;252857072985;2;2,9;2;1;1
252857072985;252857072987;2;2,9;2;1;1
252857072987;252857072988;1;2,9;2;1;1
252857072988;252857073012;24;2,9;2;1;1
252857073012;252857073014;2;2,9;2;1;1
252857073014;252857073015;1;2,9;2;1;1
252857073015;252857073026;11;2,9;2;1;1
252857073026;252857073027;1;2,9;2;1;1
252857073027;252857073031;4;2,9;2;1;1
252857073031;252857073034;3;2,9;2;1;1
252857073034;252857073040;6;2,9;2;1;1
252857073040;252857073043;3;2,9;2;1;1
252857073043;252857073053;10;2,9;2;1;1
252857073053;252857073054;1;2,9;2;1;1
252857073054;252857073056;2;2,9;2;1;1
252857073056;252857073062;6;2,9;2;1;1
252857073062;252857073063;1;2,9;2;1;1
252857073063;252857073066;3;2,9;2;1;1
252857073066;252857073081;15;2,9;2;1;1
252857073081;252857073086;5;2,9;2;1;1
252857073086;252857073087;1;2,9;2;1;1
252857073087;252857073096;9;2,9;2;1;1
252857073096;252857073103;7;2,9;2;1;1
252857073103;252857073107;4;2,9;2;1;1
252857073107;252857073109;2;2,9;2;1;1
252857073109;252857073122;13;2,9;2;1;1
252857073122;252857073132;10;2,9;2;1;1
252857073132;252857073134;2;2,9;2;1;1
252857073134;252857073135;1;2,9;2;1;1
252857073135;252857073149;14;2,9;2;1;1
252857073149;252857073156;7;2,9;2;1;1
252857073156;252857073159;3;2,9;2;1;1
252857073159;252857073163;4;2,9;2;1;1
252857073163;252857073166;3;2,9;2;1;1
252857073166;252857073168;2;2,9;2;1;1
252857073168;252857073175;7;2,9;2;1;1
252857073175;252857073176;1;2,9;2;1;1
252857073176;252857073184;8;2,9;2;1;1
252857073184;252857073192;8;2,9;2;1;1
252857073192;252857073201;9;2,9;2;1;1
252857073201;252857073205;4;2,9;2;1;1
252857073205;252857073214;9;2,9;2;1;1
252857073214;252857073217;3;2,9;2;1;1
252857073217;252857073223;6;2,9;2;1;1
252857073223;252857073224;1;2,9;2;1;1
252857073224;252857073231;7;2,9;2;1;1
252857073231;252857073233;2;2,9;2;1;1
252857073233;252857073244;11;2,9;2;1;1
252857073244;252857073245;1;2,9;2;1;1
252857073245;252857073246;1;2,9;2;1;1
252857073246;252857073264;18;2,9;2;1;1
252857073264;252857073267;3;2,9;2;1;1
252857073267;252857073272;5;2,9;2;1;1
252857073272;252857073275;3;2,9;2;1;1
252857073275;252857073287;12;2,9;2;1;1
252857073287;252857073288;1;2,9;2;1;1
252857073288;252857073296;8;2,9;2;1;1
252857073296;252857073298;2;2,9;2;1;1
252857073298;252857073306;8;2,9;2;1;1
252857073306;252857073317;11;2,9;2;1;1
252857073317;252857073322;5;2,9;2;1;1
252857073322;252857073325;3;2,9;2;1;1
252857073325;252857073327;2;2,9;2;1;1
252857073327;252857073334;7;2,9;2;1;1
252857073334;252857073336;2;2,9;2;1;1
252857073336;252857073347;11;2,9;2;1;1
252857073347;252857073351;4;2,9;2;1;1
252857073351;252857073352;1;2,9;2;1;1
252857073352;252857073358;6;2,9;2;1;1
252857073358;252857073365;7;2,9;2;1;1
252857073365;252857073369;4;2,9;2;1;1
252857073369;252857073392;23;2,9;2;1;1
252857073392;252857073395;3;2,9;2;1;1
252857073395;252857073400;5;2,9;2;1;1
252857073400;252857073403;3;2,9;2;1;1
252857073403;252857073415;12;2,9;2;1;1
252857073415;252857073427;12;2,9;2;1;1
252857073427;252857073428;1;2,9;2;1;1
252857073428;252857073435;7;2,9;2;1;1
252857073435;252857073440;5;2,9;2;1;1
252857073440;252857073443;3;2,9;2;1;1
252857073443;252857073453;10;2,9;2;1;1
252857073453;252857073465;12;2,9;2;1;1
252857073465;252857073469;4;2,9;2;1;1
252857073469;252857073484;15;2,9;2;1;1
252857073484;252857073485;1;2,9;2;1;1
252857073485;252857073494;9;2,9;2;1;1
252857073494;252857073517;23;2,9;2;1;1
252857073517;252857073522;5;2,9;2;1;1
252857073522;252857073531;9;2,9;2;1;1
252857073531;252857073552;21;2,9;2;1;1
252857073552;252857073569;17;2,9;2;1;1
252857073569;252857073570;1;2,9;2;1;1
252857073570;252857073573;3;2,9;2;1;1
252857073573;252857073574;1;2,9;2;1;1
252857073574;252857073585;11;2,9;2;1;1
252857073585;252857073604;19;2,9;2;1;1
252857073604;252857073610;6;2,9;2;1;1
252857073610;252857073611;1;2,9;2;1;1
252857073611;252857073622;11;2,9;2;1;1
252857073622;252857073624;2;2,9;2;1;1
252857073624;252857073640;16;2,9;2;1;1
252857073640;252857073657;17;2,9;2;1;1
252857073657;252857073667;10;2,9;2;1;1
252857073667;252857073672;5;2,9;2;1;1
252857073672;252857073675;3;2,9;2;1;1
252857073675;252857073680;5;2,9;2;1;1
252857073680;252857073685;5;2,9;2;1;1
252857073685;252857073701;16;2,9;2;1;1
252857073701;252857073702;1;2,9;2;1;1
252857073702;252857073704;2;2,9;2;1;1
252857073704;252857073719;15;2,9;2;1;1
252857073719;252857073723;4;2,9;2;1;1
252857073723;252857073728;5;2,9;2;1;1
252857073728;252857073739;11;2,9;2;1;1
252857073739;252857073746;7;2,9;2;1;1
252857073746;252857073755;9;2,9;2;1;1
252857073755;252857073756;1;2,9;2;1;1
252857073756;252857073757;1;2,9;2;1;1
252857073757;252857073758;1;2,9;2;1;1
252857073758;252857073770;12;2,9;2;1;1
252857073770;252857073777;7;2,9;2;1;1
252857073777;252857073780;3;2,9;2;1;1
252857073780;252857073782;2;2,9;2;1;1
252857073782;252857073783;1;2,9;2;1;1
252857073783;252857073793;10;2,9;2;1;1
252857073793;252857073798;5;2,9;2;1;1
252857073798;252857073809;11;2,9;2;1;1
252857073809;252857073813;4;2,9;2;1;1
252857073813;252857073824;11;2,9;2;1;1
252857073824;252857073830;6;2,9;2;1;1
252857073830;252857073833;3;2,9;2;1;1
252857073833;252857073836;3;2,9;2;1;1
252857073836;252857073838;2;2,9;2;1;1
252857073838;252857073839;1;2,9;2;1;1
252857073839;252857073848;9;2,9;2;1;1
252857073848;252857073850;2;2,9;2;1;1
252857073850;252857073852;2;2,9;2;1;1
252857073852;252857073873;21;2,9;2;1;1
252857073873;252857073882;9;2,9;2;1;1
252857073882;252857073887;5;2,9;2;1;1
252857073887;252857073889;2;2,9;2;1;1
252857073889;252857073890;1;2,9;2;1;1
252857073890;252857073893;3;2,9;2;1;1
252857073893;252857073895;2;2,9;2;1;1
252857073895;252857073899;4;2,9;2;1;1
252857073899;252857073911;12;2,9;2;1;1
252857073911;252857073913;2;2,9;2;1;1
252857073913;252857073917;4;2,9;2;1;1
252857073917;252857073923;6;2,9;2;1;1
252857073923;252857073927;4;2,9;2;1;1
252857073927;252857073931;4;2,9;2;1;1
252857073931;252857073938;7;2,9;2;1;1
252857073938;252857073939;1;2,9;2;1;1
252857073939;252857073950;11;2,9;2;1;1
252857073950;252857073964;14;2,9;2;1;1
252857073964;252857073978;14;2,9;2;1;1
252857073978;252857073988;10;2,9;2;1;1
252857073988;252857073992;4;2,9;2;1;1
252857073992;252857073994;2;2,9;2;1;1
252857073994;252857074016;22;2,9;2;1;1
252857074016;252857074018;2;2,9;2;1;1
252857074018;252857074022;4;2,9;2;1;1
252857074022;252857074035;13;2,9;2;1;1
252857074035;252857074039;4;2,9;2;1;1
252857074039;252857074050;11;2,9;2;1;1
252857074050;252857074059;9;2,9;2;1;1
252857074059;252857074064;5;2,9;2;1;1
252857074064;252857074068;4;2,9;2;1;1
252857074068;252857074089;21;2,9;2;1;1
252857074089;252857074097;8;2,9;2;1;1
252857074097;252857074102;5;2,9;2;1;1
252857074102;252857074113;11;2,9;2;1;1
252857074113;252857074121;8;2,9;2;1;1
252857074121;252857074137;16;2,9;2;1;1
252857074137;252857074138;1;2,9;2;1;1
252857074138;252857074145;7;2,9;2;1;1
252857074145;252857074149;4;2,9;2;1;1
252857074149;252857074153;4;2,9;2;1;1
252857074153;252857074157;4;2,9;2;1;1
252857074157;252857074167;10;2,9;2;1;1
252857074167;252857074174;7;2,9;2;1;1
252857074174;252857074177;3;2,9;2;1;1
252857074177;252857074184;7;2,9;2;1;1
252857074184;252857074194;10;2,9;2;1;1
252857074194;252857074197;3;2,9;2;1;1
252857074197;252857074202;5;2,9;2;1;1
252857074202;252857074219;17;2,9;2;1;1
252857074219;252857074247;28;2,9;2;1;1
252857074247;252857074260;13;2,9;2;1;1
252857074260;252857074262;2;2,9;2;1;1
252857074262;252857074266;4;2,9;2;1;1
252857074266;252857074280;14;2,9;2;1;1
252857074280;252857074293;13;2,9;2;1;1
252857074293;252857074304;11;2,9;2;1;1
252857074304;252857074312;8;2,9;2;1;1
252857074312;252857074318;6;2,9;2;1;1
252857074318;252857074320;2;2,9;2;1;1
252857074320;252857074324;4;2,9;2;1;1
252857074324;252857074334;10;2,9;2;1;1
252857074334;252857074340;6;2,9;2;1;1
252857074340;252857074347;7;2,9;2;1;1
252857074347;252857074350;3;2,9;2;1;1
252857074350;252857074362;12;2,9;2;1;1
252857074362;252857074363;1;2,9;2;1;1
252857074363;252857074373;10;2,9;2;1;1
252857074373;252857074403;30;2,9;2;1;1
252857074403;252857074407;4;2,9;2;1;1
252857074407;252857074414;7;2,9;2;1;1
252857074414;252857074419;5;2,9;2;1;1
252857074419;252857074450;31;2,9;2;1;1
252857074450;252857074470;20;2,9;2;1;1
252857074470;252857074492;22;2,9;2;1;1
252857074492;252857074507;15;2,9;2;1;1
252857074507;252857074512;5;2,9;2;1;1
252857074512;252857074514;2;2,9;2;1;1
252857074514;252857074532;18;2,9;2;1;1
252857074532;252857074535;3;2,9;2;1;1
252857074535;252857074536;1;2,9;2;1;1
252857074536;252857074543;7;2,9;2;1;1
252857074543;252857074565;22;2,9;2;1;1
252857074565;252857074567;2;2,9;2;1;1
252857074567;252857074581;14;2,9;2;1;1
252857074581;252857074583;2;2,9;2;1;1
252857074583;252857074584;1;2,9;2;1;1
252857074584;252857074599;15;2,9;2;1;1
252857074599;252857074608;9;2,9;2;1;1
252857074608;252857074621;13;2,9;2;1;1
252857074621;252857074623;2;2,9;2;1;1
252857074623;252857074634;11;2,9;2;1;1
252857074634;252857074636;2;2,9;2;1;1
252857074636;252857074646;10;2,9;2;1;1
252857074646;252857074654;8;2,9;2;1;1
252857074654;252857074656;2;2,9;2;1;1
252857074656;252857074657;1;2,9;2;1;1
252857074657;252857074668;11;2,9;2;1;1
252857074668;252857074678;10;2,9;2;1;1
252857074678;252857074684;6;2,9;2;1;1
252857074684;252857074689;5;2,9;2;1;1
252857074689;252857074706;17;2,9;2;1;1
252857074706;252857074718;12;2,9;2;1;1
252857074718;252857074722;4;2,9;2;1;1
252857074722;252857074738;16;2,9;2;1;1
252857074738;252857074741;3;2,9;2;1;1
252857074741;252857074760;19;2,9;2;1;1
252857074760;252857074778;18;2,9;2;1;1
252857074778;252857074797;19;2,9;2;1;1
252857074797;252857074804;7;2,9;2;1;1
252857074804;252857074805;1;2,9;2;1;1
252857074805;252857074815;10;2,9;2;1;1
252857074815;252857074825;10;2,9;2;1;1
252857074825;252857074841;16;2,9;2;1;1
252857074841;252857074846;5;2,9;2;1;1
252857074846;252857074853;7;2,9;2;1;1
252857074853;252857074870;17;2,9;2;1;1
252857074870;252857074884;14;2,9;2;1;1
252857074884;252857074886;2;2,9;2;1;1
252857074886;252857074892;6;2,9;2;1;1
252857074892;252857074924;32;2,9;2;1;1
252857074924;252857074932;8;2,9;2;1;1
252857074932;252857074933;1;2,9;2;1;1
252857074933;252857074952;19;2,9;2;1;1
252857074952;252857074953;1;2,9;2;1;1
252857074953;252857074977;24;2,9;2;1;1
252857074977;252857074978;1;2,9;2;1;1
252857074978;252857074989;11;2,9;2;1;1
252857074989;252857075014;25;2,9;2;1;1
252857075014;252857075026;12;2,9;2;1;1
252857075026;252857075040;14;2,9;2;1;1
252857075040;252857075042;2;2,9;2;1;1
252857075042;252857075055;13;2,9;2;1;1
252857075055;252857075058;3;2,9;2;1;1
252857075058;252857075067;9;2,9;2;1;1
252857075067;252857075071;4;2,9;2;1;1
252857075071;252857075072;1;2,9;2;1;1
252857075072;252857075077;5;2,9;2;1;1
252857075077;252857075078;1;2,9;2;1;1
252857075078;252857075088;10;2,9;2;1;1
252857075088;252857075096;8;2,9;2;1;1
252857075096;252857075098;2;2,9;2;1;1
252857075098;252857075106;8;2,9;2;1;1
252857075106;252857075117;11;2,9;2;1;1
252857075117;252857075118;1;2,9;2;1;1
252857075118;252857075119;1;2,9;2;1;1
252857075119;252857075130;11;2,9;2;1;1
252857075130;252857075141;11;2,9;2;1;1
252857075141;252857075147;6;2,9;2;1;1
252857075147;252857075150;3;2,9;2;1;1
252857075150;252857075157;7;2,9;2;1;1
252857075157;252857075160;3;2,9;2;1;1
252857075160;252857075161;1;2,9;2;1;1
252857075161;252857075162;1;2,9;2;1;1
252857075162;252857075168;6;2,9;2;1;1
252857075168;252857075170;2;2,9;2;1;1
252857075170;252857075173;3;2,9;2;1;1
252857075173;252857075176;3;2,9;2;1;1
252857075176;252857075177;1;2,9;2;1;1
252857075177;252857075179;2;2,9;2;1;1
252857075179;252857075186;7;2,9;2;1;1
252857075186;252857075193;7;2,9;2;1;1
252857075193;252857075202;9;2,9;2;1;1
252857075202;252857075203;1;2,9;2;1;1
252857075203;252857075206;3;2,9;2;1;1
252857075206;252857075207;1;2,9;2;1;1
252857075207;252857075219;12;2,9;2;1;1
252857075219;252857075220;1;2,9;2;1;1
252857075220;252857075227;7;2,9;2;1;1
252857075227;252857075228;1;2,9;2;1;1
252857075228;252857075229;1;2,9;2;1;1
252857075229;252857075231;2;2,9;2;1;1
252857075231;252857075235;4;2,9;2;1;1
252857075235;252857075245;10;2,9;2;1;1
252857075245;252857075251;6;2,9;2;1;1
252857075251;252857075255;4;2,9;2;1;1
252857075255;252857075264;9;2,9;2;1;1
252857075264;252857075268;4;2,9;2;1;1
252857075268;252857075280;12;2,9;2;1;1
252857075280;252857075284;4;2,9;2;1;1
252857075284;252857075293;9;2,9;2;1;1
252857075293;252857075297;4;2,9;2;1;1
252857075297;252857075304;7;2,9;2;1;1
252857075304;252857075306;2;2,9;2;1;1
252857075306;252857075311;5;2,9;2;1;1
252857075311;252857075313;2;2,9;2;1;1
252857075313;252857075318;5;2,9;2;1;1
252857075318;252857075321;3;2,9;2;1;1
252857075321;252857075322;1;2,9;2;1;1
252857075322;252857075323;1;2,9;2;1;1
252857075323;252857075334;11;2,9;2;1;1
252857075334;252857075337;3;2,9;2;1;1
252857075337;252857075341;4;2,9;2;1;1
252857075341;252857075350;9;2,9;2;1;1
252857075350;252857075352;2;2,9;2;1;1
252857075352;252857075356;4;2,9;2;1;1
252857075356;252857075357;1;2,9;2;1;1
252857075357;252857075359;2;2,9;2;1;1
252857075359;252857075368;9;2,9;2;1;1
252857075368;252857075377;9;2,9;2;1;1
252857075377;252857075384;7;2,9;2;1;1
252857075384;252857075392;8;2,9;2;1;1
252857075392;252857075397;5;2,9;2;1;1
252857075397;252857075400;3;2,9;2;1;1
252857075400;252857075402;2;2,9;2;1;1
252857075402;252857075404;2;2,9;2;1;1
252857075404;252857075412;8;2,9;2;1;1
252857075412;252857075422;10;2,9;2;1;1
252857075422;252857075426;4;2,9;2;1;1
252857075426;252857075429;3;2,9;2;1;1
252857075429;252857075434;5;2,9;2;1;1
252857075434;252857075437;3;2,9;2;1;1
252857075437;252857075446;9;2,9;2;1;1
252857075446;252857075458;12;2,9;2;1;1
252857075458;252857075465;7;2,9;2;1;1
252857075465;252857075466;1;2,9;2;1;1
252857075466;252857075482;16;2,9;2;1;1
252857075482;252857075485;3;2,9;2;1;1
252857075485;252857075498;13;2,9;2;1;1
252857075498;252857075506;8;2,9;2;1;1
252857075506;252857075509;3;2,9;2;1;1
252857075509;252857075534;25;2,9;2;1;1
252857075534;252857075538;4;2,9;2;1;1
252857075538;252857075547;9;2,9;2;1;1
252857075547;252857075564;17;2,9;2;1;1
252857075564;252857075566;2;2,9;2;1;1
252857075566;252857075572;6;2,9;2;1;1
252857075572;252857075573;1;2,9;2;1;1
252857075573;252857075580;7;2,9;2;1;1
252857075580;252857075581;1;2,9;2;1;1
252857075581;252857075594;13;2,9;2;1;1
252857075594;252857075600;6;2,9;2;1;1
252857075600;252857075615;15;2,9;2;1;1
252857075615;252857075616;1;2,9;2;1;1
252857075616;252857075621;5;2,9;2;1;1
252857075621;252857075622;1;2,9;2;1;1
252857075622;252857075636;14;2,9;2;1;1
252857075636;252857075643;7;2,9;2;1;1
252857075643;252857075644;1;2,9;2;1;1
252857075644;252857075650;6;2,9;2;1;1
252857075650;252857075671;21;2,9;2;1;1
252857075671;252857075672;1;2,9;2;1;1
252857075672;252857075674;2;2,9;2;1;1
252857075674;252857075684;10;2,9;2;1;1
252857075684;252857075693;9;2,9;2;1;1
252857075693;252857075697;4;2,9;2;1;1
252857075697;252857075705;8;2,9;2;1;1
252857075705;252857075710;5;2,9;2;1;1
252857075710;252857075722;12;2,9;2;1;1
252857075722;252857075724;2;2,9;2;1;1
252857075724;252857075726;2;2,9;2;1;1
252857075726;252857075730;4;2,9;2;1;1
252857075730;252857075742;12;2,9;2;1;1
252857075742;252857075749;7;2,9;2;1;1
252857075749;252857075761;12;2,9;2;1;1
252857075761;252857075763;2;2,9;2;1;1
252857075763;252857075767;4;2,9;2;1;1
252857075767;252857075776;9;2,9;2;1;1
252857075776;252857075784;8;2,9;2;1;1
252857075784;252857075792;8;2,9;2;1;1
252857075792;252857075797;5;2,9;2;1;1
252857075797;252857075804;7;2,9;2;1;1
252857075804;252857075809;5;2,9;2;1;1
252857075809;252857075815;6;2,9;2;1;1
252857075815;252857075817;2;2,9;2;1;1
252857075817;252857075829;12;2,9;2;1;1
252857075829;252857075831;2;2,9;2;1;1
252857075831;252857075837;6;2,9;2;1;1
252857075837;252857075847;10;2,9;2;1;1
252857075847;252857075849;2;2,9;2;1;1
252857075849;252857075872;23;2,9;2;1;1
252857075872;252857075875;3;2,9;2;1;1
252857075875;252857075882;7;2,9;2;1;1
252857075882;252857075889;7;2,9;2;1;1
252857075889;252857075907;18;2,9;2;1;1
252857075907;252857075910;3;2,9;2;1;1
252857075910;252857075912;2;2,9;2;1;1
252857075912;252857075930;18;2,9;2;1;1
252857075930;252857075951;21;2,9;2;1;1
252857075951;252857075952;1;2,9;2;1;1
252857075952;252857075957;5;2,9;2;1;1
252857075957;252857075958;1;2,9;2;1;1
252857075958;252857075965;7;2,9;2;1;1
252857075965;252857075979;14;2,9;2;1;1
252857075979;252857075982;3;2,9;2;1;1
252857075982;252857075983;1;2,9;2;1;1
252857075983;252857075993;10;2,9;2;1;1
252857075993;252857075998;5;2,9;2;1;1
252857075998;252857075999;1;2,9;2;1;1
252857075999;252857076007;8;2,9;2;1;1
252857076007;252857076023;16;2,9;2;1;1
252857076023;252857076025;2;2,9;2;1;1
252857076025;252857076026;1;2,9;2;1;1
252857076026;252857076028;2;2,9;2;1;1
252857076028;252857076038;10;2,9;2;1;1
252857076038;252857076053;15;2,9;2;1;1
252857076053;252857076056;3;2,9;2;1;1
252857076056;252857076064;8;2,9;2;1;1
252857076064;252857076068;4;2,9;2;1;1
252857076068;252857076083;15;2,9;2;1;1
252857076083;252857076097;14;2,9;2;1;1
252857076097;252857076108;11;2,9;2;1;1
252857076108;252857076109;1;2,9;2;1;1
252857076109;252857076113;4;2,9;2;1;1
252857076113;252857076119;6;2,9;2;1;1
252857076119;252857076140;21;2,9;2;1;1
252857076140;252857076163;23;2,9;2;1;1
252857076163;252857076167;4;2,9;2;1;1
252857076167;252857076169;2;2,9;2;1;1
252857076169;252857076184;15;2,9;2;1;1
252857076184;252857076192;8;2,9;2;1;1
252857076192;252857076199;7;2,9;2;1;1
252857076199;252857076219;20;2,9;2;1;1
252857076219;252857076220;1;2,9;2;1;1
252857076220;252857076221;1;2,9;2;1;1
252857076221;252857076223;2;2,9;2;1;1
252857076223;252857076246;23;2,9;2;1;1
252857076246;252857076251;5;2,9;2;1;1
252857076251;252857076261;10;2,9;2;1;1
252857076261;252857076266;5;2,9;2;1;1
252857076266;252857076274;8;2,9;2;1;1
252857076274;252857076279;5;2,9;2;1;1
252857076279;252857076299;20;2,9;2;1;1
252857076299;252857076315;16;2,9;2;1;1
252857076315;252857076319;4;2,9;2;1;1
252857076319;252857076357;38;2,9;2;1;1
252857076357;252857076373;16;2,9;2;1;1
252857076373;252857076380;7;2,9;2;1;1
252857076380;252857076382;2;2,9;2;1;1
252857076382;252857076385;3;2,9;2;1;1
252857076385;252857076404;19;2,9;2;1;1
252857076404;252857076408;4;2,9;2;1;1
252857076408;252857076409;1;2,9;2;1;1
252857076409;252857076432;23;2,9;2;1;1
252857076432;252857076455;23;2,9;2;1;1
252857076455;252857076473;18;2,9;2;1;1
252857076473;252857076475;2;2,9;2;1;1
252857076475;252857076484;9;2,9;2;1;1
252857076484;252857076488;4;2,9;2;1;1
252857076488;252857076493;5;2,9;2;1;1
252857076493;252857076526;33;2,9;2;1;1
252857076526;252857076530;4;2,9;2;1;1
252857076530;252857076531;1;2,9;2;1;1
252857076531;252857076572;41;2,9;2;1;1
252857076572;252857076578;6;2,9;2;1;1
252857076578;252857076606;28;2,9;2;1;1
252857076606;252857076616;10;2,9;2;1;1
252857076616;252857076644;28;2,9;2;1;1
252857076644;252857076648;4;2,9;2;1;1
252857076648;252857076665;17;2,9;2;1;1
252857076665;252857076673;8;2,9;2;1;1
252857076673;252857076684;11;2,9;2;1;1
252857076684;252857076691;7;2,9;2;1;1
252857076691;252857076693;2;2,9;2;1;1
252857076693;252857076704;11;2,9;2;1;1
252857076704;252857076711;7;2,9;2;1;1
252857076711;252857076713;2;2,9;2;1;1
252857076713;252857076714;1;2,9;2;1;1
252857076714;252857076725;11;2,9;2;1;1
252857076725;252857076752;27;2,9;2;1;1
252857076752;252857076754;2;2,9;2;1;1
252857076754;252857076760;6;2,9;2;1;1
252857076760;252857076773;13;2,9;2;1;1
252857076773;252857076780;7;2,9;2;1;1
252857076780;252857076801;21;2,9;2;1;1
252857076801;252857076803;2;2,9;2;1;1
252857076803;252857076806;3;2,9;2;1;1
252857076806;252857076820;14;2,9;2;1;1
252857076820;252857076835;15;2,9;2;1;1
252857076835;252857076846;11;2,9;2;1;1
252857076846;252857076852;6;2,9;2;1;1
252857076852;252857076869;17;2,9;2;1;1
252857076869;252857076871;2;2,9;2;1;1
252857076871;252857076876;5;2,9;2;1;1
252857076876;252857076882;6;2,9;2;1;1
252857076882;252857076892;10;2,9;2;1;1
252857076892;252857076896;4;2,9;2;1;1
252857076896;252857076915;19;2,9;2;1;1
252857076915;252857076955;40;2,9;2;1;1
252857076955;252857076981;26;2,9;2;1;1
252857076981;252857077010;29;2,9;2;1;1
252857077010;252857077040;30;2,9;2;1;1
252857077040;252857077089;49;2,9;2;1;1
252857077089;252857077100;11;2,9;2;1;1
252857077100;252857077111;11;2,9;2;1;1
252857077111;252857077142;31;2,9;2;1;1
252857077142;252857077158;16;2,9;2;1;1
252857077158;252857077177;19;2,9;2;1;1
252857077177;252857077187;10;2,9;2;1;1
252857077187;252857077215;28;2,9;2;1;1
252857077215;252857077216;1;2,9;2;1;1
252857077216;252857077218;2;2,9;2;1;1
252857077218;252857077231;13;2,9;2;1;1
252857077231;252857077236;5;2,9;2;1;1
252857077236;252857077251;15;2,9;2;1;1
252857077251;252857077261;10;2,9;2;1;1
252857077261;252857077264;3;2,9;2;1;1
252857077264;252857077280;16;2,9;2;1;1
252857077280;252857077305;25;2,9;2;1;1
252857077305;252857077309;4;2,9;2;1;1
252857077309;252857077330;21;2,9;2;1;1
252857077330;252857077343;13;2,9;2;1;1
252857077343;252857077360;17;2,9;2;1;1
252857077360;252857077371;11;2,9;2;1;1
252857077371;252857077383;12;2,9;2;1;1
252857077383;252857077394;11;2,9;2;1;1
252857077394;252857077396;2;2,9;2;1;1
252857077396;252857077403;7;2,9;2;1;1
252857077403;252857077424;21;2,9;2;1;1
252857077424;252857077425;1;2,9;2;1;1
252857077425;252857077426;1;2,9;2;1;1
252857077426;252857077445;19;2,9;2;1;1
252857077445;252857077458;13;2,9;2;1;1
252857077458;252857077474;16;2,9;2;1;1
252857077474;252857077477;3;2,9;2;1;1
252857077477;252857077498;21;2,9;2;1;1
252857077498;252857077517;19;2,9;2;1;1
252857077517;252857077547;30;2,9;2;1;1
252857077547;252857077574;27;2,9;2;1;1
252857077574;252857077595;21;2,9;2;1;1
252857077595;252857077622;27;2,9;2;1;1
252857077622;252857077667;45;2,9;2;1;1
252857077667;252857077698;31;2,9;2;1;1
252857077698;252857077713;15;2,9;2;1;1
252857077713;252857077718;5;2,9;2;1;1
252857077718;252857077736;18;2,9;2;1;1
252857077736;252857077749;13;2,9;2;1;1
252857077749;252857077768;19;2,9;2;1;1
252857077768;252857077781;13;2,9;2;1;1
252857077781;252857077790;9;2,9;2;1;1
252857077790;252857077810;20;2,9;2;1;1
252857077810;252857077818;8;2,9;2;1;1
252857077818;252857077843;25;2,9;2;1;1
252857077843;252857077846;3;2,9;2;1;1
252857077846;252857077864;18;2,9;2;1;1
252857077864;252857077879;15;2,9;2;1;1
252857077879;252857077882;3;2,9;2;1;1
252857077882;252857077917;35;2,9;2;1;1
252857077917;252857077937;20;2,9;2;1;1
252857077937;252857077938;1;2,9;2;1;1
252857077938;252857077956;18;2,9;2;1;1
252857077956;252857077957;1;2,9;2;1;1
252857077957;252857077980;23;2,9;2;1;1
252857077980;252857077986;6;2,9;2;1;1
252857077986;252857078007;21;2,9;2;1;1
252857078007;252857078010;3;2,9;2;1;1
252857078010;252857078026;16;2,9;2;1;1
252857078026;252857078032;6;2,9;2;1;1
252857078032;252857078050;18;2,9;2;1;1
252857078050;252857078052;2;2,9;2;1;1
252857078052;252857078069;17;2,9;2;1;1
252857078069;252857078090;21;2,9;2;1;1
252857078090;252857078116;26;2,9;2;1;1
252857078116;252857078136;20;2,9;2;1;1
252857078136;252857078153;17;2,9;2;1;1
252857078153;252857081228;3075;2,9;2;1;1
252857081228;252857081345;117;2,9;2;1;1
252857081345;252857081406;61;2,9;2;1;1
252857081406;252857081407;1;2,9;2;1;1
252857081407;252857081539;132;2,9;2;1;1
252857081539;252857081599;60;2,9;2;1;1
252857081599;252857081605;6;2,9;2;1;1
252857081605;252857081638;33;2,9;2;1;1
252857081638;252857081639;1;2,9;2;1;1
252857081639;252857081740;101;2,9;2;1;1
252857081740;252857081815;75;2,9;2;1;1
252857081815;252857081820;5;2,9;2;1;1
252857081820;252857081851;31;2,9;2;1;1
252857081851;252857081866;15;2,9;2;1;1
252857081866;252857081875;9;2,9;2;1;1
252857081875;252857081895;20;2,9;2;1;1
252857081895;252857081917;22;2,9;2;1;1
252857081917;252857081971;54;2,9;2;1;1
252857081971;252857081986;15;2,9;2;1;1
252857081986;252857082007;21;2,9;2;1;1
252857082007;252857082014;7;2,9;2;1;1
252857082014;252857082020;6;2,9;2;1;1
252857082020;252857082041;21;2,9;2;1;1
252857082041;252857082055;14;2,9;2;1;1
252857082055;252857082056;1;2,9;2;1;1
252857082056;252857082063;7;2,9;2;1;1
252857082063;252857082064;1;2,9;2;1;1
252857082064;252857082073;9;2,9;2;1;1
252857082073;252857082074;1;2,9;2;1;1
252857082074;252857082101;27;2,9;2;1;1
252857082101;252857082104;3;2,9;2;1;1
252857082104;252857082106;2;2,9;2;1;1
252857082106;252857082107;1;2,9;2;1;1
252857082107;252857082151;44;2,9;2;1;1
252857082151;252857082171;20;2,9;2;1;1
252857082171;252857082177;6;2,9;2;1;1
252857082177;252857082183;6;2,9;2;1;1
252857082183;252857082194;11;2,9;2;1;1
252857082194;252857082203;9;2,9;2;1;1
252857082203;252857082230;27;2,9;2;1;1
252857082230;252857082246;16;2,9;2;1;1
252857082246;252857082270;24;2,9;2;1;1
252857082270;252857082276;6;2,9;2;1;1
252857082276;252857082288;12;2,9;2;1;1
252857082288;252857082306;18;2,9;2;1;1
252857082306;252857082307;1;2,9;2;1;1
252857082307;252857082314;7;2,9;2;1;1
252857082314;252857082323;9;2,9;2;1;1
252857082323;252857082329;6;2,9;2;1;1
252857082329;252857082331;2;2,9;2;1;1
252857082331;252857082340;9;2,9;2;1;1
252857082340;252857082355;15;2,9;2;1;1
252857082355;252857082361;6;2,9;2;1;1
252857082361;252857082375;14;2,9;2;1;1
252857082375;252857082377;2;2,9;2;1;1
252857082377;252857082383;6;2,9;2;1;1
252857082383;252857082400;17;2,9;2;1;1
252857082400;252857082405;5;2,9;2;1;1
252857082405;252857082447;42;2,9;2;1;1
252857082447;252857082448;1;2,9;2;1;1
252857082448;252857082517;69;2,9;2;1;1
252857082517;252857082519;2;2,9;2;1;1
252857082519;252857082529;10;2,9;2;1;1
252857082529;252857082533;4;2,9;2;1;1
252857082533;252857082543;10;2,9;2;1;1
252857082543;252857082544;1;2,9;2;1;1
252857082544;252857082552;8;2,9;2;1;1
252857082552;252857082564;12;2,9;2;1;1
252857082564;252857082569;5;2,9;2;1;1
252857082569;252857082587;18;2,9;2;1;1
252857082587;252857082588;1;2,9;2;1;1
252857082588;252857082590;2;2,9;2;1;1
252857082590;252857082593;3;2,9;2;1;1
252857082593;252857082609;16;2,9;2;1;1
252857082609;252857082624;15;2,9;2;1;1
252857082624;252857082625;1;2,9;2;1;1
252857082625;252857082638;13;2,9;2;1;1
252857082638;252857082644;6;2,9;2;1;1
252857082644;252857082652;8;2,9;2;1;1
252857082652;252857082670;18;2,9;2;1;1
252857082670;252857082685;15;2,9;2;1;1
252857082685;252857082695;10;2,9;2;1;1
252857082695;252857082720;25;2,9;2;1;1
252857082720;252857082722;2;2,9;2;1;1
252857082722;252857082748;26;2,9;2;1;1
252857082748;252857082754;6;2,9;2;1;1
252857082754;252857082783;29;2,9;2;1;1
252857082783;252857082794;11;2,9;2;1;1
252857082794;252857082802;8;2,9;2;1;1
252857082802;252857082811;9;2,9;2;1;1
252857082811;252857082818;7;2,9;2;1;1
252857082818;252857082826;8;2,9;2;1;1
252857082826;252857082839;13;2,9;2;1;1
252857082839;252857082842;3;2,9;2;1;1
252857082842;252857082845;3;2,9;2;1;1
252857082845;252857082864;19;2,9;2;1;1
252857082864;252857082882;18;2,9;2;1;1
252857082882;252857082887;5;2,9;2;1;1
252857082887;252857082890;3;2,9;2;1;1
252857082890;252857082895;5;2,9;2;1;1
252857082895;252857082899;4;2,9;2;1;1
252857082899;252857082915;16;2,9;2;1;1
252857082915;252857082942;27;2,9;2;1;1
252857082942;252857082950;8;2,9;2;1;1
252857082950;252857082954;4;2,9;2;1;1
252857082954;252857082966;12;2,9;2;1;1
252857082966;252857082969;3;2,9;2;1;1
252857082969;252857082983;14;2,9;2;1;1
252857082983;252857082990;7;2,9;2;1;1
252857082990;252857082996;6;2,9;2;1;1
252857082996;252857083000;4;2,9;2;1;1
252857083000;252857083001;1;2,9;2;1;1
252857083001;252857083020;19;2,9;2;1;1
252857083020;252857083049;29;2,9;2;1;1
252857083049;252857083053;4;2,9;2;1;1
252857083053;252857083056;3;2,9;2;1;1
252857083056;252857083057;1;2,9;2;1;1
252857083057;252857083062;5;2,9;2;1;1
252857083062;252857083065;3;2,9;2;1;1
252857083065;252857083072;7;2,9;2;1;1
252857083072;252857083075;3;2,9;2;1;1
252857083075;252857083079;4;2,9;2;1;1
252857083079;252857083086;7;2,9;2;1;1
252857083086;252857083097;11;2,9;2;1;1
252857083097;252857083105;8;2,9;2;1;1
252857083105;252857083109;4;2,9;2;1;1
252857083109;252857083121;12;2,9;2;1;1
252857083121;252857083125;4;2,9;2;1;1
252857083125;252857083129;4;2,9;2;1;1
252857083129;252857083148;19;2,9;2;1;1
252857083148;252857083158;10;2,9;2;1;1
252857083158;252857083165;7;2,9;2;1;1
252857083165;252857083176;11;2,9;2;1;1
252857083176;252857083184;8;2,9;2;1;1
252857083184;252857083186;2;2,9;2;1;1
252857083186;252857083189;3;2,9;2;1;1
252857083189;252857083203;14;2,9;2;1;1
252857083203;252857083208;5;2,9;2;1;1
252857083208;252857083214;6;2,9;2;1;1
252857083214;252857083218;4;2,9;2;1;1
252857083218;252857083219;1;2,9;2;1;1
252857083219;252857083226;7;2,9;2;1;1
252857083226;252857083240;14;2,9;2;1;1
252857083240;252857083252;12;2,9;2;1;1
252857083252;252857083280;28;2,9;2;1;1
252857083280;252857083303;23;2,9;2;1;1
252857083303;252857083316;13;2,9;2;1;1
252857083316;252857083320;4;2,9;2;1;1
252857083320;252857083346;26;2,9;2;1;1
252857083346;252857083347;1;2,9;2;1;1
252857083347;252857083349;2;2,9;2;1;1
252857083349;252857083370;21;2,9;2;1;1
252857083370;252857083377;7;2,9;2;1;1
252857083377;252857083398;21;2,9;2;1;1
252857083398;252857083403;5;2,9;2;1;1
252857083403;252857083407;4;2,9;2;1;1
252857083407;252857083422;15;2,9;2;1;1
252857083422;252857083430;8;2,9;2;1;1
252857083430;252857083447;17;2,9;2;1;1
252857083447;252857083456;9;2,9;2;1;1
252857083456;252857083475;19;2,9;2;1;1
252857083475;252857083492;17;2,9;2;1;1
252857083492;252857083495;3;2,9;2;1;1
252857083495;252857083506;11;2,9;2;1;1
252857083506;252857083514;8;2,9;2;1;1
252857083514;252857083515;1;2,9;2;1;1
252857083515;252857083521;6;2,9;2;1;1
252857083521;252857083522;1;2,9;2;1;1
252857083522;252857083523;1;2,9;2;1;1
252857083523;252857083528;5;2,9;2;1;1
252857083528;252857083531;3;2,9;2;1;1
252857083531;252857083553;22;2,9;2;1;1
252857083553;252857083555;2;2,9;2;1;1
252857083555;252857083571;16;2,9;2;1;1
252857083571;252857083572;1;2,9;2;1;1
252857083572;252857083574;2;2,9;2;1;1
252857083574;252857083575;1;2,9;2;1;1
252857083575;252857083578;3;2,9;2;1;1
252857083578;252857083581;3;2,9;2;1;1
252857083581;252857083596;15;2,9;2;1;1
252857083596;252857083616;20;2,9;2;1;1
252857083616;252857083620;4;2,9;2;1;1
252857083620;252857083622;2;2,9;2;1;1
252857083622;252857083638;16;2,9;2;1;1
252857083638;252857083642;4;2,9;2;1;1
252857083642;252857083666;24;2,9;2;1;1
252857083666;252857083679;13;2,9;2;1;1
252857083679;252857083692;13;2,9;2;1;1
252857083692;252857083695;3;2,9;2;1;1
252857083695;252857083705;10;2,9;2;1;1
252857083705;252857083724;19;2,9;2;1;1
252857083724;252857083739;15;2,9;2;1;1
252857083739;252857083742;3;2,9;2;1;1
252857083742;252857083753;11;2,9;2;1;1
252857083753;252857083765;12;2,9;2;1;1
252857083765;252857083784;19;2,9;2;1;1
252857083784;252857083791;7;2,9;2;1;1
252857083791;252857083793;2;2,9;2;1;1
252857083793;252857083805;12;2,9;2;1;1
252857083805;252857083810;5;2,9;2;1;1
252857083810;252857083811;1;2,9;2;1;1
252857083811;252857083816;5;2,9;2;1;1
252857083816;252857083828;12;2,9;2;1;1
252857083828;252857083829;1;2,9;2;1;1
252857083829;252857083840;11;2,9;2;1;1
252857083840;252857083845;5;2,9;2;1;1
252857083845;252857083858;13;2,9;2;1;1
252857083858;252857083860;2;2,9;2;1;1
252857083860;252857083863;3;2,9;2;1;1
252857083863;252857083864;1;2,9;2;1;1
252857083864;252857083869;5;2,9;2;1;1
252857083869;252857083872;3;2,9;2;1;1
252857083872;252857083880;8;2,9;2;1;1
252857083880;252857083886;6;2,9;2;1;1
252857083886;252857083887;1;2,9;2;1;1
252857083887;252857083888;1;2,9;2;1;1
252857083888;252857083898;10;2,9;2;1;1
252857083898;252857083908;10;2,9;2;1;1
252857083908;252857083918;10;2,9;2;1;1
252857083918;252857083928;10;2,9;2;1;1
252857083928;252857083947;19;2,9;2;1;1
252857083947;252857083957;10;2,9;2;1;1
252857083957;252857083958;1;2,9;2;1;1
252857083958;252857083959;1;2,9;2;1;1
252857083959;252857083964;5;2,9;2;1;1
252857083964;252857083992;28;2,9;2;1;1
252857083992;252857083996;4;2,9;2;1;1
252857083996;252857084008;12;2,9;2;1;1
252857084008;252857084009;1;2,9;2;1;1
252857084009;252857084015;6;2,9;2;1;1
252857084015;252857084017;2;2,9;2;1;1
252857084017;252857084018;1;2,9;2;1;1
252857084018;252857084042;24;2,9;2;1;1
252857084042;252857084043;1;2,9;2;1;1
252857084043;252857084044;1;2,9;2;1;1
252857084044;252857084052;8;2,9;2;1;1
252857084052;252857084059;7;2,9;2;1;1
252857084059;252857084060;1;2,9;2;1;1
252857084060;252857084067;7;2,9;2;1;1
252857084067;252857084068;1;2,9;2;1;1
252857084068;252857084072;4;2,9;2;1;1
252857084072;252857084074;2;2,9;2;1;1
252857084074;252857084079;5;2,9;2;1;1
252857084079;252857084080;1;2,9;2;1;1
252857084080;252857084097;17;2,9;2;1;1
252857084097;252857084099;2;2,9;2;1;1
252857084099;252857084104;5;2,9;2;1;1
252857084104;252857084118;14;2,9;2;1;1
252857084118;252857084137;19;2,9;2;1;1
252857084137;252857084138;1;2,9;2;1;1
252857084138;252857084150;12;2,9;2;1;1
252857084150;252857084155;5;2,9;2;1;1
252857084155;252857084156;1;2,9;2;1;1
252857084156;252857084157;1;2,9;2;1;1
252857084157;252857084170;13;2,9;2;1;1
252857084170;252857084172;2;2,9;2;1;1
252857084172;252857084174;2;2,9;2;1;1
252857084174;252857084175;1;2,9;2;1;1
252857084175;252857084178;3;2,9;2;1;1
252857084178;252857084180;2;2,9;2;1;1
252857084180;252857084187;7;2,9;2;1;1
252857084187;252857084209;22;2,9;2;1;1
252857084209;252857084228;19;2,9;2;1;1
252857084228;252857084236;8;2,9;2;1;1
252857084236;252857084242;6;2,9;2;1;1
252857084242;252857084252;10;2,9;2;1;1
252857084252;252857084253;1;2,9;2;1;1
252857084253;252857084262;9;2,9;2;1;1
252857084262;252857084267;5;2,9;2;1;1
252857084267;252857084278;11;2,9;2;1;1
252857084278;252857084286;8;2,9;2;1;1
252857084286;252857084289;3;2,9;2;1;1
252857084289;252857084290;1;2,9;2;1;1
252857084290;252857084293;3;2,9;2;1;1
252857084293;252857084305;12;2,9;2;1;1
252857084305;252857084311;6;2,9;2;1;1
252857084311;252857084314;3;2,9;2;1;1
252857084314;252857084317;3;2,9;2;1;1
252857084317;252857084323;6;2,9;2;1;1
252857084323;252857084328;5;2,9;2;1;1
252857084328;252857084329;1;2,9;2;1;1
252857084329;252857084339;10;2,9;2;1;1
252857084339;252857084344;5;2,9;2;1;1
252857084344;252857084359;15;2,9;2;1;1
252857084359;252857084371;12;2,9;2;1;1
252857084371;252857084373;2;2,9;2;1;1
252857084373;252857084378;5;2,9;2;1;1
252857084378;252857084387;9;2,9;2;1;1
252857084387;252857084389;2;2,9;2;1;1
252857084389;252857084391;2;2,9;2;1;1
252857084391;252857084394;3;2,9;2;1;1
252857084394;252857084399;5;2,9;2;1;1
252857084399;252857084405;6;2,9;2;1;1
252857084405;252857084407;2;2,9;2;1;1
252857084407;252857084410;3;2,9;2;1;1
252857084410;252857084414;4;2,9;2;1;1
252857084414;252857084452;38;2,9;2;1;1
252857084452;252857084457;5;2,9;2;1;1
252857084457;252857084460;3;2,9;2;1;1
252857084460;252857084470;10;2,9;2;1;1
252857084470;252857084478;8;2,9;2;1;1
252857084478;252857084482;4;2,9;2;1;1
252857084482;252857084486;4;2,9;2;1;1
252857084486;252857084492;6;2,9;2;1;1
252857084492;252857084497;5;2,9;2;1;1
252857084497;252857084502;5;2,9;2;1;1
252857084502;252857084505;3;2,9;2;1;1
252857084505;252857084520;15;2,9;2;1;1
252857084520;252857084529;9;2,9;2;1;1
252857084529;252857084538;9;2,9;2;1;1
252857084538;252857084539;1;2,9;2;1;1
252857084539;252857084552;13;2,9;2;1;1
252857084552;252857084558;6;2,9;2;1;1
252857084558;252857084566;8;2,9;2;1;1
252857084566;252857084568;2;2,9;2;1;1
252857084568;252857084569;1;2,9;2;1;1
252857084569;252857084571;2;2,9;2;1;1
252857084571;252857084579;8;2,9;2;1;1
252857084579;252857084580;1;2,9;2;1;1
252857084580;252857084583;3;2,9;2;1;1
252857084583;252857084587;4;2,9;2;1;1
252857084587;252857084605;18;2,9;2;1;1
252857084605;252857084618;13;2,9;2;1;1
252857084618;252857084629;11;2,9;2;1;1
252857084629;252857084636;7;2,9;2;1;1
252857084636;252857084640;4;2,9;2;1;1
252857084640;252857084658;18;2,9;2;1;1
252857084658;252857084662;4;2,9;2;1;1
252857084662;252857084663;1;2,9;2;1;1
252857084663;252857084672;9;2,9;2;1;1
252857084672;252857084676;4;2,9;2;1;1
252857084676;252857084678;2;2,9;2;1;1
252857084678;252857084683;5;2,9;2;1;1
252857084683;252857084684;1;2,9;2;1;1
252857084684;252857084686;2;2,9;2;1;1
252857084686;252857084702;16;2,9;2;1;1
252857084702;252857084718;16;2,9;2;1;1
252857084718;252857084720;2;2,9;2;1;1
252857084720;252857084722;2;2,9;2;1;1
252857084722;252857084726;4;2,9;2;1;1
252857084726;252857084735;9;2,9;2;1;1
252857084735;252857084740;5;2,9;2;1;1
252857084740;252857084752;12;2,9;2;1;1
252857084752;252857084756;4;2,9;2;1;1
252857084756;252857084763;7;2,9;2;1;1
252857084763;252857084765;2;2,9;2;1;1
252857084765;252857084775;10;2,9;2;1;1
252857084775;252857084776;1;2,9;2;1;1
252857084776;252857084783;7;2,9;2;1;1
252857084783;252857084798;15;2,9;2;1;1
252857084798;252857084807;9;2,9;2;1;1
252857084807;252857084809;2;2,9;2;1;1
252857084809;252857084810;1;2,9;2;1;1
252857084810;252857084814;4;2,9;2;1;1
252857084814;252857084816;2;2,9;2;1;1
252857084816;252857084819;3;2,9;2;1;1
252857084819;252857084821;2;2,9;2;1;1
252857084821;252857084824;3;2,9;2;1;1
252857084824;252857084829;5;2,9;2;1;1
252857084829;252857084875;46;2,9;2;1;1
252857084875;252857084877;2;2,9;2;1;1
252857084877;252857084881;4;2,9;2;1;1
252857084881;252857084885;4;2,9;2;1;1
252857084885;252857084887;2;2,9;2;1;1
252857084887;252857084894;7;2,9;2;1;1
252857084894;252857084898;4;2,9;2;1;1
252857084898;252857084908;10;2,9;2;1;1
252857084908;252857084911;3;2,9;2;1;1
252857084911;252857084914;3;2,9;2;1;1
252857084914;252857084925;11;2,9;2;1;1
252857084925;252857084938;13;2,9;2;1;1
252857084938;252857084939;1;2,9;2;1;1
252857084939;252857084942;3;2,9;2;1;1
252857084942;252857084944;2;2,9;2;1;1
252857084944;252857084947;3;2,9;2;1;1
252857084947;252857084950;3;2,9;2;1;1
252857084950;252857084970;20;2,9;2;1;1
252857084970;252857084973;3;2,9;2;1;1
252857084973;252857084981;8;2,9;2;1;1
252857084981;252857084999;18;2,9;2;1;1
252857084999;252857085001;2;2,9;2;1;1
252857085001;252857085012;11;2,9;2;1;1
252857085012;252857085013;1;2,9;2;1;1
252857085013;252857085026;13;2,9;2;1;1
252857085026;252857085030;4;2,9;2;1;1
252857085030;252857085031;1;2,9;2;1;1
252857085031;252857085049;18;2,9;2;1;1
252857085049;252857085053;4;2,9;2;1;1
252857085053;252857085060;7;2,9;2;1;1
252857085060;252857085064;4;2,9;2;1;1
252857085064;252857085065;1;2,9;2;1;1
252857085065;252857085068;3;2,9;2;1;1
252857085068;252857085081;13;2,9;2;1;1
252857085081;252857085085;4;2,9;2;1;1
252857085085;252857085086;1;2,9;2;1;1
252857085086;252857085110;24;2,9;2;1;1
252857085110;252857085113;3;2,9;2;1;1
252857085113;252857085116;3;2,9;2;1;1
252857085116;252857085129;13;2,9;2;1;1
252857085129;252857085130;1;2,9;2;1;1
252857085130;252857085131;1;2,9;2;1;1
252857085131;252857085139;8;2,9;2;1;1
252857085139;252857085143;4;2,9;2;1;1
252857085143;252857085150;7;2,9;2;1;1
252857085150;252857085152;2;2,9;2;1;1
252857085152;252857085168;16;2,9;2;1;1
252857085168;252857085171;3;2,9;2;1;1
252857085171;252857085172;1;2,9;2;1;1
252857085172;252857085179;7;2,9;2;1;1
252857085179;252857085180;1;2,9;2;1;1
252857085180;252857085183;3;2,9;2;1;1
252857085183;252857085189;6;2,9;2;1;1
252857085189;252857085196;7;2,9;2;1;1
252857085196;252857085197;1;2,9;2;1;1
252857085197;252857085198;1;2,9;2;1;1
252857085198;252857085204;6;2,9;2;1;1
252857085204;252857085217;13;2,9;2;1;1
252857085217;252857085219;2;2,9;2;1;1
252857085219;252857085232;13;2,9;2;1;1
252857085232;252857085233;1;2,9;2;1;1
252857085233;252857085234;1;2,9;2;1;1
252857085234;252857085240;6;2,9;2;1;1
252857085240;252857085245;5;2,9;2;1;1
252857085245;252857085247;2;2,9;2;1;1
252857085247;252857085261;14;2,9;2;1;1
252857085261;252857085262;1;2,9;2;1;1
252857085262;252857085270;8;2,9;2;1;1
252857085270;252857085277;7;2,9;2;1;1
252857085277;252857085278;1;2,9;2;1;1
252857085278;252857085281;3;2,9;2;1;1
252857085281;252857085290;9;2,9;2;1;1
252857085290;252857085292;2;2,9;2;1;1
252857085292;252857085295;3;2,9;2;1;1
252857085295;252857085298;3;2,9;2;1;1
252857085298;252857085309;11;2,9;2;1;1
252857085309;252857085317;8;2,9;2;1;1
252857085317;252857085321;4;2,9;2;1;1
252857085321;252857085325;4;2,9;2;1;1
252857085325;252857085327;2;2,9;2;1;1
252857085327;252857085331;4;2,9;2;1;1
252857085331;252857085338;7;2,9;2;1;1
252857085338;252857085340;2;2,9;2;1;1
252857085340;252857085344;4;2,9;2;1;1
252857085344;252857085347;3;2,9;2;1;1
252857085347;252857085352;5;2,9;2;1;1
252857085352;252857085353;1;2,9;2;1;1
252857085353;252857085357;4;2,9;2;1;1
252857085357;252857085358;1;2,9;2;1;1
252857085358;252857085360;2;2,9;2;1;1
252857085360;252857085365;5;2,9;2;1;1
252857085365;252857085370;5;2,9;2;1;1
252857085370;252857085379;9;2,9;2;1;1
252857085379;252857085390;11;2,9;2;1;1
252857085390;252857085396;6;2,9;2;1;1
252857085396;252857085401;5;2,9;2;1;1
252857085401;252857085405;4;2,9;2;1;1
252857085405;252857085407;2;2,9;2;1;1
252857085407;252857085416;9;2,9;2;1;1
252857085416;252857085417;1;2,9;2;1;1
252857085417;252857085423;6;2,9;2;1;1
252857085423;252857085430;7;2,9;2;1;1
252857085430;252857085432;2;2,9;2;1;1
252857085432;252857085433;1;2,9;2;1;1
252857085433;252857085434;1;2,9;2;1;1
252857085434;252857085443;9;2,9;2;1;1
252857085443;252857085455;12;2,9;2;1;1
252857085455;252857085457;2;2,9;2;1;1
252857085457;252857085461;4;2,9;2;1;1
252857085461;252857085463;2;2,9;2;1;1
252857085463;252857085464;1;2,9;2;1;1
252857085464;252857085469;5;2,9;2;1;1
252857085469;252857085471;2;2,9;2;1;1
252857085471;252857085477;6;2,9;2;1;1
252857085477;252857085481;4;2,9;2;1;1
252857085481;252857085489;8;2,9;2;1;1
252857085489;252857085494;5;2,9;2;1;1
252857085494;252857085497;3;2,9;2;1;1
252857085497;252857085503;6;2,9;2;1;1
252857085503;252857085506;3;2,9;2;1;1
252857085506;252857085507;1;2,9;2;1;1
252857085507;252857085509;2;2,9;2;1;1
252857085509;252857085520;11;2,9;2;1;1
252857085520;252857085521;1;2,9;2;1;1
252857085521;252857085526;5;2,9;2;1;1
252857085526;252857085536;10;2,9;2;1;1
252857085536;252857085545;9;2,9;2;1;1
252857085545;252857085546;1;2,9;2;1;1
252857085546;252857085548;2;2,9;2;1;1
252857085548;252857085555;7;2,9;2;1;1
252857085555;252857085556;1;2,9;2;1;1
252857085556;252857085567;11;2,9;2;1;1
252857085567;252857085572;5;2,9;2;1;1
252857085572;252857085575;3;2,9;2;1;1
252857085575;252857085580;5;2,9;2;1;1
252857085580;252857085586;6;2,9;2;1;1
252857085586;252857085592;6;2,9;2;1;1
252857085592;252857085595;3;2,9;2;1;1
252857085595;252857085599;4;2,9;2;1;1
252857085599;252857085617;18;2,9;2;1;1
252857085617;252857085623;6;2,9;2;1;1
252857085623;252857085626;3;2,9;2;1;1
252857085626;252857085628;2;2,9;2;1;1
252857085628;252857085645;17;2,9;2;1;1
252857085645;252857085646;1;2,9;2;1;1
252857085646;252857085648;2;2,9;2;1;1
252857085648;252857085654;6;2,9;2;1;1
252857085654;252857085657;3;2,9;2;1;1
252857085657;252857085658;1;2,9;2;1;1
252857085658;252857085669;11;2,9;2;1;1
252857085669;252857085670;1;2,9;2;1;1
252857085670;252857085672;2;2,9;2;1;1
252857085672;252857085676;4;2,9;2;1;1
252857085676;252857085682;6;2,9;2;1;1
252857085682;252857085687;5;2,9;2;1;1
252857085687;252857085690;3;2,9;2;1;1
252857085690;252857085692;2;2,9;2;1;1
252857085692;252857085695;3;2,9;2;1;1
252857085695;252857085699;4;2,9;2;1;1
252857085699;252857085701;2;2,9;2;1;1
252857085701;252857085705;4;2,9;2;1;1
252857085705;252857085712;7;2,9;2;1;1
252857085712;252857085718;6;2,9;2;1;1
252857085718;252857085721;3;2,9;2;1;1
252857085721;252857085722;1;2,9;2;1;1
252857085722;252857085727;5;2,9;2;1;1
252857085727;252857085740;13;2,9;2;1;1
252857085740;252857085742;2;2,9;2;1;1
252857085742;252857085745;3;2,9;2;1;1
252857085745;252857085748;3;2,9;2;1;1
252857085748;252857085759;11;2,9;2;1;1
252857085759;252857085762;3;2,9;2;1;1
252857085762;252857085763;1;2,9;2;1;1
252857085763;252857085764;1;2,9;2;1;1
252857085764;252857085770;6;2,9;2;1;1
252857085770;252857085775;5;2,9;2;1;1
252857085775;252857085778;3;2,9;2;1;1
252857085778;252857085799;21;2,9;2;1;1
252857085799;252857085817;18;2,9;2;1;1
252857085817;252857085819;2;2,9;2;1;1
252857085819;252857085821;2;2,9;2;1;1
252857085821;252857085822;1;2,9;2;1;1
252857085822;252857085824;2;2,9;2;1;1
252857085824;252857085826;2;2,9;2;1;1
252857085826;252857085838;12;2,9;2;1;1
252857085838;252857085843;5;2,9;2;1;1
252857085843;252857085844;1;2,9;2;1;1
252857085844;252857085850;6;2,9;2;1;1
252857085850;252857085851;1;2,9;2;1;1
252857085851;252857085862;11;2,9;2;1;1
252857085862;252857085870;8;2,9;2;1;1
252857085870;252857085876;6;2,9;2;1;1
252857085876;252857085879;3;2,9;2;1;1
252857085879;252857085881;2;2,9;2;1;1
252857085881;252857085884;3;2,9;2;1;1
252857085884;252857085885;1;2,9;2;1;1
252857085885;252857085905;20;2,9;2;1;1
252857085905;252857085920;15;2,9;2;1;1
252857085920;252857085923;3;2,9;2;1;1
252857085923;252857085932;9;2,9;2;1;1
252857085932;252857085942;10;2,9;2;1;1
252857085942;252857085950;8;2,9;2;1;1
252857085950;252857085952;2;2,9;2;1;1
252857085952;252857085956;4;2,9;2;1;1
252857085956;252857085960;4;2,9;2;1;1
252857085960;252857085961;1;2,9;2;1;1
252857085961;252857085963;2;2,9;2;1;1
252857085963;252857085965;2;2,9;2;1;1
252857085965;252857085967;2;2,9;2;1;1
252857085967;252857085971;4;2,9;2;1;1
252857085971;252857085973;2;2,9;2;1;1
252857085973;252857085984;11;2,9;2;1;1
252857085984;252857085986;2;2,9;2;1;1
252857085986;252857085991;5;2,9;2;1;1
252857085991;252857085993;2;2,9;2;1;1
252857085993;252857086001;8;2,9;2;1;1
252857086001;252857086003;2;2,9;2;1;1
252857086003;252857086004;1;2,9;2;1;1
252857086004;252857086006;2;2,9;2;1;1
252857086006;252857086021;15;2,9;2;1;1
252857086021;252857086025;4;2,9;2;1;1
252857086025;252857086032;7;2,9;2;1;1
252857086032;252857086034;2;2,9;2;1;1
252857086034;252857086036;2;2,9;2;1;1
252857086036;252857086042;6;2,9;2;1;1
252857086042;252857086050;8;2,9;2;1;1
252857086050;252857086059;9;2,9;2;1;1
252857086059;252857086060;1;2,9;2;1;1
252857086060;252857086067;7;2,9;2;1;1
252857086067;252857086070;3;2,9;2;1;1
252857086070;252857086073;3;2,9;2;1;1
252857086073;252857086080;7;2,9;2;1;1
252857086080;252857086085;5;2,9;2;1;1
252857086085;252857086086;1;2,9;2;1;1
252857086086;252857086099;13;2,9;2;1;1
252857086099;252857086102;3;2,9;2;1;1
252857086102;252857086104;2;2,9;2;1;1
252857086104;252857086109;5;2,9;2;1;1
252857086109;252857086113;4;2,9;2;1;1
252857086113;252857086118;5;2,9;2;1;1
252857086118;252857086123;5;2,9;2;1;1
252857086123;252857086124;1;2,9;2;1;1
252857086124;252857086128;4;2,9;2;1;1
252857086128;252857086130;2;2,9;2;1;1
252857086130;252857086134;4;2,9;2;1;1
252857086134;252857086139;5;2,9;2;1;1
252857086139;252857086145;6;2,9;2;1;1
252857086145;252857086159;14;2,9;2;1;1
252857086159;252857086162;3;2,9;2;1;1
252857086162;252857086164;2;2,9;2;1;1
252857086164;252857086174;10;2,9;2;1;1
252857086174;252857086177;3;2,9;2;1;1
252857086177;252857086180;3;2,9;2;1;1
252857086180;252857086183;3;2,9;2;1;1
252857086183;252857086184;1;2,9;2;1;1
252857086184;252857086187;3;2,9;2;1;1
252857086187;252857086192;5;2,9;2;1;1
252857086192;252857086194;2;2,9;2;1;1
252857086194;252857086198;4;2,9;2;1;1
252857086198;252857086199;1;2,9;2;1;1
252857086199;252857086201;2;2,9;2;1;1
252857086201;252857086208;7;2,9;2;1;1
252857086208;252857086213;5;2,9;2;1;1
252857086213;252857086215;2;2,9;2;1;1
252857086215;252857086216;1;2,9;2;1;1
252857086216;252857086218;2;2,9;2;1;1
252857086218;252857086221;3;2,9;2;1;1
252857086221;252857086226;5;2,9;2;1;1
252857086226;252857086235;9;2,9;2;1;1
252857086235;252857086237;2;2,9;2;1;1
252857086237;252857086241;4;2,9;2;1;1
252857086241;252857086247;6;2,9;2;1;1
252857086247;252857086253;6;2,9;2;1;1
252857086253;252857086257;4;2,9;2;1;1
252857086257;252857086259;2;2,9;2;1;1
252857086259;252857086273;14;2,9;2;1;1
252857086273;252857086274;1;2,9;2;1;1
252857086274;252857086278;4;2,9;2;1;1
252857086278;252857086279;1;2,9;2;1;1
252857086279;252857086281;2;2,9;2;1;1
252857086281;252857086285;4;2,9;2;1;1
252857086285;252857086289;4;2,9;2;1;1
252857086289;252857086299;10;2,9;2;1;1
252857086299;252857086301;2;2,9;2;1;1
252857086301;252857086303;2;2,9;2;1;1
252857086303;252857086304;1;2,9;2;1;1
252857086304;252857086310;6;2,9;2;1;1
252857086310;252857086312;2;2,9;2;1;1
252857086312;252857086317;5;2,9;2;1;1
252857086317;252857086318;1;2,9;2;1;1
252857086318;252857086331;13;2,9;2;1;1
252857086331;252857086348;17;2,9;2;1;1
252857086348;252857086361;13;2,9;2;1;1
252857086361;252857086363;2;2,9;2;1;1
252857086363;252857086367;4;2,9;2;1;1
252857086367;252857086372;5;2,9;2;1;1
252857086372;252857086376;4;2,9;2;1;1
252857086376;252857086377;1;2,9;2;1;1
252857086377;252857086379;2;2,9;2;1;1
252857086379;252857086381;2;2,9;2;1;1
252857086381;252857086383;2;2,9;2;1;1
252857086383;252857086384;1;2,9;2;1;1
252857086384;252857086392;8;2,9;2;1;1
252857086392;252857086398;6;2,9;2;1;1
252857086398;252857086405;7;2,9;2;1;1
252857086405;252857086406;1;2,9;2;1;1
252857086406;252857086410;4;2,9;2;1;1
252857086410;252857086418;8;2,9;2;1;1
252857086418;252857086420;2;2,9;2;1;1
252857086420;252857086424;4;2,9;2;1;1
252857086424;252857086429;5;2,9;2;1;1
252857086429;252857086430;1;2,9;2;1;1
252857086430;252857086431;1;2,9;2;1;1
252857086431;252857086436;5;2,9;2;1;1
252857086436;252857086446;10;2,9;2;1;1
252857086446;252857086448;2;2,9;2;1;1
252857086448;252857086449;1;2,9;2;1;1
252857086449;252857086452;3;2,9;2;1;1
252857086452;252857086456;4;2,9;2;1;1
252857086456;252857086457;1;2,9;2;1;1
252857086457;252857086461;4;2,9;2;1;1
252857086461;252857086463;2;2,9;2;1;1
252857086463;252857086465;2;2,9;2;1;1
252857086465;252857086467;2;2,9;2;1;1
252857086467;252857086473;6;2,9;2;1;1
252857086473;252857086475;2;2,9;2;1;1
252857086475;252857086480;5;2,9;2;1;1
252857086480;252857086481;1;2,9;2;1;1
252857086481;252857086487;6;2,9;2;1;1
252857086487;252857086489;2;2,9;2;1;1
252857086489;252857086491;2;2,9;2;1;1
252857086491;252857086492;1;2,9;2;1;1
252857086492;252857086493;1;2,9;2;1;1
252857086493;252857086494;1;2,9;2;1;1
252857086494;252857086495;1;2,9;2;1;1
252857086495;252857086501;6;2,9;2;1;1
252857086501;252857086502;1;2,9;2;1;1
252857086502;252857086503;1;2,9;2;1;1
252857086503;252857086505;2;2,9;2;1;1
252857086505;252857086506;1;2,9;2;1;1
252857086506;252857086509;3;2,9;2;1;1
252857086509;252857086510;1;2,9;2;1;1
252857086510;252857086512;2;2,9;2;1;1
252857086512;252857086518;6;2,9;2;1;1
252857086518;252857086520;2;2,9;2;1;1
252857086520;252857086521;1;2,9;2;1;1
252857086521;252857086524;3;2,9;2;1;1
252857086524;252857086528;4;2,9;2;1;1
252857086528;252857086534;6;2,9;2;1;1
252857086534;252857086542;8;2,9;2;1;1
252857086542;252857086548;6;2,9;2;1;1
252857086548;252857086549;1;2,9;2;1;1
252857086549;252857086550;1;2,9;2;1;1
252857086550;252857086551;1;2,9;2;1;1
252857086551;252857086552;1;2,9;2;1;1
252857086552;252857086556;4;2,9;2;1;1
252857086556;252857086558;2;2,9;2;1;1
252857086558;252857086567;9;2,9;2;1;1
252857086567;252857086575;8;2,9;2;1;1
252857086575;252857086576;1;2,9;2;1;1
252857086576;252857086577;1;2,9;2;1;1
252857086577;252857086584;7;2,9;2;1;1
252857086584;252857086585;1;2,9;2;1;1
252857086585;252857086589;4;2,9;2;1;1
252857086589;252857086592;3;2,9;2;1;1
252857086592;252857086593;1;2,9;2;1;1
252857086593;252857086595;2;2,9;2;1;1
252857086595;252857086596;1;2,9;2;1;1
252857086596;252857086601;5;2,9;2;1;1
252857086601;252857086604;3;2,9;2;1;1
252857086604;252857086608;4;2,9;2;1;1
252857086608;252857086616;8;2,9;2;1;1
252857086616;252857086622;6;2,9;2;1;1
252857086622;252857086627;5;2,9;2;1;1
252857086627;252857086628;1;2,9;2;1;1
252857086628;252857086633;5;2,9;2;1;1
252857086633;252857086636;3;2,9;2;1;1
252857086636;252857086639;3;2,9;2;1;1
252857086639;252857086647;8;2,9;2;1;1
252857086647;252857086649;2;2,9;2;1;1
252857086649;252857086654;5;2,9;2;1;1
252857086654;252857086657;3;2,9;2;1;1
252857086657;252857086660;3;2,9;2;1;1
252857086660;252857086664;4;2,9;2;1;1
252857086664;252857086674;10;2,9;2;1;1
252857086674;252857086675;1;2,9;2;1;1
252857086675;252857086677;2;2,9;2;1;1
252857086677;252857086678;1;2,9;2;1;1
252857086678;252857086680;2;2,9;2;1;1
252857086680;252857086688;8;2,9;2;1;1
252857086688;252857086696;8;2,9;2;1;1
252857086696;252857086697;1;2,9;2;1;1
252857086697;252857086698;1;2,9;2;1;1
252857086698;252857086704;6;2,9;2;1;1
252857086704;252857086705;1;2,9;2;1;1
252857086705;252857086707;2;2,9;2;1;1
252857086707;252857086711;4;2,9;2;1;1
252857086711;252857086712;1;2,9;2;1;1
252857086712;252857086718;6;2,9;2;1;1
252857086718;252857086721;3;2,9;2;1;1
252857086721;252857086727;6;2,9;2;1;1
252857086727;252857086728;1;2,9;2;1;1
252857086728;252857086731;3;2,9;2;1;1
252857086731;252857086736;5;2,9;2;1;1
252857086736;252857086737;1;2,9;2;1;1
252857086737;252857086740;3;2,9;2;1;1
252857086740;252857086752;12;2,9;2;1;1
252857086752;252857086753;1;2,9;2;1;1
252857086753;252857086756;3;2,9;2;1;1
252857086756;252857086757;1;2,9;2;1;1
252857086757;252857086761;4;2,9;2;1;1
252857086761;252857086770;9;2,9;2;1;1
252857086770;252857086776;6;2,9;2;1;1
252857086776;252857086778;2;2,9;2;1;1
252857086778;252857086785;7;2,9;2;1;1
252857086785;252857086792;7;2,9;2;1;1
252857086792;252857086794;2;2,9;2;1;1
252857086794;252857086798;4;2,9;2;1;1
252857086798;252857086800;2;2,9;2;1;1
252857086800;252857086803;3;2,9;2;1;1
252857086803;252857086807;4;2,9;2;1;1
252857086807;252857086810;3;2,9;2;1;1
252857086810;252857086815;5;2,9;2;1;1
252857086815;252857086817;2;2,9;2;1;1
252857086817;252857086818;1;2,9;2;1;1
252857086818;252857086825;7;2,9;2;1;1
252857086825;252857086826;1;2,9;2;1;1
252857086826;252857086832;6;2,9;2;1;1
252857086832;252857086833;1;2,9;2;1;1
252857086833;252857086834;1;2,9;2;1;1
252857086834;252857086835;1;2,9;2;1;1
252857086835;252857086836;1;2,9;2;1;1
252857086836;252857086843;7;2,9;2;1;1
252857086843;252857086844;1;2,9;2;1;1
252857086844;252857086848;4;2,9;2;1;1
252857086848;252857086851;3;2,9;2;1;1
252857086851;252857086864;13;2,9;2;1;1
252857086864;252857086867;3;2,9;2;1;1
252857086867;252857086871;4;2,9;2;1;1
252857086871;252857086872;1;2,9;2;1;1
252857086872;252857086874;2;2,9;2;1;1
252857086874;252857086876;2;2,9;2;1;1
252857086876;252857086884;8;2,9;2;1;1
252857086884;252857086890;6;2,9;2;1;1
252857086890;252857086891;1;2,9;2;1;1
252857086891;252857086894;3;2,9;2;1;1
252857086894;252857086899;5;2,9;2;1;1
252857086899;252857086901;2;2,9;2;1;1
252857086901;252857086904;3;2,9;2;1;1
252857086904;252857086905;1;2,9;2;1;1
252857086905;252857086906;1;2,9;2;1;1
252857086906;252857086919;13;2,9;2;1;1
252857086919;252857086920;1;2,9;2;1;1
252857086920;252857086931;11;2,9;2;1;1
252857086931;252857086939;8;2,9;2;1;1
252857086939;252857086940;1;2,9;2;1;1
252857086940;252857086941;1;2,9;2;1;1
252857086941;252857086942;1;2,9;2;1;1
252857086942;252857086943;1;2,9;2;1;1
252857086943;252857086945;2;2,9;2;1;1
252857086945;252857086947;2;2,9;2;1;1
252857086947;252857086959;12;2,9;2;1;1
252857086959;252857086964;5;2,9;2;1;1
252857086964;252857086967;3;2,9;2;1;1
252857086967;252857086969;2;2,9;2;1;1
252857086969;252857086970;1;2,9;2;1;1
252857086970;252857086974;4;2,9;2;1;1
252857086974;252857086982;8;2,9;2;1;1
252857086982;252857086983;1;2,9;2;1;1
252857086983;252857086988;5;2,9;2;1;1
252857086988;252857086994;6;2,9;2;1;1
252857086994;252857086995;1;2,9;2;1;1
252857086995;252857086998;3;2,9;2;1;1
252857086998;252857087001;3;2,9;2;1;1
252857087001;252857087003;2;2,9;2;1;1
252857087003;252857087004;1;2,9;2;1;1
252857087004;252857087006;2;2,9;2;1;1
252857087006;252857087009;3;2,9;2;1;1
252857087009;252857087015;6;2,9;2;1;1
252857087015;252857087016;1;2,9;2;1;1
252857087016;252857087026;10;2,9;2;1;1
252857087026;252857087029;3;2,9;2;1;1
252857087029;252857087037;8;2,9;2;1;1
252857087037;252857087039;2;2,9;2;1;1
252857087039;252857087040;1;2,9;2;1;1
252857087040;252857087047;7;2,9;2;1;1
252857087047;252857087056;9;2,9;2;1;1
252857087056;252857087060;4;2,9;2;1;1
252857087060;252857087062;2;2,9;2;1;1
252857087062;252857087065;3;2,9;2;1;1
252857087065;252857087081;16;2,9;2;1;1
252857087081;252857087084;3;2,9;2;1;1
252857087084;252857087096;12;2,9;2;1;1
252857087096;252857087098;2;2,9;2;1;1
252857087098;252857087101;3;2,9;2;1;1
252857087101;252857087102;1;2,9;2;1;1
252857087102;252857087110;8;2,9;2;1;1
252857087110;252857087114;4;2,9;2;1;1
252857087114;252857087117;3;2,9;2;1;1
252857087117;252857087120;3;2,9;2;1;1
252857087120;252857087128;8;2,9;2;1;1
252857087128;252857087131;3;2,9;2;1;1
252857087131;252857087141;10;2,9;2;1;1
252857087141;252857087142;1;2,9;2;1;1
252857087142;252857087143;1;2,9;2;1;1
252857087143;252857087147;4;2,9;2;1;1
252857087147;252857087148;1;2,9;2;1;1
252857087148;252857087150;2;2,9;2;1;1
252857087150;252857087156;6;2,9;2;1;1
252857087156;252857087157;1;2,9;2;1;1
252857087157;252857087163;6;2,9;2;1;1
252857087163;252857087167;4;2,9;2;1;1
252857087167;252857087170;3;2,9;2;1;1
252857087170;252857087173;3;2,9;2;1;1
252857087173;252857087179;6;2,9;2;1;1
252857087179;252857087182;3;2,9;2;1;1
252857087182;252857087188;6;2,9;2;1;1
252857087188;252857087190;2;2,9;2;1;1
252857087190;252857087191;1;2,9;2;1;1
252857087191;252857087194;3;2,9;2;1;1
252857087194;252857087195;1;2,9;2;1;1
252857087195;252857087199;4;2,9;2;1;1
252857087199;252857087214;15;2,9;2;1;1
252857087214;252857087222;8;2,9;2;1;1
252857087222;252857087225;3;2,9;2;1;1
252857087225;252857087229;4;2,9;2;1;1
252857087229;252857087250;21;2,9;2;1;1
252857087250;252857087254;4;2,9;2;1;1
252857087254;252857087256;2;2,9;2;1;1
252857087256;252857087259;3;2,9;2;1;1
252857087259;252857087262;3;2,9;2;1;1
252857087262;252857087266;4;2,9;2;1;1
252857087266;252857087287;21;2,9;2;1;1
252857087287;252857087290;3;2,9;2;1;1
252857087290;252857087293;3;2,9;2;1;1
252857087293;252857087303;10;2,9;2;1;1
252857087303;252857087316;13;2,9;2;1;1
252857087316;252857087319;3;2,9;2;1;1
252857087319;252857087320;1;2,9;2;1;1
252857087320;252857087338;18;2,9;2;1;1
252857087338;252857087341;3;2,9;2;1;1
252857087341;252857087344;3;2,9;2;1;1
252857087344;252857087345;1;2,9;2;1;1
252857087345;252857087346;1;2,9;2;1;1
252857087346;252857087348;2;2,9;2;1;1
252857087348;252857087359;11;2,9;2;1;1
252857087359;252857087365;6;2,9;2;1;1
252857087365;252857087374;9;2,9;2;1;1
252857087374;252857087376;2;2,9;2;1;1
252857087376;252857087377;1;2,9;2;1;1
252857087377;252857087383;6;2,9;2;1;1
252857087383;252857087385;2;2,9;2;1;1
252857087385;252857087388;3;2,9;2;1;1
252857087388;252857087392;4;2,9;2;1;1
252857087392;252857087395;3;2,9;2;1;1
252857087395;252857087401;6;2,9;2;1;1
252857087401;252857087404;3;2,9;2;1;1
252857087404;252857087411;7;2,9;2;1;1
252857087411;252857087412;1;2,9;2;1;1
252857087412;252857087416;4;2,9;2;1;1
252857087416;252857087418;2;2,9;2;1;1
252857087418;252857087421;3;2,9;2;1;1
252857087421;252857087430;9;2,9;2;1;1
252857087430;252857087439;9;2,9;2;1;1
252857087439;252857087445;6;2,9;2;1;1
252857087445;252857087446;1;2,9;2;1;1
252857087446;252857087451;5;2,9;2;1;1
252857087451;252857087461;10;2,9;2;1;1
252857087461;252857087463;2;2,9;2;1;1
252857087463;252857087471;8;2,9;2;1;1
252857087471;252857087476;5;2,9;2;1;1
252857087476;252857087477;1;2,9;2;1;1
252857087477;252857087482;5;2,9;2;1;1
252857087482;252857087503;21;2,9;2;1;1
252857087503;252857087505;2;2,9;2;1;1
252857087505;252857087509;4;2,9;2;1;1
252857087509;252857087513;4;2,9;2;1;1
252857087513;252857087520;7;2,9;2;1;1
252857087520;252857087534;14;2,9;2;1;1
252857087534;252857087537;3;2,9;2;1;1
252857087537;252857087547;10;2,9;2;1;1
252857087547;252857087560;13;2,9;2;1;1
252857087560;252857087568;8;2,9;2;1;1
252857087568;252857087574;6;2,9;2;1;1
252857087574;252857087576;2;2,9;2;1;1
252857087576;252857087583;7;2,9;2;1;1
252857087583;252857087588;5;2,9;2;1;1
252857087588;252857087594;6;2,9;2;1;1
252857087594;252857087597;3;2,9;2;1;1
252857087597;252857087617;20;2,9;2;1;1
252857087617;252857087618;1;2,9;2;1;1
252857087618;252857087619;1;2,9;2;1;1
252857087619;252857087626;7;2,9;2;1;1
252857087626;252857087635;9;2,9;2;1;1
252857087635;252857087645;10;2,9;2;1;1
252857087645;252857087659;14;2,9;2;1;1
252857087659;252857087663;4;2,9;2;1;1
252857087663;252857087670;7;2,9;2;1;1
252857087670;252857087684;14;2,9;2;1;1
252857087684;252857087686;2;2,9;2;1;1
252857087686;252857087688;2;2,9;2;1;1
252857087688;252857087689;1;2,9;2;1;1
252857087689;252857087693;4;2,9;2;1;1
252857087693;252857087699;6;2,9;2;1;1
252857087699;252857087700;1;2,9;2;1;1
252857087700;252857087707;7;2,9;2;1;1
252857087707;252857087712;5;2,9;2;1;1
252857087712;252857087715;3;2,9;2;1;1
252857087715;252857087716;1;2,9;2;1;1
252857087716;252857087724;8;2,9;2;1;1
252857087724;252857087727;3;2,9;2;1;1
252857087727;252857087728;1;2,9;2;1;1
252857087728;252857087731;3;2,9;2;1;1
252857087731;252857087734;3;2,9;2;1;1
252857087734;252857087736;2;2,9;2;1;1
252857087736;252857087737;1;2,9;2;1;1
252857087737;252857087740;3;2,9;2;1;1
252857087740;252857087743;3;2,9;2;1;1
252857087743;252857087750;7;2,9;2;1;1
252857087750;252857087758;8;2,9;2;1;1
252857087758;252857087763;5;2,9;2;1;1
252857087763;252857087770;7;2,9;2;1;1
252857087770;252857087783;13;2,9;2;1;1
252857087783;252857087791;8;2,9;2;1;1
252857087791;252857087799;8;2,9;2;1;1
252857087799;252857087802;3;2,9;2;1;1
252857087802;252857087803;1;2,9;2;1;1
252857087803;252857087804;1;2,9;2;1;1
252857087804;252857087806;2;2,9;2;1;1
252857087806;252857087810;4;2,9;2;1;1
252857087810;252857087817;7;2,9;2;1;1
252857087817;252857087819;2;2,9;2;1;1
252857087819;252857087827;8;2,9;2;1;1
252857087827;252857087828;1;2,9;2;1;1
252857087828;252857087832;4;2,9;2;1;1
252857087832;252857087833;1;2,9;2;1;1
252857087833;252857087837;4;2,9;2;1;1
252857087837;252857087842;5;2,9;2;1;1
252857087842;252857087865;23;2,9;2;1;1
252857087865;252857087878;13;2,9;2;1;1
252857087878;252857087894;16;2,9;2;1;1
252857087894;252857087899;5;2,9;2;1;1
252857087899;252857087905;6;2,9;2;1;1
252857087905;252857087910;5;2,9;2;1;1
252857087910;252857087911;1;2,9;2;1;1
252857087911;252857087919;8;2,9;2;1;1
252857087919;252857087924;5;2,9;2;1;1
252857087924;252857087934;10;2,9;2;1;1
252857087934;252857087935;1;2,9;2;1;1
252857087935;252857087947;12;2,9;2;1;1
252857087947;252857087948;1;2,9;2;1;1
252857087948;252857087952;4;2,9;2;1;1
252857087952;252857087957;5;2,9;2;1;1
252857087957;252857087959;2;2,9;2;1;1
252857087959;252857087967;8;2,9;2;1;1
252857087967;252857087971;4;2,9;2;1;1
252857087971;252857087975;4;2,9;2;1;1
252857087975;252857087988;13;2,9;2;1;1
252857087988;252857087989;1;2,9;2;1;1
252857087989;252857088006;17;2,9;2;1;1
252857088006;252857088007;1;2,9;2;1;1
252857088007;252857088034;27;2,9;2;1;1
252857088034;252857088036;2;2,9;2;1;1
252857088036;252857088044;8;2,9;2;1;1
252857088044;252857088046;2;2,9;2;1;1
252857088046;252857088058;12;2,9;2;1;1
252857088058;252857088061;3;2,9;2;1;1
252857088061;252857088068;7;2,9;2;1;1
252857088068;252857088074;6;2,9;2;1;1
252857088074;252857088091;17;2,9;2;1;1
252857088091;252857088100;9;2,9;2;1;1
252857088100;252857088104;4;2,9;2;1;1
252857088104;252857088109;5;2,9;2;1;1
252857088109;252857088116;7;2,9;2;1;1
252857088116;252857088119;3;2,9;2;1;1
252857088119;252857088121;2;2,9;2;1;1
252857088121;252857088138;17;2,9;2;1;1
252857088138;252857088143;5;2,9;2;1;1
252857088143;252857088155;12;2,9;2;1;1
252857088155;252857088165;10;2,9;2;1;1
252857088165;252857088171;6;2,9;2;1;1
252857088171;252857088183;12;2,9;2;1;1
252857088183;252857088187;4;2,9;2;1;1
252857088187;252857088189;2;2,9;2;1;1
252857088189;252857088206;17;2,9;2;1;1
252857088206;252857088212;6;2,9;2;1;1
252857088212;252857088218;6;2,9;2;1;1
252857088218;252857088222;4;2,9;2;1;1
252857088222;252857088231;9;2,9;2;1;1
252857088231;252857088232;1;2,9;2;1;1
252857088232;252857088239;7;2,9;2;1;1
252857088239;252857088244;5;2,9;2;1;1
252857088244;252857088249;5;2,9;2;1;1
252857088249;252857088252;3;2,9;2;1;1
252857088252;252857088259;7;2,9;2;1;1
252857088259;252857088263;4;2,9;2;1;1
252857088263;252857088278;15;2,9;2;1;1
252857088278;252857088282;4;2,9;2;1;1
252857088282;252857088288;6;2,9;2;1;1
252857088288;252857088299;11;2,9;2;1;1
252857088299;252857088303;4;2,9;2;1;1
252857088303;252857088304;1;2,9;2;1;1
252857088304;252857088310;6;2,9;2;1;1
252857088310;252857088314;4;2,9;2;1;1
252857088314;252857088324;10;2,9;2;1;1
252857088324;252857088334;10;2,9;2;1;1
252857088334;252857088337;3;2,9;2;1;1
252857088337;252857088339;2;2,9;2;1;1
252857088339;252857088346;7;2,9;2;1;1
252857088346;252857088361;15;2,9;2;1;1
252857088361;252857088363;2;2,9;2;1;1
252857088363;252857088365;2;2,9;2;1;1
252857088365;252857088370;5;2,9;2;1;1
252857088370;252857088373;3;2,9;2;1;1
252857088373;252857088380;7;2,9;2;1;1
252857088380;252857088385;5;2,9;2;1;1
252857088385;252857088396;11;2,9;2;1;1
252857088396;252857088402;6;2,9;2;1;1
252857088402;252857088410;8;2,9;2;1;1
252857088410;252857088413;3;2,9;2;1;1
252857088413;252857088414;1;2,9;2;1;1
252857088414;252857088440;26;2,9;2;1;1
252857088440;252857088443;3;2,9;2;1;1
252857088443;252857088452;9;2,9;2;1;1
252857088452;252857088467;15;2,9;2;1;1
252857088467;252857088474;7;2,9;2;1;1
252857088474;252857088481;7;2,9;2;1;1
252857088481;252857088497;16;2,9;2;1;1
252857088497;252857088514;17;2,9;2;1;1
252857088514;252857088529;15;2,9;2;1;1
252857088529;252857088541;12;2,9;2;1;1
252857088541;252857088546;5;2,9;2;1;1
252857088546;252857088565;19;2,9;2;1;1
252857088565;252857088566;1;2,9;2;1;1
252857088566;252857088570;4;2,9;2;1;1
252857088570;252857088576;6;2,9;2;1;1
252857088576;252857088584;8;2,9;2;1;1
252857088584;252857088593;9;2,9;2;1;1
252857088593;252857088598;5;2,9;2;1;1
252857088598;252857088603;5;2,9;2;1;1
252857088603;252857088627;24;2,9;2;1;1
252857088627;252857088635;8;2,9;2;1;1
252857088635;252857088639;4;2,9;2;1;1
252857088639;252857088651;12;2,9;2;1;1
252857088651;252857088661;10;2,9;2;1;1
252857088661;252857088666;5;2,9;2;1;1
252857088666;252857088687;21;2,9;2;1;1
252857088687;252857088693;6;2,9;2;1;1
252857088693;252857088699;6;2,9;2;1;1
252857088699;252857088706;7;2,9;2;1;1
252857088706;252857088707;1;2,9;2;1;1
252857088707;252857088721;14;2,9;2;1;1
252857088721;252857088724;3;2,9;2;1;1
252857088724;252857088732;8;2,9;2;1;1
252857088732;252857088746;14;2,9;2;1;1
252857088746;252857088748;2;2,9;2;1;1
252857088748;252857088757;9;2,9;2;1;1
252857088757;252857088764;7;2,9;2;1;1
252857088764;252857088769;5;2,9;2;1;1
252857088769;252857088777;8;2,9;2;1;1
252857088777;252857088778;1;2,9;2;1;1
252857088778;252857088779;1;2,9;2;1;1
252857088779;252857088782;3;2,9;2;1;1
252857088782;252857088798;16;2,9;2;1;1
252857088798;252857088804;6;2,9;2;1;1
252857088804;252857088810;6;2,9;2;1;1
252857088810;252857088821;11;2,9;2;1;1
252857088821;252857088832;11;2,9;2;1;1
252857088832;252857088852;20;2,9;2;1;1
252857088852;252857088857;5;2,9;2;1;1
252857088857;252857088881;24;2,9;2;1;1
252857088881;252857088889;8;2,9;2;1;1
252857088889;252857088901;12;2,9;2;1;1
252857088901;252857088903;2;2,9;2;1;1
252857088903;252857088908;5;2,9;2;1;1
252857088908;252857088912;4;2,9;2;1;1
252857088912;252857088917;5;2,9;2;1;1
252857088917;252857088927;10;2,9;2;1;1
252857088927;252857088934;7;2,9;2;1;1
252857088934;252857088936;2;2,9;2;1;1
252857088936;252857088942;6;2,9;2;1;1
252857088942;252857088956;14;2,9;2;1;1
252857088956;252857088966;10;2,9;2;1;1
252857088966;252857088971;5;2,9;2;1;1
252857088971;252857088983;12;2,9;2;1;1
252857088983;252857088986;3;2,9;2;1;1
252857088986;252857088997;11;2,9;2;1;1
252857088997;252857089005;8;2,9;2;1;1
252857089005;252857089030;25;2,9;2;1;1
252857089030;252857089032;2;2,9;2;1;1
252857089032;252857089033;1;2,9;2;1;1
252857089033;252857089040;7;2,9;2;1;1
252857089040;252857089087;47;2,9;2;1;1
252857089087;252857089091;4;2,9;2;1;1
252857089091;252857089104;13;2,9;2;1;1
252857089104;252857089111;7;2,9;2;1;1
252857089111;252857089112;1;2,9;2;1;1
252857089112;252857089125;13;2,9;2;1;1
252857089125;252857089126;1;2,9;2;1;1
252857089126;252857089130;4;2,9;2;1;1
252857089130;252857089160;30;2,9;2;1;1
252857089160;252857089171;11;2,9;2;1;1
252857089171;252857089180;9;2,9;2;1;1
252857089180;252857089198;18;2,9;2;1;1
252857089198;252857089203;5;2,9;2;1;1
252857089203;252857089210;7;2,9;2;1;1
252857089210;252857089211;1;2,9;2;1;1
252857089211;252857089220;9;2,9;2;1;1
252857089220;252857089235;15;2,9;2;1;1
252857089235;252857089238;3;2,9;2;1;1
252857089238;252857089251;13;2,9;2;1;1
252857089251;252857089278;27;2,9;2;1;1
252857089278;252857089283;5;2,9;2;1;1
252857089283;252857089285;2;2,9;2;1;1
252857089285;252857089291;6;2,9;2;1;1
252857089291;252857089298;7;2,9;2;1;1
252857089298;252857089303;5;2,9;2;1;1
252857089303;252857089307;4;2,9;2;1;1
252857089307;252857089310;3;2,9;2;1;1
252857089310;252857089316;6;2,9;2;1;1
252857089316;252857089324;8;2,9;2;1;1
252857089324;252857089326;2;2,9;2;1;1
252857089326;252857089335;9;2,9;2;1;1
252857089335;252857089345;10;2,9;2;1;1
252857089345;252857089348;3;2,9;2;1;1
252857089348;252857089350;2;2,9;2;1;1
252857089350;252857089353;3;2,9;2;1;1
252857089353;252857089371;18;2,9;2;1;1
252857089371;252857089376;5;2,9;2;1;1
252857089376;252857089377;1;2,9;2;1;1
252857089377;252857089386;9;2,9;2;1;1
252857089386;252857089389;3;2,9;2;1;1
252857089389;252857089394;5;2,9;2;1;1
252857089394;252857089395;1;2,9;2;1;1
252857089395;252857089409;14;2,9;2;1;1
252857089409;252857089412;3;2,9;2;1;1
252857089412;252857089421;9;2,9;2;1;1
252857089421;252857089447;26;2,9;2;1;1
252857089447;252857089451;4;2,9;2;1;1
252857089451;252857089466;15;2,9;2;1;1
252857089466;252857089469;3;2,9;2;1;1
252857089469;252857089470;1;2,9;2;1;1
252857089470;252857089473;3;2,9;2;1;1
252857089473;252857089476;3;2,9;2;1;1
252857089476;252857089483;7;2,9;2;1;1
252857089483;252857089485;2;2,9;2;1;1
252857089485;252857089494;9;2,9;2;1;1
252857089494;252857089495;1;2,9;2;1;1
252857089495;252857089499;4;2,9;2;1;1
252857089499;252857089502;3;2,9;2;1;1
252857089502;252857089503;1;2,9;2;1;1
252857089503;252857089511;8;2,9;2;1;1
252857089511;252857089530;19;2,9;2;1;1
252857089530;252857089531;1;2,9;2;1;1
252857089531;252857089537;6;2,9;2;1;1
252857089537;252857089541;4;2,9;2;1;1
252857089541;252857089544;3;2,9;2;1;1
252857089544;252857089546;2;2,9;2;1;1
252857089546;252857089555;9;2,9;2;1;1
252857089555;252857089571;16;2,9;2;1;1
252857089571;252857089594;23;2,9;2;1;1
252857089594;252857089602;8;2,9;2;1;1
252857089602;252857089604;2;2,9;2;1;1
252857089604;252857089625;21;2,9;2;1;1
252857089625;252857089629;4;2,9;2;1;1
252857089629;252857089632;3;2,9;2;1;1
252857089632;252857089635;3;2,9;2;1;1
252857089635;252857089641;6;2,9;2;1;1
252857089641;252857089649;8;2,9;2;1;1
252857089649;252857089655;6;2,9;2;1;1
252857089655;252857089658;3;2,9;2;1;1
252857089658;252857089671;13;2,9;2;1;1
252857089671;252857089684;13;2,9;2;1;1
252857089684;252857089692;8;2,9;2;1;1
252857089692;252857089700;8;2,9;2;1;1
252857089700;252857089711;11;2,9;2;1;1
252857089711;252857089714;3;2,9;2;1;1
252857089714;252857089715;1;2,9;2;1;1
252857089715;252857089718;3;2,9;2;1;1
252857089718;252857089719;1;2,9;2;1;1
252857089719;252857089722;3;2,9;2;1;1
252857089722;252857089726;4;2,9;2;1;1
252857089726;252857089733;7;2,9;2;1;1
252857089733;252857089740;7;2,9;2;1;1
252857089740;252857089798;58;2,9;2;1;1
252857089798;252857089804;6;2,9;2;1;1
252857089804;252857089823;19;2,9;2;1;1
252857089823;252857089824;1;2,9;2;1;1
252857089824;252857089837;13;2,9;2;1;1
252857089837;252857089847;10;2,9;2;1;1
252857089847;252857089855;8;2,9;2;1;1
252857089855;252857089865;10;2,9;2;1;1
252857089865;252857089884;19;2,9;2;1;1
252857089884;252857089909;25;2,9;2;1;1
252857089909;252857089912;3;2,9;2;1;1
252857089912;252857089922;10;2,9;2;1;1
252857089922;252857089938;16;2,9;2;1;1
252857089938;252857089946;8;2,9;2;1;1
252857089946;252857089959;13;2,9;2;1;1
252857089959;252857089967;8;2,9;2;1;1
252857089967;252857089968;1;2,9;2;1;1
252857089968;252857089974;6;2,9;2;1;1
252857089974;252857089979;5;2,9;2;1;1
252857089979;252857089993;14;2,9;2;1;1
252857089993;252857090003;10;2,9;2;1;1
252857090003;252857090008;5;2,9;2;1;1
252857090008;252857090024;16;2,9;2;1;1
252857090024;252857090033;9;2,9;2;1;1
252857090033;252857090042;9;2,9;2;1;1
252857090042;252857090044;2;2,9;2;1;1
252857090044;252857090051;7;2,9;2;1;1
252857090051;252857090071;20;2,9;2;1;1
252857090071;252857090076;5;2,9;2;1;1
252857090076;252857090078;2;2,9;2;1;1
252857090078;252857090081;3;2,9;2;1;1
252857090081;252857090090;9;2,9;2;1;1
252857090090;252857090096;6;2,9;2;1;1
252857090096;252857090105;9;2,9;2;1;1
252857090105;252857090141;36;2,9;2;1;1
252857090141;252857090144;3;2,9;2;1;1
252857090144;252857090173;29;2,9;2;1;1
252857090173;252857090179;6;2,9;2;1;1
252857090179;252857090192;13;2,9;2;1;1
252857090192;252857090198;6;2,9;2;1;1
252857090198;252857090223;25;2,9;2;1;1
252857090223;252857090246;23;2,9;2;1;1
252857090246;252857090250;4;2,9;2;1;1
252857090250;252857090255;5;2,9;2;1;1
252857090255;252857090256;1;2,9;2;1;1
252857090256;252857090258;2;2,9;2;1;1
252857090258;252857090275;17;2,9;2;1;1
252857090275;252857090287;12;2,9;2;1;1
252857090287;252857090292;5;2,9;2;1;1
252857090292;252857090317;25;2,9;2;1;1
252857090317;252857090330;13;2,9;2;1;1
252857090330;252857090335;5;2,9;2;1;1
252857090335;252857090339;4;2,9;2;1;1
252857090339;252857090340;1;2,9;2;1;1
252857090340;252857090349;9;2,9;2;1;1
252857090349;252857090359;10;2,9;2;1;1
252857090359;252857090361;2;2,9;2;1;1
252857090361;252857090369;8;2,9;2;1;1
252857090369;252857090377;8;2,9;2;1;1
252857090377;252857090393;16;2,9;2;1;1
252857090393;252857090402;9;2,9;2;1;1
252857090402;252857090429;27;2,9;2;1;1
252857090429;252857090434;5;2,9;2;1;1
252857090434;252857090460;26;2,9;2;1;1
252857090460;252857090464;4;2,9;2;1;1
252857090464;252857090484;20;2,9;2;1;1
252857090484;252857090521;37;2,9;2;1;1
252857090521;252857090526;5;2,9;2;1;1
252857090526;252857090534;8;2,9;2;1;1
252857090534;252857090536;2;2,9;2;1;1
252857090536;252857090564;28;2,9;2;1;1
252857090564;252857090569;5;2,9;2;1;1
252857090569;252857090664;95;2,9;2;1;1
252857090664;252857090676;12;2,9;2;1;1
252857090676;252857090690;14;2,9;2;1;1
252857090690;252857090703;13;2,9;2;1;1
252857090703;252857090742;39;2,9;2;1;1
252857090742;252857090768;26;2,9;2;1;1
252857090768;252857090769;1;2,9;2;1;1
252857090769;252857090782;13;2,9;2;1;1
252857090782;252857090785;3;2,9;2;1;1
252857090785;252857090795;10;2,9;2;1;1
252857090795;252857090818;23;2,9;2;1;1
252857090818;252857090840;22;2,9;2;1;1
252857090840;252857090872;32;2,9;2;1;1
252857090872;252857090951;79;2,9;2;1;1
252857090951;252857090969;18;2,9;2;1;1
252857090969;252857090987;18;2,9;2;1;1
252857090987;252857091003;16;2,9;2;1;1
252857091003;252857091005;2;2,9;2;1;1
252857091005;252857091013;8;2,9;2;1;1
252857091013;252857091030;17;2,9;2;1;1
252857091030;252857091063;33;2,9;2;1;1
252857091063;252857091154;91;2,9;2;1;1
252857091154;252857091157;3;2,9;2;1;1
252857091157;252857091231;74;2,9;2;1;1
252857091231;252857091288;57;2,9;2;1;1
252857091288;252857091391;103;2,9;2;1;1
252857091391;252857091419;28;2,9;2;1;1
252857091419;252857091435;16;2,9;2;1;1
252857091435;252857091548;113;2,9;2;1;1
252857091548;252857091559;11;2,9;2;1;1
252857091559;252857091575;16;2,9;2;1;1
252857091575;252857091601;26;2,9;2;1;1
252857091601;252857091691;90;2,9;2;1;1
252857091691;252857091692;1;2,9;2;1;1
252857091692;252857091738;46;2,9;2;1;1
252857091738;252857091744;6;2,9;2;1;1
252857091744;252857091825;81;2,9;2;1;1
252857091825;252857091858;33;2,9;2;1;1
252857091858;252857091932;74;2,9;2;1;1
252857091932;252857091989;57;2,9;2;1;1
252857091989;252857092016;27;2,9;2;1;1
252857092016;252857092088;72;2,9;2;1;1
252857092088;252857092113;25;2,9;2;1;1
252857092113;252857092312;199;2,9;2;1;1
252857092312;252857092947;635;2,9;2;1;1
252857092947;252857093035;88;2,9;2;1;1
252857093035;252857093342;307;2,9;2;1;1
252857093342;252857093678;336;2,9;2;1;1
252857093678;252857093723;45;2,9;2;1;1
252857093723;252857093760;37;2,9;2;1;1
252857093760;252857093825;65;2,9;2;1;1
252857093825;252857093857;32;2,9;2;1;1
252857093857;252857093919;62;2,9;2;1;1
252857093919;252857094116;197;2,9;2;1;1
252857094116;252857101784;7668;2,9;2;1;1
252857101784;252857102591;807;2,9;2;1;1
252857102591;252857102732;141;2,9;2;1;1
252857102732;252857102947;215;2,9;2;1;1
252857102947;252857103037;90;2,9;2;1;1
252857103037;252857103101;64;2,9;2;1;1
252857103101;252857103319;218;2,9;2;1;1
252857103319;252857103396;77;2,9;2;1;1
252857103396;252857103714;318;2,9;2;1;1
252857103714;252857103994;280;2,9;2;1;1
252857103994;252857104079;85;2,9;2;1;1
252857104079;252857104341;262;2,9;2;1;1
252857104341;252857104479;138;2,9;2;1;1
252857104479;252857104530;51;2,9;2;1;1
252857104530;252857125968;21438;2,9;2;1;1
252857125968;252857127032;1064;2,9;2;1;1
252857127032;252857127041;9;2,9;2;1;1
252857127041;252857127083;42;2,9;2;1;1
252857127083;252857127339;256;2,9;2;1;1
252857127339;252857127444;105;2,9;2;1;1
252857127444;252857128893;1449;2,9;2;1;1
252857128893;252857129143;250;2,9;2;1;1
252857129143;252857129293;150;2,9;2;1;1
252857129293;252857129508;215;2,9;2;1;1
252857129508;252857129576;68;2,9;2;1;1
252857129576;252857129872;296;2,9;2;1;1
252857129872;252857129965;93;2,9;2;1;1
252857129965;252857130047;82;2,9;2;1;1
252857130047;252857130126;79;2,9;2;1;1
252857130126;252857130179;53;2,9;2;1;1
252857130179;252857130244;65;2,9;2;1;1
252857130244;252857130385;141;2,9;2;1;1
252857130385;252857130454;69;2,9;2;1;1
252857130454;252857130484;30;2,9;2;1;1
252857130484;252857130521;37;2,9;2;1;1
252857130521;252857130617;96;2,9;2;1;1
252857130617;252857130639;22;2,9;2;1;1
252857130639;252857130710;71;2,9;2;1;1
252857130710;252857130821;111;2,9;2;1;1
252857130821;252857130841;20;2,9;2;1;1
252857130841;252857130895;54;2,9;2;1;1
252857130895;252857131069;174;2,9;2;1;1
252857131069;252857131097;28;2,9;2;1;1
252857131097;252857131128;31;2,9;2;1;1
252857131128;252857131183;55;2,9;2;1;1
252857131183;252857131219;36;2,9;2;1;1
252857131219;252857131243;24;2,9;2;1;1
252857131243;252857131305;62;2,9;2;1;1
252857131305;252857131350;45;2,9;2;1;1
252857131350;252857131434;84;2,9;2;1;1
252857131434;252857131558;124;2,9;2;1;1
252857131558;252857131587;29;2,9;2;1;1
252857131587;252857131609;22;2,9;2;1;1
252857131609;252857131620;11;2,9;2;1;1
252857131620;252857131633;13;2,9;2;1;1
252857131633;252857131659;26;2,9;2;1;1
252857131659;252857131692;33;2,9;2;1;1
252857131692;252857131697;5;2,9;2;1;1
252857131697;252857131741;44;2,9;2;1;1
252857131741;252857131762;21;2,9;2;1;1
252857131762;252857131768;6;2,9;2;1;1
252857131768;252857131774;6;2,9;2;1;1
252857131774;252857131801;27;2,9;2;1;1
252857131801;252857131824;23;2,9;2;1;1
252857131824;252857131842;18;2,9;2;1;1
252857131842;252857131857;15;2,9;2;1;1
252857131857;252857132114;257;2,9;2;1;1
252857132114;252857132152;38;2,9;2;1;1
252857132152;252857132198;46;2,9;2;1;1
252857132198;252857132225;27;2,9;2;1;1
252857132225;252857132226;1;2,9;2;1;1
252857132226;252857132337;111;2,9;2;1;1
252857132337;252857132427;90;2,9;2;1;1
252857132427;252857132438;11;2,9;2;1;1
252857132438;252857132512;74;2,9;2;1;1
252857132512;252857132588;76;2,9;2;1;1
252857132588;252857132650;62;2,9;2;1;1
252857132650;252857132930;280;2,9;2;1;1
252857132930;252857132955;25;2,9;2;1;1
252857132955;252857132974;19;2,9;2;1;1
252857132974;252857133001;27;2,9;2;1;1
252857133001;252857133026;25;2,9;2;1;1
252857133026;252857133039;13;2,9;2;1;1
252857133039;252857133049;10;2,9;2;1;1
252857133049;252857133065;16;2,9;2;1;1
252857133065;252857133093;28;2,9;2;1;1
252857133093;252857133102;9;2,9;2;1;1
252857133102;252857133126;24;2,9;2;1;1
252857133126;252857133152;26;2,9;2;1;1
252857133152;252857133232;80;2,9;2;1;1
252857133232;252857133233;1;2,9;2;1;1
252857133233;252857133255;22;2,9;2;1;1
252857133255;252857133265;10;2,9;2;1;1
252857133265;252857133266;1;2,9;2;1;1
252857133266;252857133290;24;2,9;2;1;1
252857133290;252857133293;3;2,9;2;1;1
252857133293;252857133313;20;2,9;2;1;1
252857133313;252857133347;34;2,9;2;1;1
252857133347;252857133349;2;2,9;2;1;1
252857133349;252857133397;48;2,9;2;1;1
252857133397;252857133402;5;2,9;2;1;1
252857133402;252857133424;22;2,9;2;1;1
252857133424;252857133457;33;2,9;2;1;1
252857133457;252857133489;32;2,9;2;1;1
252857133489;252857133521;32;2,9;2;1;1
252857133521;252857133537;16;2,9;2;1;1
252857133537;252857133611;74;2,9;2;1;1
252857133611;252857133643;32;2,9;2;1;1
252857133643;252857133656;13;2,9;2;1;1
252857133656;252857133738;82;2,9;2;1;1
252857133738;252857133775;37;2,9;2;1;1
252857133775;252857133776;1;2,9;2;1;1
252857133776;252857133823;47;2,9;2;1;1
252857133823;252857133833;10;2,9;2;1;1
252857133833;252857133935;102;2,9;2;1;1
252857133935;252857133969;34;2,9;2;1;1
252857133969;252857134099;130;2,9;2;1;1
252857134099;252857134219;120;2,9;2;1;1
252857134219;252857134260;41;2,9;2;1;1
252857134260;252857134353;93;2,9;2;1;1
252857134353;252857134402;49;2,9;2;1;1
252857134402;252857134431;29;2,9;2;1;1
252857134431;252857134595;164;2,9;2;1;1
252857134595;252857134860;265;2,9;2;1;1
252857134860;252857134886;26;2,9;2;1;1
252857134886;252857134985;99;2,9;2;1;1
252857134985;252857135507;522;2,9;2;1;1
252857135507;252857135666;159;2,9;2;1;1
252857135666;252857135731;65;2,9;2;1;1
252857135731;252857135761;30;2,9;2;1;1
252857135761;252857135780;19;2,9;2;1;1
252857135780;252857135819;39;2,9;2;1;1
252857135819;252857135858;39;2,9;2;1;1
252857135858;252857135931;73;2,9;2;1;1
252857135931;252857135981;50;2,9;2;1;1
252857135981;252857136036;55;2,9;2;1;1
252857136036;252857136091;55;2,9;2;1;1
252857136091;252857136118;27;2,9;2;1;1
252857136118;252857136176;58;2,9;2;1;1
252857136176;252857136202;26;2,9;2;1;1
252857136202;252857136260;58;2,9;2;1;1
252857136260;252857136310;50;2,9;2;1;1
252857136310;252857137128;818;2,9;2;1;1
252857137128;252857137378;250;2,9;2;1;1
252857137378;252857137881;503;2,9;2;1;1
252857137881;252857138019;138;2,9;2;1;1
252857138019;252857138058;39;2,9;2;1;1
252857138058;252857138116;58;2,9;2;1;1
252857138116;252857138133;17;2,9;2;1;1
252857138133;252857138246;113;2,9;2;1;1
252857138246;252857138277;31;2,9;2;1;1
252857138277;252857138350;73;2,9;2;1;1
252857138350;252857138448;98;2,9;2;1;1
252857138448;252857138542;94;2,9;2;1;1
252857138542;252857138640;98;2,9;2;1;1
252857138640;252857139020;380;2,9;2;1;1
252857139020;252857140124;1104;2,9;2;1;1
252857140124;252857140183;59;2,9;2;1;1
252857140183;252857140258;75;2,9;2;1;1
252857140258;252857140389;131;2,9;2;1;1
252857140389;252857140420;31;2,9;2;1;1
252857140420;252857140454;34;2,9;2;1;1
252857140454;252857140515;61;2,9;2;1;1
252857140515;252857140548;33;2,9;2;1;1
252857140548;252857140568;20;2,9;2;1;1
252857140568;252857140673;105;2,9;2;1;1
252857140673;252857140851;178;2,9;2;1;1
252857140851;252857140889;38;2,9;2;1;1
252857140889;252857140925;36;2,9;2;1;1
252857140925;252857141038;113;2,9;2;1;1
252857141038;252857141142;104;2,9;2;1;1
252857141142;252857141418;276;2,9;2;1;1
252857141418;252857157325;15907;2,9;2;1;1
252857157325;252862407591;5250266;2,9;2;1;1
252862407591;252902483281;40075690;2,9;2;1;1
252902483281;252938154745;35671464;2,9;2;1;1
252938154745;252938271279;116534;2,9;2;1;1
252938271279;252938919684;648405;2,9;2;1;1
252938919684;252938981343;61659;2,9;2;1;1
252938981343;252938989639;8296;2,9;2;1;1
252938989639;252939019941;30302;2,9;2;1;1
252939019941;252939024095;4154;2,9;2;1;1
252939024095;252939059298;35203;2,9;2;1;1
252939059298;252939096532;37234;2,9;2;1;1
252939096532;252939103832;7300;2,9;2;1;1
252939103832;252939114832;11000;2,9;2;1;1
252939114832;252939127638;12806;2,9;2;1;1
252939127638;252939133341;5703;2,9;2;1;1
252939133341;252939165362;32021;2,9;2;1;1
252939165362;252939194225;28863;2,9;2;1;1
252939194225;252939210059;15834;2,9;2;1;1
252939210059;252939216225;6166;2,9;2;1;1
252939216225;252939243258;27033;2,9;2;1;1
252939243258;252939302545;59287;2,9;2;1;1
252939302545;252939365848;63303;2,9;2;1;1
252939365848;252939371110;5262;2,9;2;1;1
252939371110;252939435637;64527;2,9;2;1;1
252939435637;252939441760;6123;2,9;2;1;1
252939441760;252939486077;44317;2,9;2;1;1
252939486077;252939528949;42872;2,9;2;1;1
252939528949;252939893700;364751;2,9;2;1;1
252939893700;252940829002;935302;2,9;2;1;1
252940829002;252947020495;6191493;2,9;2;1;1
252947020495;252947606916;586421;2,9;2;1;1
252947606916;252947645349;38433;2,9;2;1;1
252947645349;252947694566;49217;2,9;2;1;1
252947694566;252947808894;114328;2,9;2;1;1
252947808894;252947895158;86264;2,9;2;1;1
252947895158;252947905440;10282;2,9;2;1;1
252947905440;252947926288;20848;2,9;2;1;1
252947926288;252947929234;2946;2,9;2;1;1
252947929234;252947967096;37862;2,9;2;1;1
252947967096;252948073778;106682;2,9;2;1;1
252948073778;252948447486;373708;2,9;2;1;1
252948447486;252952204726;3757240;2,9;2;1;1
252952204726;252956703569;4498843;2,9;2;1;1
252956703569;252956735059;31490;2,9;2;1;1
252956735059;252959744673;3009614;2,9;2;1;1
252959744673;252959847046;102373;2,9;2;1;1
252959847046;252959966792;119746;2,9;2;1;1
252959966792;252959971583;4791;2,9;2;1;1
252959971583;252960027993;56410;2,9;2;1;1
252960027993;252960031712;3719;2,9;2;1;1
252960031712;252960031792;80;2,9;2;1;1
252960031792;252960031844;52;2,9;2;1;1
252960031844;252960031954;110;2,9;2;1;1
252960031954;252960031960;6;2,9;2;1;1
252960031960;252960032058;98;2,9;2;1;1
252960032058;252960032167;109;2,9;2;1;1
252960032167;252960032258;91;2,9;2;1;1
252960032258;252960032300;42;2,9;2;1;1
252960032300;252960032348;48;2,9;2;1;1
252960032348;252960032398;50;2,9;2;1;1
252960032398;252960032402;4;2,9;2;1;1
252960032402;252960032446;44;2,9;2;1;1
252960032446;252960032531;85;2,9;2;1;1
252960032531;252960032545;14;2,9;2;1;1
252960032545;252960032570;25;2,9;2;1;1
252960032570;252960032600;30;2,9;2;1;1
252960032600;252960032656;56;2,9;2;1;1
252960032656;252960032670;14;2,9;2;1;1
252960032670;252960032701;31;2,9;2;1;1
252960032701;252960032704;3;2,9;2;1;1
252960032704;252960032720;16;2,9;2;1;1
252960032720;252960032759;39;2,9;2;1;1
252960032759;252960032775;16;2,9;2;1;1
252960032775;252960032777;2;2,9;2;1;1
252960032777;252960032793;16;2,9;2;1;1
252960032793;252960032814;21;2,9;2;1;1
252960032814;252960032852;38;2,9;2;1;1
252960032852;252960032881;29;2,9;2;1;1
252960032881;252960032902;21;2,9;2;1;1
252960032902;252960032909;7;2,9;2;1;1
252960032909;252960032941;32;2,9;2;1;1
252960032941;252960032961;20;2,9;2;1;1
252960032961;252960032973;12;2,9;2;1;1
252960032973;252960032983;10;2,9;2;1;1
252960032983;252960033027;44;2,9;2;1;1
252960033027;252960033070;43;2,9;2;1;1
252960033070;252960033082;12;2,9;2;1;1
252960033082;252960033121;39;2,9;2;1;1
252960033121;252960033128;7;2,9;2;1;1
252960033128;252960033131;3;2,9;2;1;1
252960033131;252960033141;10;2,9;2;1;1
252960033141;252960033160;19;2,9;2;1;1
252960033160;252960033170;10;2,9;2;1;1
252960033170;252960033177;7;2,9;2;1;1
252960033177;252960033189;12;2,9;2;1;1
252960033189;252960033216;27;2,9;2;1;1
252960033216;252960033219;3;2,9;2;1;1
252960033219;252960033226;7;2,9;2;1;1
252960033226;252960033233;7;2,9;2;1;1
252960033233;252960033250;17;2,9;2;1;1
252960033250;252960033273;23;2,9;2;1;1
252960033273;252960033298;25;2,9;2;1;1
252960033298;252960033300;2;2,9;2;1;1
252960033300;252960033304;4;2,9;2;1;1
252960033304;252960033314;10;2,9;2;1;1
252960033314;252960033315;1;2,9;2;1;1
252960033315;252960033318;3;2,9;2;1;1
252960033318;252960033321;3;2,9;2;1;1
252960033321;252960033325;4;2,9;2;1;1
252960033325;252960033352;27;2,9;2;1;1
252960033352;252960033359;7;2,9;2;1;1
252960033359;252960033381;22;2,9;2;1;1
252960033381;252960033390;9;2,9;2;1;1
252960033390;252960033400;10;2,9;2;1;1
252960033400;252960033405;5;2,9;2;1;1
252960033405;252960033451;46;2,9;2;1;1
252960033451;252960033475;24;2,9;2;1;1
252960033475;252960033495;20;2,9;2;1;1
252960033495;252960033514;19;2,9;2;1;1
252960033514;252960033534;20;2,9;2;1;1
252960033534;252960033560;26;2,9;2;1;1
252960033560;252960033562;2;2,9;2;1;1
252960033562;252960033591;29;2,9;2;1;1
252960033591;252960033612;21;2,9;2;1;1
252960033612;252960033691;79;2,9;2;1;1
252960033691;252960033693;2;2,9;2;1;1
252960033693;252960033740;47;2,9;2;1;1
252960033740;252960033769;29;2,9;2;1;1
252960033769;252960033770;1;2,9;2;1;1
252960033770;252960033783;13;2,9;2;1;1
252960033783;252960033798;15;2,9;2;1;1
252960033798;252960033811;13;2,9;2;1;1
252960033811;252960033830;19;2,9;2;1;1
252960033830;252960033840;10;2,9;2;1;1
252960033840;252960033858;18;2,9;2;1;1
252960033858;252960033872;14;2,9;2;1;1
252960033872;252960033878;6;2,9;2;1;1
252960033878;252960033879;1;2,9;2;1;1
252960033879;252960033884;5;2,9;2;1;1
252960033884;252960033896;12;2,9;2;1;1
252960033896;252960033900;4;2,9;2;1;1
252960033900;252960033903;3;2,9;2;1;1
252960033903;252960033906;3;2,9;2;1;1
252960033906;252960033907;1;2,9;2;1;1
252960033907;252960033910;3;2,9;2;1;1
252960033910;252960033914;4;2,9;2;1;1
252960033914;252960033923;9;2,9;2;1;1
252960033923;252960033926;3;2,9;2;1;1
252960033926;252960033942;16;2,9;2;1;1
252960033942;252960033945;3;2,9;2;1;1
252960033945;252960033956;11;2,9;2;1;1
252960033956;252960033972;16;2,9;2;1;1
252960033972;252960033973;1;2,9;2;1;1
252960033973;252960033974;1;2,9;2;1;1
252960033974;252960034011;37;2,9;2;1;1
252960034011;252960034013;2;2,9;2;1;1
252960034013;252960034016;3;2,9;2;1;1
252960034016;252960034035;19;2,9;2;1;1
252960034035;252960034052;17;2,9;2;1;1
252960034052;252960034063;11;2,9;2;1;1
252960034063;252960034068;5;2,9;2;1;1
252960034068;252960034077;9;2,9;2;1;1
252960034077;252960034082;5;2,9;2;1;1
252960034082;252960034083;1;2,9;2;1;1
252960034083;252960034084;1;2,9;2;1;1
252960034084;252960034093;9;2,9;2;1;1
252960034093;252960034133;40;2,9;2;1;1
252960034133;252960034140;7;2,9;2;1;1
252960034140;252960034147;7;2,9;2;1;1
252960034147;252960034156;9;2,9;2;1;1
252960034156;252960034163;7;2,9;2;1;1
252960034163;252960034164;1;2,9;2;1;1
252960034164;252960034171;7;2,9;2;1;1
252960034171;252960034175;4;2,9;2;1;1
252960034175;252960034176;1;2,9;2;1;1
252960034176;252960034178;2;2,9;2;1;1
252960034178;252960034194;16;2,9;2;1;1
252960034194;252960034199;5;2,9;2;1;1
252960034199;252960034200;1;2,9;2;1;1
252960034200;252960034205;5;2,9;2;1;1
252960034205;252960034215;10;2,9;2;1;1
252960034215;252960034226;11;2,9;2;1;1
252960034226;252960034231;5;2,9;2;1;1
252960034231;252960034239;8;2,9;2;1;1
252960034239;252960034241;2;2,9;2;1;1
252960034241;252960034263;22;2,9;2;1;1
252960034263;252960034268;5;2,9;2;1;1
252960034268;252960034277;9;2,9;2;1;1
252960034277;252960034285;8;2,9;2;1;1
252960034285;252960034290;5;2,9;2;1;1
252960034290;252960034308;18;2,9;2;1;1
252960034308;252960034312;4;2,9;2;1;1
252960034312;252960034314;2;2,9;2;1;1
252960034314;252960034327;13;2,9;2;1;1
252960034327;252960034351;24;2,9;2;1;1
252960034351;252960034363;12;2,9;2;1;1
252960034363;252960034372;9;2,9;2;1;1
252960034372;252960034401;29;2,9;2;1;1
252960034401;252960034413;12;2,9;2;1;1
252960034413;252960034424;11;2,9;2;1;1
252960034424;252960034431;7;2,9;2;1;1
252960034431;252960034484;53;2,9;2;1;1
252960034484;252960034491;7;2,9;2;1;1
252960034491;252960034509;18;2,9;2;1;1
252960034509;252960034542;33;2,9;2;1;1
252960034542;252960034547;5;2,9;2;1;1
252960034547;252960034556;9;2,9;2;1;1
252960034556;252960034581;25;2,9;2;1;1
252960034581;252960034584;3;2,9;2;1;1
252960034584;252960034592;8;2,9;2;1;1
252960034592;252960034624;32;2,9;2;1;1
252960034624;252960034625;1;2,9;2;1;1
252960034625;252960034628;3;2,9;2;1;1
252960034628;252960034631;3;2,9;2;1;1
252960034631;252960034671;40;2,9;2;1;1
252960034671;252960034695;24;2,9;2;1;1
252960034695;252960034697;2;2,9;2;1;1
252960034697;252960034698;1;2,9;2;1;1
252960034698;252960034724;26;2,9;2;1;1
252960034724;252960034742;18;2,9;2;1;1
252960034742;252960034754;12;2,9;2;1;1
252960034754;252960034761;7;2,9;2;1;1
252960034761;252960034767;6;2,9;2;1;1
252960034767;252960034771;4;2,9;2;1;1
252960034771;252960034781;10;2,9;2;1;1
252960034781;252960034782;1;2,9;2;1;1
252960034782;252960034796;14;2,9;2;1;1
252960034796;252960034805;9;2,9;2;1;1
252960034805;252960034808;3;2,9;2;1;1
252960034808;252960034824;16;2,9;2;1;1
252960034824;252960034835;11;2,9;2;1;1
252960034835;252960034860;25;2,9;2;1;1
252960034860;252960034904;44;2,9;2;1;1
252960034904;252960034905;1;2,9;2;1;1
252960034905;252960034937;32;2,9;2;1;1
252960034937;252960034962;25;2,9;2;1;1
252960034962;252960034986;24;2,9;2;1;1
252960034986;252960035004;18;2,9;2;1;1
252960035004;252960035038;34;2,9;2;1;1
252960035038;252960035071;33;2,9;2;1;1
252960035071;252960035084;13;2,9;2;1;1
252960035084;252960035087;3;2,9;2;1;1
252960035087;252960035092;5;2,9;2;1;1
252960035092;252960035114;22;2,9;2;1;1
252960035114;252960035116;2;2,9;2;1;1
252960035116;252960035135;19;2,9;2;1;1
252960035135;252960035145;10;2,9;2;1;1
252960035145;252960035176;31;2,9;2;1;1
252960035176;252960035178;2;2,9;2;1;1
252960035178;252960035184;6;2,9;2;1;1
252960035184;252960035196;12;2,9;2;1;1
252960035196;252960035223;27;2,9;2;1;1
252960035223;252960035230;7;2,9;2;1;1
252960035230;252960035233;3;2,9;2;1;1
252960035233;252960035239;6;2,9;2;1;1
252960035239;252960035248;9;2,9;2;1;1
252960035248;252960035265;17;2,9;2;1;1
252960035265;252960035266;1;2,9;2;1;1
252960035266;252960035269;3;2,9;2;1;1
252960035269;252960035279;10;2,9;2;1;1
252960035279;252960035285;6;2,9;2;1;1
252960035285;252960035291;6;2,9;2;1;1
252960035291;252960035297;6;2,9;2;1;1
252960035297;252960035308;11;2,9;2;1;1
252960035308;252960035310;2;2,9;2;1;1
252960035310;252960035313;3;2,9;2;1;1
252960035313;252960035332;19;2,9;2;1;1
252960035332;252960035339;7;2,9;2;1;1
252960035339;252960035345;6;2,9;2;1;1
252960035345;252960035350;5;2,9;2;1;1
252960035350;252960035351;1;2,9;2;1;1
252960035351;252960035368;17;2,9;2;1;1
252960035368;252960035372;4;2,9;2;1;1
252960035372;252960035374;2;2,9;2;1;1
252960035374;252960035399;25;2,9;2;1;1
252960035399;252960035408;9;2,9;2;1;1
252960035408;252960035425;17;2,9;2;1;1
252960035425;252960035426;1;2,9;2;1;1
252960035426;252960035432;6;2,9;2;1;1
252960035432;252960035463;31;2,9;2;1;1
252960035463;252960035465;2;2,9;2;1;1
252960035465;252960035468;3;2,9;2;1;1
252960035468;252960035472;4;2,9;2;1;1
252960035472;252960035486;14;2,9;2;1;1
252960035486;252960035487;1;2,9;2;1;1
252960035487;252960035512;25;2,9;2;1;1
252960035512;252960035558;46;2,9;2;1;1
252960035558;252960035577;19;2,9;2;1;1
252960035577;252960035587;10;2,9;2;1;1
252960035587;252960035620;33;2,9;2;1;1
252960035620;252960035624;4;2,9;2;1;1
252960035624;252960035636;12;2,9;2;1;1
252960035636;252960035650;14;2,9;2;1;1
252960035650;252960035667;17;2,9;2;1;1
252960035667;252960035673;6;2,9;2;1;1
252960035673;252960035675;2;2,9;2;1;1
252960035675;252960035686;11;2,9;2;1;1
252960035686;252960035688;2;2,9;2;1;1
252960035688;252960035691;3;2,9;2;1;1
252960035691;252960035692;1;2,9;2;1;1
252960035692;252960035698;6;2,9;2;1;1
252960035698;252960035702;4;2,9;2;1;1
252960035702;252960035711;9;2,9;2;1;1
252960035711;252960035714;3;2,9;2;1;1
252960035714;252960035716;2;2,9;2;1;1
252960035716;252960035741;25;2,9;2;1;1
252960035741;252960035743;2;2,9;2;1;1
252960035743;252960035745;2;2,9;2;1;1
252960035745;252960035766;21;2,9;2;1;1
252960035766;252960035772;6;2,9;2;1;1
252960035772;252960035775;3;2,9;2;1;1
252960035775;252960035793;18;2,9;2;1;1
252960035793;252960035831;38;2,9;2;1;1
252960035831;252960035848;17;2,9;2;1;1
252960035848;252960035860;12;2,9;2;1;1
252960035860;252960035864;4;2,9;2;1;1
252960035864;252960035877;13;2,9;2;1;1
252960035877;252960035883;6;2,9;2;1;1
252960035883;252960035889;6;2,9;2;1;1
252960035889;252960035896;7;2,9;2;1;1
252960035896;252960035897;1;2,9;2;1;1
252960035897;252960035902;5;2,9;2;1;1
252960035902;252960035904;2;2,9;2;1;1
252960035904;252960035914;10;2,9;2;1;1
252960035914;252960035916;2;2,9;2;1;1
252960035916;252960035923;7;2,9;2;1;1
252960035923;252960035925;2;2,9;2;1;1
252960035925;252960035927;2;2,9;2;1;1
252960035927;252960035934;7;2,9;2;1;1
252960035934;252960035952;18;2,9;2;1;1
252960035952;252960035967;15;2,9;2;1;1
252960035967;252960035975;8;2,9;2;1;1
252960035975;252960035982;7;2,9;2;1;1
252960035982;252960036016;34;2,9;2;1;1
252960036016;252960036021;5;2,9;2;1;1
252960036021;252960036025;4;2,9;2;1;1
252960036025;252960036026;1;2,9;2;1;1
252960036026;252960036032;6;2,9;2;1;1
252960036032;252960036052;20;2,9;2;1;1
252960036052;252960036054;2;2,9;2;1;1
252960036054;252960036062;8;2,9;2;1;1
252960036062;252960036075;13;2,9;2;1;1
252960036075;252960036082;7;2,9;2;1;1
252960036082;252960036084;2;2,9;2;1;1
252960036084;252960036092;8;2,9;2;1;1
252960036092;252960036103;11;2,9;2;1;1
252960036103;252960036106;3;2,9;2;1;1
252960036106;252960036112;6;2,9;2;1;1
252960036112;252960036121;9;2,9;2;1;1
252960036121;252960036129;8;2,9;2;1;1
252960036129;252960036131;2;2,9;2;1;1
252960036131;252960036132;1;2,9;2;1;1
252960036132;252960036138;6;2,9;2;1;1
252960036138;252960036148;10;2,9;2;1;1
252960036148;252960036171;23;2,9;2;1;1
252960036171;252960036174;3;2,9;2;1;1
252960036174;252960036190;16;2,9;2;1;1
252960036190;252960036195;5;2,9;2;1;1
252960036195;252960036200;5;2,9;2;1;1
252960036200;252960036217;17;2,9;2;1;1
252960036217;252960036234;17;2,9;2;1;1
252960036234;252960036235;1;2,9;2;1;1
252960036235;252960036242;7;2,9;2;1;1
252960036242;252960036243;1;2,9;2;1;1
252960036243;252960036244;1;2,9;2;1;1
252960036244;252960036246;2;2,9;2;1;1
252960036246;252960036248;2;2,9;2;1;1
252960036248;252960036250;2;2,9;2;1;1
252960036250;252960036291;41;2,9;2;1;1
252960036291;252960036304;13;2,9;2;1;1
252960036304;252960036305;1;2,9;2;1;1
252960036305;252960036316;11;2,9;2;1;1
252960036316;252960036352;36;2,9;2;1;1
252960036352;252960036356;4;2,9;2;1;1
252960036356;252960036367;11;2,9;2;1;1
252960036367;252960036396;29;2,9;2;1;1
252960036396;252960036418;22;2,9;2;1;1
252960036418;252960036441;23;2,9;2;1;1
252960036441;252960036500;59;2,9;2;1;1
252960036500;252960036507;7;2,9;2;1;1
252960036507;252960036521;14;2,9;2;1;1
252960036521;252960036523;2;2,9;2;1;1
252960036523;252960036534;11;2,9;2;1;1
252960036534;252960036567;33;2,9;2;1;1
252960036567;252960036611;44;2,9;2;1;1
252960036611;252960036649;38;2,9;2;1;1
252960036649;252960036675;26;2,9;2;1;1
252960036675;252960036690;15;2,9;2;1;1
252960036690;252960036722;32;2,9;2;1;1
252960036722;252960036737;15;2,9;2;1;1
252960036737;252960036771;34;2,9;2;1;1
252960036771;252960036808;37;2,9;2;1;1
252960036808;252960036826;18;2,9;2;1;1
252960036826;252960036835;9;2,9;2;1;1
252960036835;252960036863;28;2,9;2;1;1
252960036863;252960036885;22;2,9;2;1;1
252960036885;252960036927;42;2,9;2;1;1
252960036927;252960036943;16;2,9;2;1;1
252960036943;252960036986;43;2,9;2;1;1
252960036986;252960037012;26;2,9;2;1;1
252960037012;252960037021;9;2,9;2;1;1
252960037021;252960037031;10;2,9;2;1;1
252960037031;252960037066;35;2,9;2;1;1
252960037066;252960037081;15;2,9;2;1;1
252960037081;252960037086;5;2,9;2;1;1
252960037086;252960037089;3;2,9;2;1;1
252960037089;252960037123;34;2,9;2;1;1
252960037123;252960037140;17;2,9;2;1;1
252960037140;252960037144;4;2,9;2;1;1
252960037144;252960037149;5;2,9;2;1;1
252960037149;252960037153;4;2,9;2;1;1
252960037153;252960037192;39;2,9;2;1;1
252960037192;252960037193;1;2,9;2;1;1
252960037193;252960037213;20;2,9;2;1;1
252960037213;252960037232;19;2,9;2;1;1
252960037232;252960037234;2;2,9;2;1;1
252960037234;252960037237;3;2,9;2;1;1
252960037237;252960037249;12;2,9;2;1;1
252960037249;252960037280;31;2,9;2;1;1
252960037280;252960037295;15;2,9;2;1;1
252960037295;252960037296;1;2,9;2;1;1
252960037296;252960037304;8;2,9;2;1;1
252960037304;252960037330;26;2,9;2;1;1
252960037330;252960037334;4;2,9;2;1;1
252960037334;252960037336;2;2,9;2;1;1
252960037336;252960037337;1;2,9;2;1;1
252960037337;252960037344;7;2,9;2;1;1
252960037344;252960037345;1;2,9;2;1;1
252960037345;252960037374;29;2,9;2;1;1
252960037374;252960037384;10;2,9;2;1;1
252960037384;252960037396;12;2,9;2;1;1
252960037396;252960037406;10;2,9;2;1;1
252960037406;252960037413;7;2,9;2;1;1
252960037413;252960037486;73;2,9;2;1;1
252960037486;252960037517;31;2,9;2;1;1
252960037517;252960037535;18;2,9;2;1;1
252960037535;252960037565;30;2,9;2;1;1
252960037565;252960037626;61;2,9;2;1;1
252960037626;252960037670;44;2,9;2;1;1
252960037670;252960037696;26;2,9;2;1;1
252960037696;252960037716;20;2,9;2;1;1
252960037716;252960037750;34;2,9;2;1;1
252960037750;252960037800;50;2,9;2;1;1
252960037800;252960037818;18;2,9;2;1;1
252960037818;252960037860;42;2,9;2;1;1
252960037860;252960037957;97;2,9;2;1;1
252960037957;252960037977;20;2,9;2;1;1
252960037977;252960038068;91;2,9;2;1;1
252960038068;252960038092;24;2,9;2;1;1
252960038092;252960038157;65;2,9;2;1;1
252960038157;252960038174;17;2,9;2;1;1
252960038174;252960038207;33;2,9;2;1;1
252960038207;252960038209;2;2,9;2;1;1
252960038209;252960038213;4;2,9;2;1;1
252960038213;252960038217;4;2,9;2;1;1
252960038217;252960038244;27;2,9;2;1;1
252960038244;252960038247;3;2,9;2;1;1
252960038247;252960038278;31;2,9;2;1;1
252960038278;252960038285;7;2,9;2;1;1
252960038285;252960038311;26;2,9;2;1;1
252960038311;252960038320;9;2,9;2;1;1
252960038320;252960038330;10;2,9;2;1;1
252960038330;252960038358;28;2,9;2;1;1
252960038358;252960038379;21;2,9;2;1;1
252960038379;252960038417;38;2,9;2;1;1
252960038417;252960038450;33;2,9;2;1;1
252960038450;252960038492;42;2,9;2;1;1
252960038492;252960038499;7;2,9;2;1;1
252960038499;252960038555;56;2,9;2;1;1
252960038555;252960038566;11;2,9;2;1;1
252960038566;252960038587;21;2,9;2;1;1
252960038587;252960038625;38;2,9;2;1;1
252960038625;252960038637;12;2,9;2;1;1
252960038637;252960038717;80;2,9;2;1;1
252960038717;252960038721;4;2,9;2;1;1
252960038721;252960038764;43;2,9;2;1;1
252960038764;252960038781;17;2,9;2;1;1
252960038781;252960038815;34;2,9;2;1;1
252960038815;252960038845;30;2,9;2;1;1
252960038845;252960038866;21;2,9;2;1;1
252960038866;252960038878;12;2,9;2;1;1
252960038878;252960038883;5;2,9;2;1;1
252960038883;252960038889;6;2,9;2;1;1
252960038889;252960038905;16;2,9;2;1;1
252960038905;252960038913;8;2,9;2;1;1
252960038913;252960038915;2;2,9;2;1;1
252960038915;252960038926;11;2,9;2;1;1
252960038926;252960038930;4;2,9;2;1;1
252960038930;252960038948;18;2,9;2;1;1
252960038948;252960038960;12;2,9;2;1;1
252960038960;252960038981;21;2,9;2;1;1
252960038981;252960039026;45;2,9;2;1;1
252960039026;252960039035;9;2,9;2;1;1
252960039035;252960039069;34;2,9;2;1;1
252960039069;252960039092;23;2,9;2;1;1
252960039092;252960039097;5;2,9;2;1;1
252960039097;252960039114;17;2,9;2;1;1
252960039114;252960039139;25;2,9;2;1;1
252960039139;252960039195;56;2,9;2;1;1
252960039195;252960039214;19;2,9;2;1;1
252960039214;252960039224;10;2,9;2;1;1
252960039224;252960039249;25;2,9;2;1;1
252960039249;252960039260;11;2,9;2;1;1
252960039260;252960039269;9;2,9;2;1;1
252960039269;252960039296;27;2,9;2;1;1
252960039296;252960039323;27;2,9;2;1;1
252960039323;252960039347;24;2,9;2;1;1
252960039347;252960039423;76;2,9;2;1;1
252960039423;252960039461;38;2,9;2;1;1
252960039461;252960039488;27;2,9;2;1;1
252960039488;252960039551;63;2,9;2;1;1
252960039551;252960039553;2;2,9;2;1;1
252960039553;252960039723;170;2,9;2;1;1
252960039723;252960039793;70;2,9;2;1;1
252960039793;252960039926;133;2,9;2;1;1
252960039926;252960039957;31;2,9;2;1;1
252960039957;252960050754;10797;2,9;2;1;1
252960050754;252960050762;8;2,9;2;1;1
252960050762;252960050769;7;2,9;2;1;1
252960050769;252960050819;50;2,9;2;1;1
252960050819;252960050845;26;2,9;2;1;1
252960050845;252960050894;49;2,9;2;1;1
252960050894;252960050903;9;2,9;2;1;1
252960050903;252960050918;15;2,9;2;1;1
252960050918;252960050989;71;2,9;2;1;1
252960050989;252960051011;22;2,9;2;1;1
252960051011;252960051014;3;2,9;2;1;1
252960051014;252960051056;42;2,9;2;1;1
252960051056;252960051077;21;2,9;2;1;1
252960051077;252960051080;3;2,9;2;1;1
252960051080;252960051082;2;2,9;2;1;1
252960051082;252960051145;63;2,9;2;1;1
252960051145;252960051166;21;2,9;2;1;1
252960051166;252960051175;9;2,9;2;1;1
252960051175;252960051180;5;2,9;2;1;1
252960051180;252960051211;31;2,9;2;1;1
252960051211;252960051254;43;2,9;2;1;1
252960051254;252960051257;3;2,9;2;1;1
252960051257;252960051300;43;2,9;2;1;1
252960051300;252960051302;2;2,9;2;1;1
252960051302;252960051318;16;2,9;2;1;1
252960051318;252960051337;19;2,9;2;1;1
252960051337;252960051448;111;2,9;2;1;1
252960051448;252960051456;8;2,9;2;1;1
252960051456;252960051474;18;2,9;2;1;1
252960051474;252960051495;21;2,9;2;1;1
252960051495;252960051521;26;2,9;2;1;1
252960051521;252960051555;34;2,9;2;1;1
252960051555;252960051564;9;2,9;2;1;1
252960051564;252960051594;30;2,9;2;1;1
252960051594;252960051608;14;2,9;2;1;1
252960051608;252960051658;50;2,9;2;1;1
252960051658;252960051664;6;2,9;2;1;1
252960051664;252960051691;27;2,9;2;1;1
252960051691;252960051702;11;2,9;2;1;1
252960051702;252960051715;13;2,9;2;1;1
252960051715;252960051720;5;2,9;2;1;1
252960051720;252960051729;9;2,9;2;1;1
252960051729;252960051745;16;2,9;2;1;1
252960051745;252960051775;30;2,9;2;1;1
252960051775;252960051776;1;2,9;2;1;1
252960051776;252960051782;6;2,9;2;1;1
252960051782;252960051789;7;2,9;2;1;1
252960051789;252960051792;3;2,9;2;1;1
252960051792;252960051816;24;2,9;2;1;1
252960051816;252960051828;12;2,9;2;1;1
252960051828;252960051831;3;2,9;2;1;1
252960051831;252960051853;22;2,9;2;1;1
252960051853;252960051878;25;2,9;2;1;1
252960051878;252960051890;12;2,9;2;1;1
252960051890;252960051951;61;2,9;2;1;1
252960051951;252960051964;13;2,9;2;1;1
252960051964;252960051984;20;2,9;2;1;1
252960051984;252960052002;18;2,9;2;1;1
252960052002;252960052032;30;2,9;2;1;1
252960052032;252960052050;18;2,9;2;1;1
252960052050;252960052051;1;2,9;2;1;1
252960052051;252960052052;1;2,9;2;1;1
252960052052;252960052053;1;2,9;2;1;1
252960052053;252960052058;5;2,9;2;1;1
252960052058;252960052072;14;2,9;2;1;1
252960052072;252960052089;17;2,9;2;1;1
252960052089;252960052119;30;2,9;2;1;1
252960052119;252960052132;13;2,9;2;1;1
252960052132;252960052134;2;2,9;2;1;1
252960052134;252960052135;1;2,9;2;1;1
252960052135;252960052146;11;2,9;2;1;1
252960052146;252960052180;34;2,9;2;1;1
252960052180;252960052204;24;2,9;2;1;1
252960052204;252960052208;4;2,9;2;1;1
252960052208;252960052227;19;2,9;2;1;1
252960052227;252960052232;5;2,9;2;1;1
252960052232;252960052262;30;2,9;2;1;1
252960052262;252960052270;8;2,9;2;1;1
252960052270;252960052282;12;2,9;2;1;1
252960052282;252960052303;21;2,9;2;1;1
252960052303;252960052338;35;2,9;2;1;1
252960052338;252960052348;10;2,9;2;1;1
252960052348;252960052352;4;2,9;2;1;1
252960052352;252960052441;89;2,9;2;1;1
252960052441;252960052462;21;2,9;2;1;1
252960052462;252960052474;12;2,9;2;1;1
252960052474;252960052496;22;2,9;2;1;1
252960052496;252960052501;5;2,9;2;1;1
252960052501;252960052511;10;2,9;2;1;1
252960052511;252960052513;2;2,9;2;1;1
252960052513;252960052523;10;2,9;2;1;1
252960052523;252960052533;10;2,9;2;1;1
252960052533;252960052543;10;2,9;2;1;1
252960052543;252960052546;3;2,9;2;1;1
252960052546;252960052552;6;2,9;2;1;1
252960052552;252960052559;7;2,9;2;1;1
252960052559;252960052567;8;2,9;2;1;1
252960052567;252960052578;11;2,9;2;1;1
252960052578;252960052589;11;2,9;2;1;1
252960052589;252960052596;7;2,9;2;1;1
252960052596;252960052599;3;2,9;2;1;1
252960052599;252960052607;8;2,9;2;1;1
252960052607;252960052626;19;2,9;2;1;1
252960052626;252960052640;14;2,9;2;1;1
252960052640;252960052642;2;2,9;2;1;1
252960052642;252960052667;25;2,9;2;1;1
252960052667;252960052693;26;2,9;2;1;1
252960052693;252960052752;59;2,9;2;1;1
252960052752;252960052761;9;2,9;2;1;1
252960052761;252960052767;6;2,9;2;1;1
252960052767;252960052769;2;2,9;2;1;1
252960052769;252960052786;17;2,9;2;1;1
252960052786;252960052790;4;2,9;2;1;1
252960052790;252960052848;58;2,9;2;1;1
252960052848;252960052869;21;2,9;2;1;1
252960052869;252960052871;2;2,9;2;1;1
252960052871;252960052881;10;2,9;2;1;1
252960052881;252960052885;4;2,9;2;1;1
252960052885;252960052888;3;2,9;2;1;1
252960052888;252960052889;1;2,9;2;1;1
252960052889;252960052890;1;2,9;2;1;1
252960052890;252960052896;6;2,9;2;1;1
252960052896;252960052935;39;2,9;2;1;1
252960052935;252960052957;22;2,9;2;1;1
252960052957;252960052965;8;2,9;2;1;1
252960052965;252960052966;1;2,9;2;1;1
252960052966;252960052978;12;2,9;2;1;1
252960052978;252960053022;44;2,9;2;1;1
252960053022;252960053025;3;2,9;2;1;1
252960053025;252960053028;3;2,9;2;1;1
252960053028;252960053030;2;2,9;2;1;1
252960053030;252960053050;20;2,9;2;1;1
252960053050;252960053056;6;2,9;2;1;1
252960053056;252960053059;3;2,9;2;1;1
252960053059;252960053063;4;2,9;2;1;1
252960053063;252960053102;39;2,9;2;1;1
252960053102;252960053125;23;2,9;2;1;1
252960053125;252960053144;19;2,9;2;1;1
252960053144;252960053175;31;2,9;2;1;1
252960053175;252960053190;15;2,9;2;1;1
252960053190;252960053193;3;2,9;2;1;1
252960053193;252960053211;18;2,9;2;1;1
252960053211;252960053244;33;2,9;2;1;1
252960053244;252960053262;18;2,9;2;1;1
252960053262;252960053301;39;2,9;2;1;1
252960053301;252960053304;3;2,9;2;1;1
252960053304;252960053311;7;2,9;2;1;1
252960053311;252960053339;28;2,9;2;1;1
252960053339;252960053354;15;2,9;2;1;1
252960053354;252960053369;15;2,9;2;1;1
252960053369;252960053412;43;2,9;2;1;1
252960053412;252960053420;8;2,9;2;1;1
252960053420;252960053425;5;2,9;2;1;1
252960053425;252960053436;11;2,9;2;1;1
252960053436;252960053445;9;2,9;2;1;1
252960053445;252960053449;4;2,9;2;1;1
252960053449;252960053471;22;2,9;2;1;1
252960053471;252960053474;3;2,9;2;1;1
252960053474;252960053486;12;2,9;2;1;1
252960053486;252960053515;29;2,9;2;1;1
252960053515;252960053521;6;2,9;2;1;1
252960053521;252960053529;8;2,9;2;1;1
252960053529;252960053534;5;2,9;2;1;1
252960053534;252960053562;28;2,9;2;1;1
252960053562;252960053584;22;2,9;2;1;1
252960053584;252960053610;26;2,9;2;1;1
252960053610;252960053611;1;2,9;2;1;1
252960053611;252960053623;12;2,9;2;1;1
252960053623;252960053624;1;2,9;2;1;1
252960053624;252960053633;9;2,9;2;1;1
252960053633;252960053649;16;2,9;2;1;1
252960053649;252960053672;23;2,9;2;1;1
252960053672;252960053688;16;2,9;2;1;1
252960053688;252960053702;14;2,9;2;1;1
252960053702;252960053710;8;2,9;2;1;1
252960053710;252960053711;1;2,9;2;1;1
252960053711;252960053742;31;2,9;2;1;1
252960053742;252960053753;11;2,9;2;1;1
252960053753;252960053766;13;2,9;2;1;1
252960053766;252960053785;19;2,9;2;1;1
252960053785;252960053803;18;2,9;2;1;1
252960053803;252960053806;3;2,9;2;1;1
252960053806;252960053808;2;2,9;2;1;1
252960053808;252960053818;10;2,9;2;1;1
252960053818;252960053825;7;2,9;2;1;1
252960053825;252960053844;19;2,9;2;1;1
252960053844;252960053846;2;2,9;2;1;1
252960053846;252960053848;2;2,9;2;1;1
252960053848;252960053883;35;2,9;2;1;1
252960053883;252960053887;4;2,9;2;1;1
252960053887;252960053899;12;2,9;2;1;1
252960053899;252960053900;1;2,9;2;1;1
252960053900;252960053914;14;2,9;2;1;1
252960053914;252960053915;1;2,9;2;1;1
252960053915;252960053919;4;2,9;2;1;1
252960053919;252960053933;14;2,9;2;1;1
252960053933;252960053940;7;2,9;2;1;1
252960053940;252960053941;1;2,9;2;1;1
252960053941;252960053948;7;2,9;2;1;1
252960053948;252960053962;14;2,9;2;1;1
252960053962;252960053967;5;2,9;2;1;1
252960053967;252960053973;6;2,9;2;1;1
252960053973;252960053974;1;2,9;2;1;1
252960053974;252960053977;3;2,9;2;1;1
252960053977;252960053978;1;2,9;2;1;1
252960053978;252960053998;20;2,9;2;1;1
252960053998;252960054006;8;2,9;2;1;1
252960054006;252960054032;26;2,9;2;1;1
252960054032;252960054073;41;2,9;2;1;1
252960054073;252960054079;6;2,9;2;1;1
252960054079;252960054090;11;2,9;2;1;1
252960054090;252960054105;15;2,9;2;1;1
252960054105;252960054113;8;2,9;2;1;1
252960054113;252960054126;13;2,9;2;1;1
252960054126;252960054136;10;2,9;2;1;1
252960054136;252960054160;24;2,9;2;1;1
252960054160;252960054181;21;2,9;2;1;1
252960054181;252960054183;2;2,9;2;1;1
252960054183;252960054201;18;2,9;2;1;1
252960054201;252960054221;20;2,9;2;1;1
252960054221;252960054271;50;2,9;2;1;1
252960054271;252960054276;5;2,9;2;1;1
252960054276;252960054282;6;2,9;2;1;1
252960054282;252960054293;11;2,9;2;1;1
252960054293;252960054319;26;2,9;2;1;1
252960054319;252960054322;3;2,9;2;1;1
252960054322;252960054324;2;2,9;2;1;1
252960054324;252960054330;6;2,9;2;1;1
252960054330;252960054341;11;2,9;2;1;1
252960054341;252960054342;1;2,9;2;1;1
252960054342;252960054350;8;2,9;2;1;1
252960054350;252960054356;6;2,9;2;1;1
252960054356;252960054367;11;2,9;2;1;1
252960054367;252960054373;6;2,9;2;1;1
252960054373;252960054383;10;2,9;2;1;1
252960054383;252960054400;17;2,9;2;1;1
252960054400;252960054412;12;2,9;2;1;1
252960054412;252960054420;8;2,9;2;1;1
252960054420;252960054427;7;2,9;2;1;1
252960054427;252960054428;1;2,9;2;1;1
252960054428;252960054442;14;2,9;2;1;1
252960054442;252960054450;8;2,9;2;1;1
252960054450;252960054488;38;2,9;2;1;1
252960054488;252960054497;9;2,9;2;1;1
252960054497;252960054507;10;2,9;2;1;1
252960054507;252960054515;8;2,9;2;1;1
252960054515;252960054520;5;2,9;2;1;1
252960054520;252960054526;6;2,9;2;1;1
252960054526;252960054530;4;2,9;2;1;1
252960054530;252960054541;11;2,9;2;1;1
252960054541;252960054550;9;2,9;2;1;1
252960054550;252960054556;6;2,9;2;1;1
252960054556;252960054582;26;2,9;2;1;1
252960054582;252960054620;38;2,9;2;1;1
252960054620;252960054624;4;2,9;2;1;1
252960054624;252960054626;2;2,9;2;1;1
252960054626;252960054636;10;2,9;2;1;1
252960054636;252960054639;3;2,9;2;1;1
252960054639;252960054653;14;2,9;2;1;1
252960054653;252960054661;8;2,9;2;1;1
252960054661;252960054667;6;2,9;2;1;1
252960054667;252960054668;1;2,9;2;1;1
252960054668;252960054672;4;2,9;2;1;1
252960054672;252960054682;10;2,9;2;1;1
252960054682;252960054683;1;2,9;2;1;1
252960054683;252960054704;21;2,9;2;1;1
252960054704;252960054709;5;2,9;2;1;1
252960054709;252960054716;7;2,9;2;1;1
252960054716;252960054724;8;2,9;2;1;1
252960054724;252960054747;23;2,9;2;1;1
252960054747;252960054754;7;2,9;2;1;1
252960054754;252960054755;1;2,9;2;1;1
252960054755;252960054766;11;2,9;2;1;1
252960054766;252960054778;12;2,9;2;1;1
252960054778;252960054796;18;2,9;2;1;1
252960054796;252960054802;6;2,9;2;1;1
252960054802;252960054813;11;2,9;2;1;1
252960054813;252960054821;8;2,9;2;1;1
252960054821;252960054822;1;2,9;2;1;1
252960054822;252960054866;44;2,9;2;1;1
252960054866;252960054897;31;2,9;2;1;1
252960054897;252960054923;26;2,9;2;1;1
252960054923;252960054926;3;2,9;2;1;1
252960054926;252960054929;3;2,9;2;1;1
252960054929;252960054941;12;2,9;2;1;1
252960054941;252960054946;5;2,9;2;1;1
252960054946;252960054949;3;2,9;2;1;1
252960054949;252960054955;6;2,9;2;1;1
252960054955;252960054956;1;2,9;2;1;1
252960054956;252960054985;29;2,9;2;1;1
252960054985;252960054997;12;2,9;2;1;1
252960054997;252960054998;1;2,9;2;1;1
252960054998;252960055023;25;2,9;2;1;1
252960055023;252960055034;11;2,9;2;1;1
252960055034;252960055040;6;2,9;2;1;1
252960055040;252960055042;2;2,9;2;1;1
252960055042;252960055051;9;2,9;2;1;1
252960055051;252960055072;21;2,9;2;1;1
252960055072;252960055103;31;2,9;2;1;1
252960055103;252960055105;2;2,9;2;1;1
252960055105;252960055107;2;2,9;2;1;1
252960055107;252960055119;12;2,9;2;1;1
252960055119;252960055128;9;2,9;2;1;1
252960055128;252960055132;4;2,9;2;1;1
252960055132;252960055135;3;2,9;2;1;1
252960055135;252960055159;24;2,9;2;1;1
252960055159;252960055187;28;2,9;2;1;1
252960055187;252960055200;13;2,9;2;1;1
252960055200;252960055221;21;2,9;2;1;1
252960055221;252960055244;23;2,9;2;1;1
252960055244;252960055253;9;2,9;2;1;1
252960055253;252960055257;4;2,9;2;1;1
252960055257;252960055268;11;2,9;2;1;1
252960055268;252960055271;3;2,9;2;1;1
252960055271;252960055277;6;2,9;2;1;1
252960055277;252960055280;3;2,9;2;1;1
252960055280;252960055324;44;2,9;2;1;1
252960055324;252960055331;7;2,9;2;1;1
252960055331;252960055333;2;2,9;2;1;1
252960055333;252960055345;12;2,9;2;1;1
252960055345;252960055363;18;2,9;2;1;1
252960055363;252960055392;29;2,9;2;1;1
252960055392;252960055400;8;2,9;2;1;1
252960055400;252960055412;12;2,9;2;1;1
252960055412;252960055417;5;2,9;2;1;1
252960055417;252960055420;3;2,9;2;1;1
252960055420;252960055438;18;2,9;2;1;1
252960055438;252960055452;14;2,9;2;1;1
252960055452;252960055469;17;2,9;2;1;1
252960055469;252960055479;10;2,9;2;1;1
252960055479;252960055485;6;2,9;2;1;1
252960055485;252960055510;25;2,9;2;1;1
252960055510;252960055516;6;2,9;2;1;1
252960055516;252960055544;28;2,9;2;1;1
252960055544;252960055557;13;2,9;2;1;1
252960055557;252960055578;21;2,9;2;1;1
252960055578;252960055642;64;2,9;2;1;1
252960055642;252960055653;11;2,9;2;1;1
252960055653;252960055661;8;2,9;2;1;1
252960055661;252960055665;4;2,9;2;1;1
252960055665;252960055680;15;2,9;2;1;1
252960055680;252960055681;1;2,9;2;1;1
252960055681;252960055684;3;2,9;2;1;1
252960055684;252960055700;16;2,9;2;1;1
252960055700;252960055705;5;2,9;2;1;1
252960055705;252960055772;67;2,9;2;1;1
252960055772;252960055784;12;2,9;2;1;1
252960055784;252960055790;6;2,9;2;1;1
252960055790;252960055806;16;2,9;2;1;1
252960055806;252960055812;6;2,9;2;1;1
252960055812;252960055828;16;2,9;2;1;1
252960055828;252960055837;9;2,9;2;1;1
252960055837;252960055860;23;2,9;2;1;1
252960055860;252960055875;15;2,9;2;1;1
252960055875;252960055883;8;2,9;2;1;1
252960055883;252960055907;24;2,9;2;1;1
252960055907;252960055911;4;2,9;2;1;1
252960055911;252960055919;8;2,9;2;1;1
252960055919;252960055921;2;2,9;2;1;1
252960055921;252960055932;11;2,9;2;1;1
252960055932;252960055936;4;2,9;2;1;1
252960055936;252960055960;24;2,9;2;1;1
252960055960;252960055967;7;2,9;2;1;1
252960055967;252960055976;9;2,9;2;1;1
252960055976;252960055996;20;2,9;2;1;1
252960055996;252960056015;19;2,9;2;1;1
252960056015;252960056031;16;2,9;2;1;1
252960056031;252960056034;3;2,9;2;1;1
252960056034;252960056049;15;2,9;2;1;1
252960056049;252960056079;30;2,9;2;1;1
252960056079;252960056097;18;2,9;2;1;1
252960056097;252960056104;7;2,9;2;1;1
252960056104;252960056125;21;2,9;2;1;1
252960056125;252960056135;10;2,9;2;1;1
252960056135;252960056146;11;2,9;2;1;1
252960056146;252960056167;21;2,9;2;1;1
252960056167;252960056171;4;2,9;2;1;1
252960056171;252960056175;4;2,9;2;1;1
252960056175;252960056188;13;2,9;2;1;1
252960056188;252960056232;44;2,9;2;1;1
252960056232;252960056249;17;2,9;2;1;1
252960056249;252960056266;17;2,9;2;1;1
252960056266;252960056285;19;2,9;2;1;1
252960056285;252960056299;14;2,9;2;1;1
252960056299;252960056300;1;2,9;2;1;1
252960056300;252960056313;13;2,9;2;1;1
252960056313;252960056315;2;2,9;2;1;1
252960056315;252960056316;1;2,9;2;1;1
252960056316;252960056346;30;2,9;2;1;1
252960056346;252960056347;1;2,9;2;1;1
252960056347;252960056359;12;2,9;2;1;1
252960056359;252960056401;42;2,9;2;1;1
252960056401;252960056413;12;2,9;2;1;1
252960056413;252960056420;7;2,9;2;1;1
252960056420;252960056442;22;2,9;2;1;1
252960056442;252960056443;1;2,9;2;1;1
252960056443;252960056444;1;2,9;2;1;1
252960056444;252960056462;18;2,9;2;1;1
252960056462;252960056480;18;2,9;2;1;1
252960056480;252960056481;1;2,9;2;1;1
252960056481;252960056490;9;2,9;2;1;1
252960056490;252960056493;3;2,9;2;1;1
252960056493;252960056499;6;2,9;2;1;1
252960056499;252960056502;3;2,9;2;1;1
252960056502;252960056505;3;2,9;2;1;1
252960056505;252960056520;15;2,9;2;1;1
252960056520;252960056526;6;2,9;2;1;1
252960056526;252960056528;2;2,9;2;1;1
252960056528;252960056535;7;2,9;2;1;1
252960056535;252960056544;9;2,9;2;1;1
252960056544;252960056559;15;2,9;2;1;1
252960056559;252960056579;20;2,9;2;1;1
252960056579;252960056639;60;2,9;2;1;1
252960056639;252960056687;48;2,9;2;1;1
252960056687;252960056714;27;2,9;2;1;1
252960056714;252960056723;9;2,9;2;1;1
252960056723;252960056727;4;2,9;2;1;1
252960056727;252960056728;1;2,9;2;1;1
252960056728;252960056746;18;2,9;2;1;1
252960056746;252960056752;6;2,9;2;1;1
252960056752;252960056781;29;2,9;2;1;1
252960056781;252960056784;3;2,9;2;1;1
252960056784;252960056796;12;2,9;2;1;1
252960056796;252960056806;10;2,9;2;1;1
252960056806;252960056844;38;2,9;2;1;1
252960056844;252960056872;28;2,9;2;1;1
252960056872;252960056888;16;2,9;2;1;1
252960056888;252960056955;67;2,9;2;1;1
252960056955;252960056973;18;2,9;2;1;1
252960056973;252960056977;4;2,9;2;1;1
252960056977;252960057037;60;2,9;2;1;1
252960057037;252960057063;26;2,9;2;1;1
252960057063;252960057080;17;2,9;2;1;1
252960057080;252960057111;31;2,9;2;1;1
252960057111;252960057145;34;2,9;2;1;1
252960057145;252960057155;10;2,9;2;1;1
252960057155;252960057159;4;2,9;2;1;1
252960057159;252960057167;8;2,9;2;1;1
252960057167;252960057185;18;2,9;2;1;1
252960057185;252960057275;90;2,9;2;1;1
252960057275;252960057280;5;2,9;2;1;1
252960057280;252960057287;7;2,9;2;1;1
252960057287;252960057330;43;2,9;2;1;1
252960057330;252960057354;24;2,9;2;1;1
252960057354;252960057368;14;2,9;2;1;1
252960057368;252960057381;13;2,9;2;1;1
252960057381;252960057386;5;2,9;2;1;1
252960057386;252960057411;25;2,9;2;1;1
252960057411;252960057415;4;2,9;2;1;1
252960057415;252960057434;19;2,9;2;1;1
252960057434;252960057470;36;2,9;2;1;1
252960057470;252960057530;60;2,9;2;1;1
252960057530;252960057540;10;2,9;2;1;1
252960057540;252960057567;27;2,9;2;1;1
252960057567;252960057570;3;2,9;2;1;1
252960057570;252960057612;42;2,9;2;1;1
252960057612;252960057621;9;2,9;2;1;1
252960057621;252960057635;14;2,9;2;1;1
252960057635;252960057660;25;2,9;2;1;1
252960057660;252960057687;27;2,9;2;1;1
252960057687;252960057711;24;2,9;2;1;1
252960057711;252960057762;51;2,9;2;1;1
252960057762;252960058092;330;2,9;2;1;1
252960058092;252960062965;4873;2,9;2;1;1
252960062965;252960222081;159116;2,9;2;1;1
252960222081;252960384198;162117;2,9;2;1;1
252960384198;252980327295;19943097;2,9;2;1;1
252980327295;253017338335;37011040;2,9;2;1;1
253017338335;253017393882;55547;2,9;2;1;1
253017393882;253017438574;44692;2,9;2;1;1
253017438574;253017457496;18922;2,9;2;1;1
253017457496;253017458733;1237;2,9;2;1;1
253017458733;253017634607;175874;2,9;2;1;1
253017634607;253017872458;237851;2,9;2;1;1
253017872458;253023863380;5990922;2,9;2;1;1
253023863380;253024069400;206020;2,9;2;1;1
253024069400;253033493014;9423614;2,9;2;1;1
253033493014;253034010513;517499;2,9;2;1;1
253034010513;253034025705;15192;2,9;2;1;1
253034025705;253034046583;20878;2,9;2;1;1
253034046583;253034394515;347932;2,9;2;1;1
253034394515;253034892786;498271;2,9;2;1;1
253034892786;253035095686;202900;2,9;2;1;1
253035095686;253035437203;341517;2,9;2;1;1
253035437203;253035438237;1034;2,9;2;1;1
253035438237;253035613877;175640;2,9;2;1;1
253035613877;253035630900;17023;2,9;2;1;1
253035630900;253035644233;13333;2,9;2;1;1
253035644233;253301189106;265544873;2,9;2;1;1
253301189106;253301303149;114043;2,9;2;1;1
253301303149;253309317599;8014450;2,9;2;1;1
253309317599;253458777886;149460287;2,9;2;1;1
253458778958;253458781231;2273;2,9;2;1;1
253458781231;253458784506;3275;2,9,11;3;1;1
253458784506;253459039523;255017;2,9;2;1;1
253486943114;253540205449;53262335;2,9;2;1;1
253540205449;253540221409;15960;2,9;2;1;1
253540221409;253540277174;55765;2,9;2;1;1
253540277174;253540283350;6176;2,9;2;1;1
253540283350;253540287628;4278;2,9;2;1;1
253540288155;253540307003;18848;2,9;2;1;1
253540307003;253540332864;25861;2,9;2;1;1
253540332864;253540400593;67729;2,9;2;1;1
253540400593;253540414132;13539;2,9;2;1;1
253540414132;253540419028;4896;2,9;2;1;1
253540419028;253720333989;179914961;2,9;2;1;1
253720333989;253720431151;97162;2,9;2;1;1
253720431151;253720666955;235804;2,9;2;1;1
253720666955;253720687861;20906;2,9;2;1;1
253720687861;253720696586;8725;2,9;2;1;1
253720696586;253720922459;225873;2,9;2;1;1
253720922459;253721596764;674305;2,9;2;1;1
253721596764;253731733271;10136507;2,9;2;1;1
253731733271;253742906970;11173699;2,9;2;1;1
253742906970;253750254907;7347937;2,9;2;1;1
253750254907;253750272692;17785;2,9;2;1;1
253750272692;253750289184;16492;2,9;2;1;1
253750289184;253898486038;148196854;2,9;2;1;1
253898486038;253898661116;175078;2,9;2;1;1
253898661116;253936336371;37675255;2,9;2;1;1
253936336371;253936422262;85891;2,9;2;1;1
253936422262;253959409359;22987097;2,9;2;1;1
253959409359;253962129631;2720272;2,9;2;1;1
253962129631;253971429367;9299736;2,9;2;1;1
253971429367;253973711321;2281954;2,9;2;1;1
253973711321;253995509538;21798217;2,9;2;1;1
253995509538;253996366667;857129;2,9;2;1;1
253996366667;254021509752;25143085;2,9;2;1;1
254021509752;254024180831;2671079;2,9;2;1;1
254024180831;254047748794;23567963;2,9;2;1;1
254047748794;254056404861;8656067;2,9;2;1;1
254056404861;254056407517;2656;2,9;2;1;1
254056407517;254056542952;135435;2,9;2;1;1
254056542952;254060000943;3457991;2,9;2;1;1
254060000943;254065980962;5980019;2,9;2;1;1
254065980962;254066964447;983485;2,9;2;1;1
254066964447;254069399006;2434559;2,9;2;1;1
254069399006;254069630946;231940;2,9;2;1;1
254069630946;254131044434;61413488;2,9;2;1;1
255246876184;255281311487;34435303;2,9,10;3;1;1
255310278673;255336123992;25845319;2,6,9;3;1;1
255834324318;255881567232;47242914;2,3,9;3;1;1
256801229786;256849075340;47845554;2,5,9;3;1;1
257763390768;257810856778;47466010;0,2,9;3;1;1
