start;end;duration;jobs;njobs;days;ndays
258095809130;258095809209;79;2,9;2;1;1
258095809209;258095809275;66;2,9;2;1;1
258095809275;258095809328;53;2,9;2;1;1
258095809328;258095809458;130;2,9;2;1;1
258095809458;258095809549;91;2,9;2;1;1
258095809549;258095809695;146;2,9;2;1;1
258095809695;258095809730;35;2,9;2;1;1
258095809730;258095809779;49;2,9;2;1;1
258095809779;258095809784;5;2,9;2;1;1
258095809784;258095809792;8;2,9;2;1;1
258095809792;258095809809;17;2,9;2;1;1
258095809809;258095809847;38;2,9;2;1;1
258095809847;258095809851;4;2,9;2;1;1
258095809851;258095809867;16;2,9;2;1;1
258095809867;258095809887;20;2,9;2;1;1
258095809887;258095809892;5;2,9;2;1;1
258095809892;258095809966;74;2,9;2;1;1
258095809966;258095809985;19;2,9;2;1;1
258095809985;258095810011;26;2,9;2;1;1
258095810011;258095810110;99;2,9;2;1;1
258095810110;258095810136;26;2,9;2;1;1
258095810136;258095810180;44;2,9;2;1;1
258095810180;258095810230;50;2,9;2;1;1
258095810230;258095810267;37;2,9;2;1;1
258095810267;258095810304;37;2,9;2;1;1
258095810304;258095810314;10;2,9;2;1;1
258095810314;258095810337;23;2,9;2;1;1
258095810337;258095810340;3;2,9;2;1;1
258095810340;258095810377;37;2,9;2;1;1
258095810377;258095810414;37;2,9;2;1;1
258095810414;258095810415;1;2,9;2;1;1
258095810415;258095810450;35;2,9;2;1;1
258095810450;258095810451;1;2,9;2;1;1
258095810451;258095810487;36;2,9;2;1;1
258095810487;258095810519;32;2,9;2;1;1
258095810519;258095810547;28;2,9;2;1;1
258095810547;258095810565;18;2,9;2;1;1
258095810565;258095810589;24;2,9;2;1;1
258095810589;258095810658;69;2,9;2;1;1
258095810658;258095810692;34;2,9;2;1;1
258095810692;258095810762;70;2,9;2;1;1
258095810762;258095810773;11;2,9;2;1;1
258095810773;258095810776;3;2,9;2;1;1
258095810776;258095810777;1;2,9;2;1;1
258095810777;258095810785;8;2,9;2;1;1
258095810785;258095810821;36;2,9;2;1;1
258095810821;258095810840;19;2,9;2;1;1
258095810840;258095810877;37;2,9;2;1;1
258095810877;258095810891;14;2,9;2;1;1
258095810891;258095810892;1;2,9;2;1;1
258095810892;258095810944;52;2,9;2;1;1
258095810944;258095810945;1;2,9;2;1;1
258095810945;258095810975;30;2,9;2;1;1
258095810975;258095810997;22;2,9;2;1;1
258095810997;258095810998;1;2,9;2;1;1
258095810998;258095811011;13;2,9;2;1;1
258095811011;258095811034;23;2,9;2;1;1
258095811034;258095811039;5;2,9;2;1;1
258095811039;258095811048;9;2,9;2;1;1
258095811048;258095811049;1;2,9;2;1;1
258095811049;258095811058;9;2,9;2;1;1
258095811058;258095811061;3;2,9;2;1;1
258095811061;258095811068;7;2,9;2;1;1
258095811068;258095811079;11;2,9;2;1;1
258095811079;258095811085;6;2,9;2;1;1
258095811085;258095811092;7;2,9;2;1;1
258095811092;258095811099;7;2,9;2;1;1
258095811099;258095811109;10;2,9;2;1;1
258095811109;258095811110;1;2,9;2;1;1
258095811110;258095811111;1;2,9;2;1;1
258095811111;258095811120;9;2,9;2;1;1
258095811120;258095811122;2;2,9;2;1;1
258095811122;258095811127;5;2,9;2;1;1
258095811127;258095811128;1;2,9;2;1;1
258095811128;258095811133;5;2,9;2;1;1
258095811133;258095811155;22;2,9;2;1;1
258095811155;258095811157;2;2,9;2;1;1
258095811157;258095811169;12;2,9;2;1;1
258095811169;258095811172;3;2,9;2;1;1
258095811172;258095811178;6;2,9;2;1;1
258095811178;258095811180;2;2,9;2;1;1
258095811180;258095811205;25;2,9;2;1;1
258095811205;258095811206;1;2,9;2;1;1
258095811206;258095811211;5;2,9;2;1;1
258095811211;258095811215;4;2,9;2;1;1
258095811215;258095811231;16;2,9;2;1;1
258095811231;258095811238;7;2,9;2;1;1
258095811238;258095811243;5;2,9;2;1;1
258095811243;258095811254;11;2,9;2;1;1
258095811254;258095811256;2;2,9;2;1;1
258095811256;258095811280;24;2,9;2;1;1
258095811280;258095811284;4;2,9;2;1;1
258095811284;258095811296;12;2,9;2;1;1
258095811296;258095811299;3;2,9;2;1;1
258095811299;258095811304;5;2,9;2;1;1
258095811304;258095811306;2;2,9;2;1;1
258095811306;258095811317;11;2,9;2;1;1
258095811317;258095811322;5;2,9;2;1;1
258095811322;258095811332;10;2,9;2;1;1
258095811332;258095811334;2;2,9;2;1;1
258095811334;258095811351;17;2,9;2;1;1
258095811351;258095811356;5;2,9;2;1;1
258095811356;258095811359;3;2,9;2;1;1
258095811359;258095811360;1;2,9;2;1;1
258095811360;258095811365;5;2,9;2;1;1
258095811365;258095811373;8;2,9;2;1;1
258095811373;258095811384;11;2,9;2;1;1
258095811384;258095811387;3;2,9;2;1;1
258095811387;258095811388;1;2,9;2;1;1
258095811388;258095811390;2;2,9;2;1;1
258095811390;258095811400;10;2,9;2;1;1
258095811400;258095811401;1;2,9;2;1;1
258095811401;258095811418;17;2,9;2;1;1
258095811418;258095811419;1;2,9;2;1;1
258095811419;258095811421;2;2,9;2;1;1
258095811421;258095811427;6;2,9;2;1;1
258095811427;258095811445;18;2,9;2;1;1
258095811445;258095811458;13;2,9;2;1;1
258095811458;258095811461;3;2,9;2;1;1
258095811461;258095811470;9;2,9;2;1;1
258095811470;258095811474;4;2,9;2;1;1
258095811474;258095811480;6;2,9;2;1;1
258095811480;258095811491;11;2,9;2;1;1
258095811491;258095811494;3;2,9;2;1;1
258095811494;258095811507;13;2,9;2;1;1
258095811507;258095811510;3;2,9;2;1;1
258095811510;258095811523;13;2,9;2;1;1
258095811523;258095811529;6;2,9;2;1;1
258095811529;258095811534;5;2,9;2;1;1
258095811534;258095811541;7;2,9;2;1;1
258095811541;258095811555;14;2,9;2;1;1
258095811555;258095811563;8;2,9;2;1;1
258095811563;258095811575;12;2,9;2;1;1
258095811575;258095811583;8;2,9;2;1;1
258095811583;258095811594;11;2,9;2;1;1
258095811594;258095811605;11;2,9;2;1;1
258095811605;258095811609;4;2,9;2;1;1
258095811609;258095811614;5;2,9;2;1;1
258095811614;258095811625;11;2,9;2;1;1
258095811625;258095811633;8;2,9;2;1;1
258095811633;258095811635;2;2,9;2;1;1
258095811635;258095811638;3;2,9;2;1;1
258095811638;258095811665;27;2,9;2;1;1
258095811665;258095811667;2;2,9;2;1;1
258095811667;258095811686;19;2,9;2;1;1
258095811686;258095811710;24;2,9;2;1;1
258095811710;258095811711;1;2,9;2;1;1
258095811711;258095811716;5;2,9;2;1;1
258095811716;258095811758;42;2,9;2;1;1
258095811758;258095811759;1;2,9;2;1;1
258095811759;258095811765;6;2,9;2;1;1
258095811765;258095811793;28;2,9;2;1;1
258095811793;258095811812;19;2,9;2;1;1
258095811812;258095811813;1;2,9;2;1;1
258095811813;258095811850;37;2,9;2;1;1
258095811850;258095811880;30;2,9;2;1;1
258095811880;258095811886;6;2,9;2;1;1
258095811886;258095811903;17;2,9;2;1;1
258095811903;258095811919;16;2,9;2;1;1
258095811919;258095811921;2;2,9;2;1;1
258095811921;258095811933;12;2,9;2;1;1
258095811933;258095811935;2;2,9;2;1;1
258095811935;258095811949;14;2,9;2;1;1
258095811949;258095811978;29;2,9;2;1;1
258095811978;258095811983;5;2,9;2;1;1
258095811983;258095811992;9;2,9;2;1;1
258095811992;258095812016;24;2,9;2;1;1
258095812016;258095812043;27;2,9;2;1;1
258095812043;258095812054;11;2,9;2;1;1
258095812054;258095812063;9;2,9;2;1;1
258095812063;258095812071;8;2,9;2;1;1
258095812071;258095812072;1;2,9;2;1;1
258095812072;258095812107;35;2,9;2;1;1
258095812107;258095812110;3;2,9;2;1;1
258095812110;258095812141;31;2,9;2;1;1
258095812141;258095812142;1;2,9;2;1;1
258095812142;258095812181;39;2,9;2;1;1
258095812181;258095812203;22;2,9;2;1;1
258095812203;258095812225;22;2,9;2;1;1
258095812225;258095812240;15;2,9;2;1;1
258095812240;258095812242;2;2,9;2;1;1
258095812242;258095812245;3;2,9;2;1;1
258095812245;258095812264;19;2,9;2;1;1
258095812264;258095812275;11;2,9;2;1;1
258095812275;258095812317;42;2,9;2;1;1
258095812317;258095812335;18;2,9;2;1;1
258095812335;258095812348;13;2,9;2;1;1
258095812348;258095812377;29;2,9;2;1;1
258095812377;258095812381;4;2,9;2;1;1
258095812381;258095812382;1;2,9;2;1;1
258095812382;258095812394;12;2,9;2;1;1
258095812394;258095812410;16;2,9;2;1;1
258095812410;258095812423;13;2,9;2;1;1
258095812423;258095812439;16;2,9;2;1;1
258095812439;258095812443;4;2,9;2;1;1
258095812443;258095812446;3;2,9;2;1;1
258095812446;258095812453;7;2,9;2;1;1
258095812453;258095812455;2;2,9;2;1;1
258095812455;258095812480;25;2,9;2;1;1
258095812480;258095812543;63;2,9;2;1;1
258095812543;258095812580;37;2,9;2;1;1
258095812580;258095812595;15;2,9;2;1;1
258095812595;258095812598;3;2,9;2;1;1
258095812598;258095812599;1;2,9;2;1;1
258095812599;258095812642;43;2,9;2;1;1
258095812642;258095812659;17;2,9;2;1;1
258095812659;258095812687;28;2,9;2;1;1
258095812687;258095812718;31;2,9;2;1;1
258095812718;258095812722;4;2,9;2;1;1
258095812722;258095812758;36;2,9;2;1;1
258095812758;258095812783;25;2,9;2;1;1
258095812783;258095812814;31;2,9;2;1;1
258095812814;258095812827;13;2,9;2;1;1
258095812827;258095812854;27;2,9;2;1;1
258095812854;258095812867;13;2,9;2;1;1
258095812867;258095812869;2;2,9;2;1;1
258095812869;258095812904;35;2,9;2;1;1
258095812904;258095812909;5;2,9;2;1;1
258095812909;258095812946;37;2,9;2;1;1
258095812946;258095812948;2;2,9;2;1;1
258095812948;258095812984;36;2,9;2;1;1
258095812984;258095812987;3;2,9;2;1;1
258095812987;258095813007;20;2,9;2;1;1
258095813007;258095813022;15;2,9;2;1;1
258095813022;258095813025;3;2,9;2;1;1
258095813025;258095813042;17;2,9;2;1;1
258095813042;258095813056;14;2,9;2;1;1
258095813056;258095813061;5;2,9;2;1;1
258095813061;258095813062;1;2,9;2;1;1
258095813062;258095813074;12;2,9;2;1;1
258095813074;258095813083;9;2,9;2;1;1
258095813083;258095813092;9;2,9;2;1;1
258095813092;258095813103;11;2,9;2;1;1
258095813103;258095813117;14;2,9;2;1;1
258095813117;258095813121;4;2,9;2;1;1
258095813121;258095813138;17;2,9;2;1;1
258095813138;258095813152;14;2,9;2;1;1
258095813152;258095813182;30;2,9;2;1;1
258095813182;258095813187;5;2,9;2;1;1
258095813187;258095813189;2;2,9;2;1;1
258095813189;258095813205;16;2,9;2;1;1
258095813205;258095813224;19;2,9;2;1;1
258095813224;258095813229;5;2,9;2;1;1
258095813229;258095813268;39;2,9;2;1;1
258095813268;258095813279;11;2,9;2;1;1
258095813279;258095813302;23;2,9;2;1;1
258095813302;258095813332;30;2,9;2;1;1
258095813332;258095813337;5;2,9;2;1;1
258095813337;258095813338;1;2,9;2;1;1
258095813338;258095813363;25;2,9;2;1;1
258095813363;258095813373;10;2,9;2;1;1
258095813373;258095813374;1;2,9;2;1;1
258095813374;258095813408;34;2,9;2;1;1
258095813408;258095813429;21;2,9;2;1;1
258095813429;258095813458;29;2,9;2;1;1
258095813458;258095813475;17;2,9;2;1;1
258095813475;258095813507;32;2,9;2;1;1
258095813507;258095813541;34;2,9;2;1;1
258095813541;258095813582;41;2,9;2;1;1
258095813582;258095813587;5;2,9;2;1;1
258095813587;258095813633;46;2,9;2;1;1
258095813633;258095813676;43;2,9;2;1;1
258095813676;258095813703;27;2,9;2;1;1
258095813703;258095813720;17;2,9;2;1;1
258095813720;258095813764;44;2,9;2;1;1
258095813764;258095813808;44;2,9;2;1;1
258095813808;258095813826;18;2,9;2;1;1
258095813826;258095813853;27;2,9;2;1;1
258095813864;258095813902;38;2,9;2;1;1
258095813902;258095813939;37;2,9;2;1;1
258095813939;258095814070;131;2,9;2;1;1
258095814070;258095814193;123;2,9;2;1;1
258095814193;258095814313;120;2,9;2;1;1
258095830897;258095852415;21518;2,9;2;1;1
258095852415;258095856097;3682;2,9;2;1;1
258095856097;258095856973;876;2,9;2;1;1
258095856973;258095857597;624;2,9;2;1;1
258095857597;258095859703;2106;2,9;2;1;1
258095859703;258095872652;12949;2,9;2;1;1
258095872652;258095873009;357;2,9;2;1;1
258095873009;258095873603;594;2,9;2;1;1
258095873603;258095873822;219;2,9;2;1;1
258095873822;258095878997;5175;2,9;2;1;1
258095878997;258095880726;1729;2,9;2;1;1
258095880726;258095880760;34;2,9;2;1;1
258095880760;258095883177;2417;2,9;2;1;1
258095883177;258095883465;288;2,9;2;1;1
258095883465;258095893408;9943;2,9;2;1;1
258095893408;258095893547;139;2,9;2;1;1
258095893547;258095893669;122;2,9;2;1;1
258095893669;258095896656;2987;2,9;2;1;1
258095896656;258095904262;7606;2,9;2;1;1
258095904262;258095904792;530;2,9;2;1;1
258095904792;258095904814;22;2,9;2;1;1
258095904814;258095905409;595;2,9;2;1;1
258095905409;258095907902;2493;2,9;2;1;1
258095907902;258095908030;128;2,9;2;1;1
258095908030;258095911099;3069;2,9;2;1;1
258095911099;258095911790;691;2,9;2;1;1
258095911790;258095913795;2005;2,9;2;1;1
258095913795;258095914763;968;2,9;2;1;1
258095914763;258095923573;8810;2,9;2;1;1
258095923573;258095934236;10663;2,9;2;1;1
258095934236;258095934753;517;2,9;2;1;1
258095934753;258095935594;841;2,9;2;1;1
258095935594;258095936038;444;2,9;2;1;1
258095936038;258095936515;477;2,9;2;1;1
258095936515;258095936945;430;2,9;2;1;1
258095936945;258095938465;1520;2,9;2;1;1
258095938465;258095940295;1830;2,9;2;1;1
258095940295;258095941204;909;2,9;2;1;1
258095941204;258095944925;3721;2,9;2;1;1
258095944925;258095948919;3994;2,9;2;1;1
258095948919;258095949727;808;2,9;2;1;1
258095949727;258095950004;277;2,9;2;1;1
258095950004;258095951838;1834;2,9;2;1;1
258095951838;258095952128;290;2,9;2;1;1
258095952128;258095952882;754;2,9;2;1;1
258095952882;258095955728;2846;2,9;2;1;1
258095955728;258095956513;785;2,9;2;1;1
258095956513;258095956592;79;2,9;2;1;1
258095956592;258095957288;696;2,9;2;1;1
258095957288;258095963840;6552;2,9;2;1;1
258095963840;258095966079;2239;2,9;2;1;1
258095966079;258095967073;994;2,9;2;1;1
258095967073;258095967077;4;2,9;2;1;1
258095967077;258095967105;28;2,9;2;1;1
258095967105;258095967470;365;2,9;2;1;1
258095967470;258095968018;548;2,9;2;1;1
258095968018;258095968111;93;2,9;2;1;1
258095968111;258095968147;36;2,9;2;1;1
258095968147;258095968253;106;2,9;2;1;1
258095968253;258095968447;194;2,9;2;1;1
258095968447;258095969210;763;2,9;2;1;1
258095969210;258095969323;113;2,9;2;1;1
258095969323;258095969481;158;2,9;2;1;1
258095969481;258095970062;581;2,9;2;1;1
258095970062;258095970317;255;2,9;2;1;1
258095970317;258095973230;2913;2,9;2;1;1
258095973230;258095973507;277;2,9;2;1;1
258095973507;258095973523;16;2,9;2;1;1
258095973523;258095973545;22;2,9;2;1;1
258095973545;258095973730;185;2,9;2;1;1
258095973730;258095973894;164;2,9;2;1;1
258095973894;258095974007;113;2,9;2;1;1
258095974007;258095974089;82;2,9;2;1;1
258095974089;258095974119;30;2,9;2;1;1
258095974119;258095974146;27;2,9;2;1;1
258095974146;258095974172;26;2,9;2;1;1
258095974172;258095974199;27;2,9;2;1;1
258095974199;258095974671;472;2,9;2;1;1
258095974671;258095974902;231;2,9;2;1;1
258095974902;258095974985;83;2,9;2;1;1
258095974985;258095975126;141;2,9;2;1;1
258095975126;258095977577;2451;2,9;2;1;1
258095977577;258095978244;667;2,9;2;1;1
258095978244;258095978669;425;2,9;2;1;1
258095978669;258095985289;6620;2,9;2;1;1
258095985289;258095985393;104;2,9;2;1;1
258095985393;258095986355;962;2,9;2;1;1
258095986355;258095986579;224;2,9;2;1;1
258095986579;258095988676;2097;2,9;2;1;1
258095988676;258095989065;389;2,9;2;1;1
258095989065;258095989920;855;2,9;2;1;1
258095989920;258095992719;2799;2,9;2;1;1
258095992719;258095992725;6;2,9;2;1;1
258095992725;258095992760;35;2,9;2;1;1
258095992760;258095992953;193;2,9;2;1;1
258095992953;258095993101;148;2,9;2;1;1
258095993101;258095993285;184;2,9;2;1;1
258095993285;258095993747;462;2,9;2;1;1
258095993747;258095994711;964;2,9;2;1;1
258095994711;258095997277;2566;2,9;2;1;1
258095997277;258095997453;176;2,9;2;1;1
258095997453;258095998223;770;2,9;2;1;1
258095998223;258095998368;145;2,9;2;1;1
258095998368;258095998516;148;2,9;2;1;1
258095998516;258095998691;175;2,9;2;1;1
258095998691;258095998752;61;2,9;2;1;1
258095998752;258095998837;85;2,9;2;1;1
258095998837;258095999832;995;2,9;2;1;1
258095999832;258096010143;10311;2,9;2;1;1
258096010143;258096012669;2526;2,9;2;1;1
258096012669;258096014527;1858;2,9;2;1;1
258096014527;258096016909;2382;2,9;2;1;1
258096016909;258096017043;134;2,9;2;1;1
258096017043;258096017187;144;2,9;2;1;1
258096017187;258096017354;167;2,9;2;1;1
258096017354;258096017555;201;2,9;2;1;1
258096017555;258096019184;1629;2,9;2;1;1
258096019184;258096019654;470;2,9;2;1;1
258096019654;258096021833;2179;2,9;2;1;1
258096021833;258096021968;135;2,9;2;1;1
258096021968;258096022215;247;2,9;2;1;1
258096022215;258096022259;44;2,9;2;1;1
258096022259;258096022266;7;2,9;2;1;1
258096022266;258096022395;129;2,9;2;1;1
258096022395;258096022481;86;2,9;2;1;1
258096022481;258096022529;48;2,9;2;1;1
258096022529;258096022578;49;2,9;2;1;1
258096022578;258096022688;110;2,9;2;1;1
258096022688;258096022720;32;2,9;2;1;1
258096022720;258096024009;1289;2,9;2;1;1
258096024009;258096024325;316;2,9;2;1;1
258096024325;258096026100;1775;2,9;2;1;1
258096026100;258096027379;1279;2,9;2;1;1
258096027379;258096027866;487;2,9;2;1;1
258096027866;258096027894;28;2,9;2;1;1
258096027894;258096028159;265;2,9;2;1;1
258096028159;258096028294;135;2,9;2;1;1
258096028294;258096028964;670;2,9;2;1;1
258096028964;258096032755;3791;2,9;2;1;1
258096032755;258096033412;657;2,9;2;1;1
258096033412;258096034019;607;2,9;2;1;1
258096034019;258096034289;270;2,9;2;1;1
258096034289;258096034750;461;2,9;2;1;1
258096034750;258096035497;747;2,9;2;1;1
258096035497;258096035500;3;2,9;2;1;1
258096035500;258096035545;45;2,9;2;1;1
258096035545;258096035595;50;2,9;2;1;1
258096035595;258096035729;134;2,9;2;1;1
258096035729;258096035824;95;2,9;2;1;1
258096035824;258096037639;1815;2,9;2;1;1
258096037639;258096037670;31;2,9;2;1;1
258096037670;258096038713;1043;2,9;2;1;1
258096038713;258096039893;1180;2,9;2;1;1
258096039893;258096039960;67;2,9;2;1;1
258096039960;258096040703;743;2,9;2;1;1
258096040703;258096040987;284;2,9;2;1;1
258096040987;258096041596;609;2,9;2;1;1
258096041596;258096041683;87;2,9;2;1;1
258096041683;258096041697;14;2,9;2;1;1
258096041697;258096041767;70;2,9;2;1;1
258096041767;258096041983;216;2,9;2;1;1
258096041983;258096042406;423;2,9;2;1;1
258096042406;258096042782;376;2,9;2;1;1
258096042782;258096043016;234;2,9;2;1;1
258096043016;258096043417;401;2,9;2;1;1
258096043417;258096046804;3387;2,9;2;1;1
258096046804;258096046869;65;2,9;2;1;1
258096046869;258096047068;199;2,9;2;1;1
258096047068;258096047132;64;2,9;2;1;1
258096047132;258096047162;30;2,9;2;1;1
258096047162;258096047314;152;2,9;2;1;1
258096047314;258096047497;183;2,9;2;1;1
258096047497;258096047536;39;2,9;2;1;1
258096047536;258096047575;39;2,9;2;1;1
258096047575;258096047753;178;2,9;2;1;1
258096047753;258096047811;58;2,9;2;1;1
258096047811;258096047873;62;2,9;2;1;1
258096047873;258096047907;34;2,9;2;1;1
258096047907;258096049088;1181;2,9;2;1;1
258096049088;258096051072;1984;2,9;2;1;1
258096051072;258096051492;420;2,9;2;1;1
258096051492;258096051539;47;2,9;2;1;1
258096051539;258096051577;38;2,9;2;1;1
258096051577;258096051760;183;2,9;2;1;1
258096051760;258096051901;141;2,9;2;1;1
258096051901;258096052091;190;2,9;2;1;1
258096052091;258096052132;41;2,9;2;1;1
258096052132;258096052198;66;2,9;2;1;1
258096052198;258096052830;632;2,9;2;1;1
258096052830;258096053054;224;2,9;2;1;1
258096053054;258096053120;66;2,9;2;1;1
258096053120;258096053192;72;2,9;2;1;1
258096053192;258096053463;271;2,9;2;1;1
258096053463;258096053524;61;2,9;2;1;1
258096053524;258096053717;193;2,9;2;1;1
258096053717;258096054387;670;2,9;2;1;1
258096054387;258096055035;648;2,9;2;1;1
258096055035;258096055058;23;2,9;2;1;1
258096055058;258096055158;100;2,9;2;1;1
258096055158;258096055426;268;2,9;2;1;1
258096055426;258096056477;1051;2,9;2;1;1
258096056477;258096057045;568;2,9;2;1;1
258096057045;258096057203;158;2,9;2;1;1
258096057203;258096057670;467;2,9;2;1;1
258096057670;258096057803;133;2,9;2;1;1
258096057803;258096057854;51;2,9;2;1;1
258096057854;258096057865;11;2,9;2;1;1
258096057865;258096058174;309;2,9;2;1;1
258096058174;258096058215;41;2,9;2;1;1
258096058215;258096058277;62;2,9;2;1;1
258096058277;258096058467;190;2,9;2;1;1
258096058467;258096058554;87;2,9;2;1;1
258096058554;258096058866;312;2,9;2;1;1
258096058866;258096059398;532;2,9;2;1;1
258096059398;258096059641;243;2,9;2;1;1
258096059641;258096060174;533;2,9;2;1;1
258096060174;258096060671;497;2,9;2;1;1
258096060671;258096060756;85;2,9;2;1;1
258096060756;258096061315;559;2,9;2;1;1
258096061315;258096061619;304;2,9;2;1;1
258096061619;258096061822;203;2,9;2;1;1
258096061822;258096061947;125;2,9;2;1;1
258096061947;258096062518;571;2,9;2;1;1
258096062518;258096062658;140;2,9;2;1;1
258096062658;258096062745;87;2,9;2;1;1
258096062745;258096062830;85;2,9;2;1;1
258096062830;258096062847;17;2,9;2;1;1
258096062847;258096063016;169;2,9;2;1;1
258096063016;258096063144;128;2,9;2;1;1
258096063144;258096063188;44;2,9;2;1;1
258096063188;258096063397;209;2,9;2;1;1
258096063397;258096063468;71;2,9;2;1;1
258096063468;258096063480;12;2,9;2;1;1
258096063480;258096063642;162;2,9;2;1;1
258096063642;258096063697;55;2,9;2;1;1
258096063697;258096063726;29;2,9;2;1;1
258096063726;258096063853;127;2,9;2;1;1
258096063853;258096064169;316;2,9;2;1;1
258096064169;258096064257;88;2,9;2;1;1
258096064257;258096064267;10;2,9;2;1;1
258096064267;258096064368;101;2,9;2;1;1
258096064368;258096064380;12;2,9;2;1;1
258096064380;258096064399;19;2,9;2;1;1
258096064399;258096064406;7;2,9;2;1;1
258096064406;258096064511;105;2,9;2;1;1
258096064511;258096064786;275;2,9;2;1;1
258096064786;258096065027;241;2,9;2;1;1
258096065027;258096065196;169;2,9;2;1;1
258096065196;258096065237;41;2,9;2;1;1
258096065237;258096065257;20;2,9;2;1;1
258096065257;258096066375;1118;2,9;2;1;1
258096066375;258096066612;237;2,9;2;1;1
258096066612;258096066733;121;2,9;2;1;1
258096066733;258096067179;446;2,9;2;1;1
258096067179;258096067279;100;2,9;2;1;1
258096067279;258096067657;378;2,9;2;1;1
258096067657;258096067991;334;2,9;2;1;1
258096067991;258096068855;864;2,9;2;1;1
258096068855;258096068926;71;2,9;2;1;1
258096068926;258096069009;83;2,9;2;1;1
258096069009;258096069047;38;2,9;2;1;1
258096069047;258096069060;13;2,9;2;1;1
258096069060;258096069071;11;2,9;2;1;1
258096069071;258096069097;26;2,9;2;1;1
258096069097;258096069115;18;2,9;2;1;1
258096069115;258096069147;32;2,9;2;1;1
258096069147;258096069198;51;2,9;2;1;1
258096069198;258096069203;5;2,9;2;1;1
258096069203;258096069310;107;2,9;2;1;1
258096069310;258096069414;104;2,9;2;1;1
258096069414;258096069426;12;2,9;2;1;1
258096069426;258096069627;201;2,9;2;1;1
258096069627;258096070072;445;2,9;2;1;1
258096070072;258096070132;60;2,9;2;1;1
258096070132;258096070391;259;2,9;2;1;1
258096070391;258096070604;213;2,9;2;1;1
258096070604;258096072371;1767;2,9;2;1;1
258096072371;258096072652;281;2,9;2;1;1
258096072652;258096072702;50;2,9;2;1;1
258096072702;258096072802;100;2,9;2;1;1
258096072802;258096073076;274;2,9;2;1;1
258096073076;258096073270;194;2,9;2;1;1
258096073270;258096073927;657;2,9;2;1;1
258096073927;258096074929;1002;2,9;2;1;1
258096074929;258096075750;821;2,9;2;1;1
258096075750;258096076560;810;2,9;2;1;1
258096076560;258096076639;79;2,9;2;1;1
258096076639;258096076863;224;2,9;2;1;1
258096076863;258096076956;93;2,9;2;1;1
258096076956;258096077031;75;2,9;2;1;1
258096077031;258096077401;370;2,9;2;1;1
258096077401;258096078308;907;2,9;2;1;1
258096078308;258096078549;241;2,9;2;1;1
258096078549;258096078655;106;2,9;2;1;1
258096078655;258096078683;28;2,9;2;1;1
258096078683;258096078724;41;2,9;2;1;1
258096078724;258096078927;203;2,9;2;1;1
258096078927;258096079059;132;2,9;2;1;1
258096079059;258096079244;185;2,9;2;1;1
258096079244;258096079308;64;2,9;2;1;1
258096079308;258096079549;241;2,9;2;1;1
258096079549;258096079676;127;2,9;2;1;1
258096079676;258096079753;77;2,9;2;1;1
258096079753;258096079823;70;2,9;2;1;1
258096079823;258096080483;660;2,9;2;1;1
258096080483;258096080534;51;2,9;2;1;1
258096080534;258096080634;100;2,9;2;1;1
258096080634;258096080920;286;2,9;2;1;1
258096080920;258096081100;180;2,9;2;1;1
258096081100;258096081258;158;2,9;2;1;1
258096081258;258096081357;99;2,9;2;1;1
258096081357;258096082358;1001;2,9;2;1;1
258096082358;258096082461;103;2,9;2;1;1
258096082461;258096083123;662;2,9;2;1;1
258096083123;258096083264;141;2,9;2;1;1
258096083264;258096083529;265;2,9;2;1;1
258096083529;258096083573;44;2,9;2;1;1
258096083573;258096083674;101;2,9;2;1;1
258096083674;258096083827;153;2,9;2;1;1
258096083827;258096084031;204;2,9;2;1;1
258096084031;258096084182;151;2,9;2;1;1
258096084182;258096084209;27;2,9;2;1;1
258096084209;258096084232;23;2,9;2;1;1
258096084232;258096084356;124;2,9;2;1;1
258096084356;258096084407;51;2,9;2;1;1
258096084407;258096084704;297;2,9;2;1;1
258096084704;258096084768;64;2,9;2;1;1
258096084768;258096084957;189;2,9;2;1;1
258096084957;258096085127;170;2,9;2;1;1
258096085127;258096085201;74;2,9;2;1;1
258096085201;258096085245;44;2,9;2;1;1
258096085245;258096085270;25;2,9;2;1;1
258096085270;258096085318;48;2,9;2;1;1
258096085318;258096085343;25;2,9;2;1;1
258096085343;258096085466;123;2,9;2;1;1
258096085466;258096085483;17;2,9;2;1;1
258096085483;258096085811;328;2,9;2;1;1
258096085811;258096085955;144;2,9;2;1;1
258096085955;258096086018;63;2,9;2;1;1
258096086018;258096086164;146;2,9;2;1;1
258096086164;258096086175;11;2,9;2;1;1
258096086175;258096086404;229;2,9;2;1;1
258096086404;258096086483;79;2,9;2;1;1
258096086483;258096086779;296;2,9;2;1;1
258096086779;258096086991;212;2,9;2;1;1
258096086991;258096087039;48;2,9;2;1;1
258096087039;258096087645;606;2,9;2;1;1
258096087645;258096087748;103;2,9;2;1;1
258096087748;258096089495;1747;2,9;2;1;1
258096089495;258096089828;333;2,9;2;1;1
258096089828;258096090121;293;2,9;2;1;1
258096090121;258096090230;109;2,9;2;1;1
258096090230;258096090385;155;2,9;2;1;1
258096090385;258096090409;24;2,9;2;1;1
258096090409;258096090531;122;2,9;2;1;1
258096090531;258096090629;98;2,9;2;1;1
258096090629;258096090834;205;2,9;2;1;1
258096090834;258096090871;37;2,9;2;1;1
258096090871;258096090938;67;2,9;2;1;1
258096090938;258096091065;127;2,9;2;1;1
258096091065;258096091069;4;2,9;2;1;1
258096091069;258096091112;43;2,9;2;1;1
258096091112;258096091225;113;2,9;2;1;1
258096091225;258096091315;90;2,9;2;1;1
258096091315;258096091399;84;2,9;2;1;1
258096091399;258096091430;31;2,9;2;1;1
258096091430;258096091523;93;2,9;2;1;1
258096091523;258096091571;48;2,9;2;1;1
258096091571;258096091585;14;2,9;2;1;1
258096091585;258096091673;88;2,9;2;1;1
258096091673;258096091906;233;2,9;2;1;1
258096091906;258096092029;123;2,9;2;1;1
258096092029;258096092063;34;2,9;2;1;1
258096092063;258096092087;24;2,9;2;1;1
258096092087;258096092144;57;2,9;2;1;1
258096092144;258096092635;491;2,9;2;1;1
258096092635;258096092704;69;2,9;2;1;1
258096092704;258096092732;28;2,9;2;1;1
258096092732;258096092904;172;2,9;2;1;1
258096092904;258096094016;1112;2,9;2;1;1
258096094016;258096094307;291;2,9;2;1;1
258096094307;258096094683;376;2,9;2;1;1
258096094683;258096095000;317;2,9;2;1;1
258096095000;258096095490;490;2,9;2;1;1
258096095490;258096095940;450;2,9;2;1;1
258096095940;258096096058;118;2,9;2;1;1
258096096058;258096096398;340;2,9;2;1;1
258096096398;258096096400;2;2,9;2;1;1
258096096400;258096096663;263;2,9;2;1;1
258096096663;258096097106;443;2,9;2;1;1
258096097106;258096097172;66;2,9;2;1;1
258096097172;258096097877;705;2,9;2;1;1
258096097877;258096097960;83;2,9;2;1;1
258096097960;258096098388;428;2,9;2;1;1
258096098388;258096098944;556;2,9;2;1;1
258096098944;258096099382;438;2,9;2;1;1
258096099382;258096099417;35;2,9;2;1;1
258096099417;258096099477;60;2,9;2;1;1
258096099477;258096099525;48;2,9;2;1;1
258096099525;258096099529;4;2,9;2;1;1
258096099529;258096099542;13;2,9;2;1;1
258096099542;258096099566;24;2,9;2;1;1
258096099566;258096099595;29;2,9;2;1;1
258096099595;258096099646;51;2,9;2;1;1
258096099646;258096099880;234;2,9;2;1;1
258096099880;258096099899;19;2,9;2;1;1
258096099899;258096100040;141;2,9;2;1;1
258096100040;258096100202;162;2,9;2;1;1
258096100202;258096100234;32;2,9;2;1;1
258096100234;258096100401;167;2,9;2;1;1
258096100401;258096100463;62;2,9;2;1;1
258096100463;258096100490;27;2,9;2;1;1
258096100490;258096100584;94;2,9;2;1;1
258096100584;258096101183;599;2,9;2;1;1
258096101183;258096103014;1831;2,9;2;1;1
258096103014;258096103387;373;2,9;2;1;1
258096103387;258096103955;568;2,9;2;1;1
258096103955;258096104283;328;2,9;2;1;1
258096104283;258096104416;133;2,9;2;1;1
258096104416;258096105990;1574;2,9;2;1;1
258096105990;258096106094;104;2,9;2;1;1
258096106094;258096106664;570;2,9;2;1;1
258096106664;258096107009;345;2,9;2;1;1
258096107009;258096107619;610;2,9;2;1;1
258096107619;258096108012;393;2,9;2;1;1
258096108012;258096108172;160;2,9;2;1;1
258096108172;258096108648;476;2,9;2;1;1
258096108648;258096109058;410;2,9;2;1;1
258096109058;258096109207;149;2,9;2;1;1
258096109207;258096109481;274;2,9;2;1;1
258096109481;258096110214;733;2,9;2;1;1
258096110214;258096110515;301;2,9;2;1;1
258096110515;258096110864;349;2,9;2;1;1
258096110864;258096110868;4;2,9;2;1;1
258096110868;258096111404;536;2,9;2;1;1
258096111404;258096112282;878;2,9;2;1;1
258096112282;258096112305;23;2,9;2;1;1
258096112305;258096113180;875;2,9;2;1;1
258096113180;258096114107;927;2,9;2;1;1
258096114107;258096114314;207;2,9;2;1;1
258096114314;258096114523;209;2,9;2;1;1
258096114523;258096114758;235;2,9;2;1;1
258096114758;258096115382;624;2,9;2;1;1
258096115382;258096116029;647;2,9;2;1;1
258096116029;258096120377;4348;2,9;2;1;1
258096120377;258096120726;349;2,9;2;1;1
258096120726;258096121867;1141;2,9;2;1;1
258096121867;258096121893;26;2,9;2;1;1
258096121893;258096122138;245;2,9;2;1;1
258096122138;258096122490;352;2,9;2;1;1
258096122490;258096122528;38;2,9;2;1;1
258096122528;258096122630;102;2,9;2;1;1
258096122630;258096123064;434;2,9;2;1;1
258096123064;258096123356;292;2,9;2;1;1
258096123356;258096123737;381;2,9;2;1;1
258096123737;258096124050;313;2,9;2;1;1
258096124050;258096124309;259;2,9;2;1;1
258096124309;258096124646;337;2,9;2;1;1
258096124646;258096124861;215;2,9;2;1;1
258096124861;258096127115;2254;2,9;2;1;1
258096127115;258096127348;233;2,9;2;1;1
258096127348;258096127659;311;2,9;2;1;1
258096127659;258096127663;4;2,9;2;1;1
258096127663;258096128025;362;2,9;2;1;1
258096128025;258096128461;436;2,9;2;1;1
258096128461;258096128806;345;2,9;2;1;1
258096128806;258096129214;408;2,9;2;1;1
258096129214;258096129642;428;2,9;2;1;1
258096129642;258096130317;675;2,9;2;1;1
258096130317;258096131875;1558;2,9;2;1;1
258096131875;258096132008;133;2,9;2;1;1
258096132008;258096133999;1991;2,9;2;1;1
258096133999;258096134375;376;2,9;2;1;1
258096134375;258096135015;640;2,9;2;1;1
258096135015;258096135199;184;2,9;2;1;1
258096135199;258096135575;376;2,9;2;1;1
258096135575;258096135943;368;2,9;2;1;1
258096135943;258096136109;166;2,9;2;1;1
258096136109;258096136171;62;2,9;2;1;1
258096136171;258096136383;212;2,9;2;1;1
258096136383;258096136494;111;2,9;2;1;1
258096136494;258096136996;502;2,9;2;1;1
258096136996;258096137404;408;2,9;2;1;1
258096137404;258096137503;99;2,9;2;1;1
258096137503;258096140138;2635;2,9;2;1;1
258096140138;258096140275;137;2,9;2;1;1
258096140275;258096140596;321;2,9;2;1;1
258096140596;258096140618;22;2,9;2;1;1
258096140618;258096140685;67;2,9;2;1;1
258096140685;258096141982;1297;2,9;2;1;1
258096141982;258096142553;571;2,9;2;1;1
258096142553;258096149639;7086;2,9;2;1;1
258096149639;258096151010;1371;2,9;2;1;1
258096151010;258096154426;3416;2,9;2;1;1
258096154426;258096157742;3316;2,9;2;1;1
258096157742;258096159908;2166;2,9;2;1;1
258096159908;258096162434;2526;2,9;2;1;1
258096162434;258096164224;1790;2,9;2;1;1
258096164224;258096166849;2625;2,9;2;1;1
258096166849;258096168989;2140;2,9;2;1;1
258096168989;258096169432;443;2,9;2;1;1
258096169432;258096169918;486;2,9;2;1;1
258096169918;258096171278;1360;2,9;2;1;1
258096171278;258096172834;1556;2,9;2;1;1
258096172834;258096172877;43;2,9;2;1;1
258096172877;258096172930;53;2,9;2;1;1
258096172930;258096173162;232;2,9;2;1;1
258096173162;258096173211;49;2,9;2;1;1
258096173211;258096173356;145;2,9;2;1;1
258096173356;258096175672;2316;2,9;2;1;1
258096175672;258096176810;1138;2,9;2;1;1
258096176810;258096178947;2137;2,9;2;1;1
258096178947;258096184737;5790;2,9;2;1;1
258096184737;258096186634;1897;2,9;2;1;1
258096186634;258096188262;1628;2,9;2;1;1
258096188262;258096188347;85;2,9;2;1;1
258096188347;258096188708;361;2,9;2;1;1
258096188708;258096189054;346;2,9;2;1;1
258096189054;258096192692;3638;2,9;2;1;1
258096192692;258096192705;13;2,9;2;1;1
258096192705;258096192716;11;2,9;2;1;1
258096192716;258096193069;353;2,9;2;1;1
258096193069;258096193098;29;2,9;2;1;1
258096193098;258096193967;869;2,9;2;1;1
258096193967;258096194104;137;2,9;2;1;1
258096194104;258096198642;4538;2,9;2;1;1
258096198642;258096200253;1611;2,9;2;1;1
258096200253;258096208545;8292;2,9;2;1;1
258096208545;258096211420;2875;2,9;2;1;1
258096211420;258096211817;397;2,9;2;1;1
258096211817;258096211855;38;2,9;2;1;1
258096211855;258096211994;139;2,9;2;1;1
258096211994;258096212107;113;2,9;2;1;1
258096212107;258096212394;287;2,9;2;1;1
258096212394;258096212625;231;2,9;2;1;1
258096212625;258096213727;1102;2,9;2;1;1
258096213727;258096215370;1643;2,9;2;1;1
258096215370;258096215435;65;2,9;2;1;1
258096215435;258096218309;2874;2,9;2;1;1
258096218309;258096219847;1538;2,9;2;1;1
258096219847;258096220915;1068;2,9;2;1;1
258096220915;258096227064;6149;2,9;2;1;1
258096227064;258096227121;57;2,9;2;1;1
258096227121;258096227270;149;2,9;2;1;1
258096227270;258096227298;28;2,9;2;1;1
258096227298;258096227317;19;2,9;2;1;1
258096227317;258096229718;2401;2,9;2;1;1
258096229718;258096233153;3435;2,9;2;1;1
258096233153;258096238280;5127;2,9;2;1;1
258096238280;258096238333;53;2,9;2;1;1
258096238333;258096240201;1868;2,9;2;1;1
258096240201;258096243297;3096;2,9;2;1;1
258096243297;258096246056;2759;2,9;2;1;1
258096246056;258096246405;349;2,9;2;1;1
258096246405;258096246557;152;2,9;2;1;1
258096246557;258096246715;158;2,9;2;1;1
258096246715;258096246883;168;2,9;2;1;1
258096246883;258096252172;5289;2,9;2;1;1
258096252172;258096252632;460;2,9;2;1;1
258096252632;258096257702;5070;2,9;2;1;1
258096257702;258096257891;189;2,9;2;1;1
258096257891;258096266625;8734;2,9;2;1;1
258096266625;258096266798;173;2,9;2;1;1
258096266798;258096267258;460;2,9;2;1;1
258096267258;258096298604;31346;2,9;2;1;1
258096298604;258096303120;4516;2,9;2;1;1
258096303120;258096321406;18286;2,9;2;1;1
258096321406;258096324346;2940;2,9;2;1;1
258096324346;258096324720;374;2,9;2;1;1
258096324720;258096328350;3630;2,9;2;1;1
258096328350;258096328565;215;2,9;2;1;1
258096328565;258096328803;238;2,9;2;1;1
258096328803;258096328807;4;2,9;2;1;1
258096328807;258096328859;52;2,9;2;1;1
258096328859;258096328978;119;2,9;2;1;1
258096328978;258096329179;201;2,9;2;1;1
258096329179;258096329859;680;2,9;2;1;1
258096329859;258096329909;50;2,9;2;1;1
258096329909;258096330003;94;2,9;2;1;1
258096330003;258096333506;3503;2,9;2;1;1
258096333506;258096333635;129;2,9;2;1;1
258096333635;258096333971;336;2,9;2;1;1
258096333971;258096339365;5394;2,9;2;1;1
258096339365;258096339837;472;2,9;2;1;1
258096339837;258096340083;246;2,9;2;1;1
258096340083;258096342928;2845;2,9;2;1;1
258096342928;258096343560;632;2,9;2;1;1
258096343560;258096343624;64;2,9;2;1;1
258096343624;258096343919;295;2,9;2;1;1
258096343919;258096344001;82;2,9;2;1;1
258096344001;258096344185;184;2,9;2;1;1
258096344185;258096344316;131;2,9;2;1;1
258096344316;258096344372;56;2,9;2;1;1
258096344372;258096431739;87367;2,9;2;1;1
258096431739;258096462638;30899;2,9;2;1;1
258096462638;258096473577;10939;2,9;2;1;1
258096473577;258096482500;8923;2,9;2;1;1
258096482500;258096482758;258;2,9;2;1;1
258096482758;258096519370;36612;2,9;2;1;1
258096519370;258096530184;10814;2,9;2;1;1
258096530184;258096530235;51;2,9;2;1;1
258096530235;258096530261;26;2,9;2;1;1
258096530261;258096530317;56;2,9;2;1;1
258096530317;258096530331;14;2,9;2;1;1
258096530331;258096530352;21;2,9;2;1;1
258096530352;258096531165;813;2,9;2;1;1
258096531165;258096561944;30779;2,9;2;1;1
258096561944;258096565328;3384;2,9;2;1;1
258096565328;258096565762;434;2,9;2;1;1
258096565762;258096565998;236;2,9;2;1;1
258096565998;258096566076;78;2,9;2;1;1
258096566076;258096566521;445;2,9;2;1;1
258096566521;258096597440;30919;2,9;2;1;1
258096597440;258096636865;39425;2,9;2;1;1
258096637921;258096689834;51913;2,9;2;1;1
258096689834;258096698978;9144;2,9;2;1;1
258096698978;258096699232;254;2,9;2;1;1
258096699232;258096731147;31915;2,9;2;1;1
258096731147;258096734854;3707;2,9;2;1;1
258096734854;258096734962;108;2,9;2;1;1
258096734962;258096735276;314;2,9;2;1;1
258096735276;258096735464;188;2,9;2;1;1
258096735464;258096762048;26584;2,9;2;1;1
258096762048;258096762089;41;2,9;2;1;1
258096762089;258096762140;51;2,9;2;1;1
258096762140;258096762356;216;2,9;2;1;1
258096762356;258096762506;150;2,9;2;1;1
258096762506;258096762652;146;2,9;2;1;1
258096762652;258096762707;55;2,9;2;1;1
258096762707;258096762799;92;2,9;2;1;1
258096762799;258096762926;127;2,9;2;1;1
258096762926;258096763082;156;2,9;2;1;1
258096763082;258096763237;155;2,9;2;1;1
258096763237;258096766491;3254;2,9;2;1;1
258096766491;258096774140;7649;2,9;2;1;1
258096774140;258096775434;1294;2,9;2;1;1
258096775434;258096779182;3748;2,9;2;1;1
258096779182;258096781575;2393;2,9;2;1;1
258096781575;258096784147;2572;2,9;2;1;1
258096784147;258096784559;412;2,9;2;1;1
258096784559;258096797006;12447;2,9;2;1;1
258096797006;258096802819;5813;2,9;2;1;1
258096802819;258096803081;262;2,9;2;1;1
258096803081;258096803135;54;2,9;2;1;1
258096803135;258096803147;12;2,9;2;1;1
258096803147;258096803168;21;2,9;2;1;1
258096803168;258096803362;194;2,9;2;1;1
258096803362;258096803400;38;2,9;2;1;1
258096803400;258096803493;93;2,9;2;1;1
258096803493;258096814645;11152;2,9;2;1;1
258096814645;258096818701;4056;2,9;2;1;1
258096818701;258096820482;1781;2,9;2;1;1
258096820482;258096832932;12450;2,9;2;1;1
258096832932;258096836338;3406;2,9;2;1;1
258096836338;258096836870;532;2,9;2;1;1
258096836870;258096847909;11039;2,9;2;1;1
258096847909;258096871220;23311;2,9;2;1;1
258096871220;258096882526;11306;2,9;2;1;1
258096882526;258096882577;51;2,9;2;1;1
258096882577;258096891105;8528;2,9;2;1;1
258096891105;258096891356;251;2,9;2;1;1
258096891356;258096891565;209;2,9;2;1;1
258096891565;258096891664;99;2,9;2;1;1
258096891664;258096891744;80;2,9;2;1;1
258096891744;258096902759;11015;2,9;2;1;1
258096902759;258096905413;2654;2,9;2;1;1
258096905413;258096906245;832;2,9;2;1;1
258096906245;258096906768;523;2,9;2;1;1
258096906768;258096906813;45;2,9;2;1;1
258096906813;258096916174;9361;2,9;2;1;1
258096916174;258096917260;1086;2,9;2;1;1
258096917260;258096945258;27998;2,9;2;1;1
258096945258;258096945784;526;2,9;2;1;1
258096945784;258096945854;70;2,9;2;1;1
258096945854;258096948738;2884;2,9;2;1;1
258096949114;258096949130;16;2,9;2;1;1
258096949130;258096949153;23;2,9;2;1;1
258096949153;258096956710;7557;2,9;2;1;1
258096956710;258096961297;4587;2,9;2;1;1
258096961297;258096966421;5124;2,9;2;1;1
258096966421;258096966457;36;2,9;2;1;1
258096966457;258097000191;33734;2,9;2;1;1
258097000191;258097000459;268;2,9;2;1;1
258097000459;258097000508;49;2,9;2;1;1
258097000684;258097000892;208;2,9;2;1;1
258097000892;258097001200;308;2,9;2;1;1
258097001200;258097001349;149;2,9;2;1;1
258097001349;258097001371;22;2,9;2;1;1
258097001371;258097007502;6131;2,9;2;1;1
258097007502;258097007520;18;2,9;2;1;1
258097007520;258097007546;26;2,9;2;1;1
258097007546;258097007636;90;2,9;2;1;1
258097007636;258097007697;61;2,9;2;1;1
258097007697;258097007753;56;2,9;2;1;1
258097007964;258097008027;63;2,9;2;1;1
258097008027;258097012037;4010;2,9;2;1;1
258097012037;258097012707;670;2,9;2;1;1
258097012707;258097019306;6599;2,9;2;1;1
258097019306;258097046508;27202;2,9;2;1;1
258097046508;258097056673;10165;2,9;2;1;1
258097056673;258097056825;152;2,9;2;1;1
258097056825;258097056987;162;2,9;2;1;1
258097056987;258097057013;26;2,9;2;1;1
258097057013;258097057249;236;2,9;2;1;1
258097057249;258097059365;2116;2,9;2;1;1
258097059365;258097060670;1305;2,9;2;1;1
258097060670;258097061021;351;2,9;2;1;1
258097061021;258097061391;370;2,9;2;1;1
258097061391;258097061426;35;2,9;2;1;1
258097061746;258097061816;70;2,9;2;1;1
258097061816;258097061986;170;2,9;2;1;1
258097061986;258097062151;165;2,9;2;1;1
258097062151;258097071890;9739;2,9;2;1;1
258097071890;258097081798;9908;2,9;2;1;1
258097081798;258097081829;31;2,9;2;1;1
258097081829;258097081870;41;2,9;2;1;1
258097081870;258097081919;49;2,9;2;1;1
258097081919;258097082105;186;2,9;2;1;1
258097082105;258097082132;27;2,9;2;1;1
258097082132;258097082242;110;2,9;2;1;1
258097082242;258097082391;149;2,9;2;1;1
258097082391;258097082401;10;2,9;2;1;1
258097082401;258097082468;67;2,9;2;1;1
258097082468;258097082526;58;2,9;2;1;1
258097082526;258097082645;119;2,9;2;1;1
258097082645;258097083600;955;2,9;2;1;1
258097083600;258097083779;179;2,9;2;1;1
258097083779;258097084118;339;2,9;2;1;1
258097084118;258097084204;86;2,9;2;1;1
258097084204;258097084272;68;2,9;2;1;1
258097084272;258097086272;2000;2,9;2;1;1
258097086272;258097087023;751;2,9;2;1;1
258097087023;258097094215;7192;2,9;2;1;1
258097094215;258097094436;221;2,9;2;1;1
258097094436;258097095003;567;2,9;2;1;1
258097095003;258097095746;743;2,9;2;1;1
258097095746;258097096758;1012;2,9;2;1;1
258097096758;258097102038;5280;2,9;2;1;1
258097102038;258097109189;7151;2,9;2;1;1
258097109189;258097111166;1977;2,9;2;1;1
258097111166;258097111498;332;2,9;2;1;1
258097111498;258097111913;415;2,9;2;1;1
258097111913;258097139495;27582;2,9;2;1;1
258097139495;258097149872;10377;2,9;2;1;1
258097149872;258097150000;128;2,9;2;1;1
258097150000;258097150035;35;2,9;2;1;1
258097150035;258097150071;36;2,9;2;1;1
258097150071;258097150612;541;2,9;2;1;1
258097150612;258097180424;29812;2,9;2;1;1
258097180424;258097189622;9198;2,9;2;1;1
258097189622;258097189858;236;2,9;2;1;1
258097189858;258097189882;24;2,9;2;1;1
258097189882;258097189954;72;2,9;2;1;1
258097189954;258097189981;27;2,9;2;1;1
258097189981;258097190000;19;2,9;2;1;1
258097190000;258097190649;649;2,9;2;1;1
258097190649;258097259035;68386;2,9;2;1;1
258097259035;258097259145;110;2,9;2;1;1
258097259145;258097259294;149;2,9;2;1;1
258097259294;258097270133;10839;2,9;2;1;1
258097270133;258097274015;3882;2,9;2;1;1
258097274015;258097274188;173;2,9;2;1;1
258097274188;258097274221;33;2,9;2;1;1
258097274221;258097274244;23;2,9;2;1;1
258097274244;258097348744;74500;2,9;2;1;1
258097348744;258097349787;1043;2,9;2;1;1
258097349787;258097349842;55;2,9;2;1;1
258097349842;258097349864;22;2,9;2;1;1
258097349864;258097350324;460;2,9;2;1;1
258097350324;258097350550;226;2,9;2;1;1
258097350550;258097350618;68;2,9;2;1;1
258097350618;258097350657;39;2,9;2;1;1
258097350657;258097354536;3879;2,9;2;1;1
258097354536;258097354540;4;2,9;2;1;1
258097354540;258097354568;28;2,9;2;1;1
258097354568;258097389236;34668;2,9;2;1;1
258097389236;258097393778;4542;2,9;2;1;1
258097393778;258097394142;364;2,9;2;1;1
258097394142;258097398578;4436;2,9;2;1;1
258097398578;258097398634;56;2,9;2;1;1
258097398634;258097398752;118;2,9;2;1;1
258097398752;258097402440;3688;2,9;2;1;1
258097402638;258097402748;110;2,9;2;1;1
258097402748;258097402817;69;2,9;2;1;1
258097402817;258097402863;46;2,9;2;1;1
258097402863;258097402909;46;2,9;2;1;1
258097402909;258097402965;56;2,9;2;1;1
258097402965;258097403314;349;2,9;2;1;1
258097403314;258097403757;443;2,9;2;1;1
258097403757;258097403829;72;2,9;2;1;1
258097403829;258097403872;43;2,9;2;1;1
258097403872;258097404102;230;2,9;2;1;1
258097404102;258097404247;145;2,9;2;1;1
258097404247;258097404289;42;2,9;2;1;1
258097404289;258097415996;11707;2,9;2;1;1
258097415996;258097416081;85;2,9;2;1;1
258097416081;258097416200;119;2,9;2;1;1
258097416200;258097416282;82;2,9;2;1;1
258097416282;258097416386;104;2,9;2;1;1
258097416386;258097416402;16;2,9;2;1;1
258097416402;258097416422;20;2,9;2;1;1
258097416422;258097416520;98;2,9;2;1;1
258097416520;258097416672;152;2,9;2;1;1
258097416672;258097416695;23;2,9;2;1;1
258097416695;258097416793;98;2,9;2;1;1
258097416793;258097420220;3427;2,9;2;1;1
258097420220;258097422643;2423;2,9;2;1;1
258097422643;258097440272;17629;2,9;2;1;1
258097440471;258097440759;288;2,9;2;1;1
258097440759;258097440954;195;2,9;2;1;1
258097440954;258097441157;203;2,9;2;1;1
258097441157;258097441310;153;2,9;2;1;1
258097441310;258097441351;41;2,9;2;1;1
258097441351;258097441559;208;2,9;2;1;1
258097441559;258097441597;38;2,9;2;1;1
258097441597;258097441835;238;2,9;2;1;1
258097441835;258097442466;631;2,9;2;1;1
258097442466;258097450830;8364;2,9;2;1;1
258097450830;258097461779;10949;2,9;2;1;1
258097461779;258097465488;3709;2,9;2;1;1
258097465488;258097465549;61;2,9;2;1;1
258097465549;258097465735;186;2,9;2;1;1
258097465735;258097466014;279;2,9;2;1;1
258097466014;258097466299;285;2,9;2;1;1
258097466299;258097483648;17349;2,9;2;1;1
258097483648;258097483817;169;2,9;2;1;1
258097483817;258097484043;226;2,9;2;1;1
258097484043;258097484067;24;2,9;2;1;1
258097484067;258097484082;15;2,9;2;1;1
258097484082;258097484128;46;2,9;2;1;1
258097484128;258097484155;27;2,9;2;1;1
258097484155;258097484851;696;2,9;2;1;1
258097484851;258097485915;1064;2,9;2;1;1
258097485915;258097489351;3436;2,9;2;1;1
258097489351;258097489368;17;2,9;2;1;1
258097489368;258097500773;11405;2,9;2;1;1
258097500773;258097500920;147;2,9;2;1;1
258097500920;258097501311;391;2,9;2;1;1
258097501311;258097501389;78;2,9;2;1;1
258097501860;258097501893;33;2,9;2;1;1
258097501893;258097512006;10113;2,9;2;1;1
258097512006;258097512118;112;2,9;2;1;1
258097512118;258097533529;21411;2,9;2;1;1
258097533529;258097540383;6854;2,9;2;1;1
258097540383;258097540407;24;2,9;2;1;1
258097540407;258097540465;58;2,9;2;1;1
258097540465;258097540520;55;2,9;2;1;1
258097540520;258097540570;50;2,9;2;1;1
258097540570;258097540624;54;2,9;2;1;1
258097540624;258097541113;489;2,9;2;1;1
258097541113;258097542016;903;2,9;2;1;1
258097542016;258097542164;148;2,9;2;1;1
258097542164;258097542388;224;2,9;2;1;1
258097542388;258097542461;73;2,9;2;1;1
258097542461;258097542695;234;2,9;2;1;1
258097542695;258097542932;237;2,9;2;1;1
258097542932;258097545967;3035;2,9;2;1;1
258097545967;258097548146;2179;2,9;2;1;1
258097548146;258097548376;230;2,9;2;1;1
258097548376;258097548461;85;2,9;2;1;1
258097548461;258097548746;285;2,9;2;1;1
258097548746;258097548998;252;2,9;2;1;1
258097548998;258097564160;15162;2,9;2;1;1
258097564160;258097564737;577;2,9;2;1;1
258097564737;258097564873;136;2,9;2;1;1
258097564873;258097564960;87;2,9;2;1;1
258097564960;258097565121;161;2,9;2;1;1
258097565121;258097565336;215;2,9;2;1;1
258097565336;258097565743;407;2,9;2;1;1
258097565743;258097565795;52;2,9;2;1;1
258097565795;258097569328;3533;2,9;2;1;1
258097569524;258097569868;344;2,9;2;1;1
258097569868;258097570056;188;2,9;2;1;1
258097570056;258097570103;47;2,9;2;1;1
258097570103;258097570213;110;2,9;2;1;1
258097570213;258097570281;68;2,9;2;1;1
258097570281;258097570368;87;2,9;2;1;1
258097570368;258097570513;145;2,9;2;1;1
258097570513;258097570659;146;2,9;2;1;1
258097570659;258097575443;4784;2,9;2;1;1
258097575443;258097579540;4097;2,9;2;1;1
258097579540;258097585052;5512;2,9;2;1;1
258097585052;258097585061;9;2,9;2;1;1
258097585061;258097585111;50;2,9;2;1;1
258097585111;258097585122;11;2,9;2;1;1
258097585122;258097585146;24;2,9;2;1;1
258097585146;258097585174;28;2,9;2;1;1
258097585174;258097585798;624;2,9;2;1;1
258097585798;258097623166;37368;2,9;2;1;1
258097623166;258097634667;11501;2,9;2;1;1
258097634667;258097635086;419;2,9;2;1;1
258097635086;258097638499;3413;2,9;2;1;1
258097638665;258097638932;267;2,9;2;1;1
258097638932;258097639150;218;2,9;2;1;1
258097639150;258097639381;231;2,9;2;1;1
258097639381;258097639526;145;2,9;2;1;1
258097639526;258097639672;146;2,9;2;1;1
258097639672;258097639816;144;2,9;2;1;1
258097639816;258097639962;146;2,9;2;1;1
258097639962;258097640105;143;2,9;2;1;1
258097640105;258097644888;4783;2,9;2;1;1
258097644888;258097645105;217;2,9;2;1;1
258097645105;258097645140;35;2,9;2;1;1
258097645274;258097645628;354;2,9;2;1;1
258097645628;258097645955;327;2,9;2;1;1
258097645955;258097646044;89;2,9;2;1;1
258097646044;258097646149;105;2,9;2;1;1
258097646149;258097646373;224;2,9;2;1;1
258097646373;258097646687;314;2,9;2;1;1
258097646687;258097650306;3619;2,9;2;1;1
258097650306;258097657099;6793;2,9;2;1;1
258097657099;258097658261;1162;2,9;2;1;1
258097658261;258097660779;2518;2,9;2;1;1
258097660991;258097661027;36;2,9;2;1;1
258097661027;258097661111;84;2,9;2;1;1
258097661111;258097661230;119;2,9;2;1;1
258097661230;258097661288;58;2,9;2;1;1
258097661288;258097661457;169;2,9;2;1;1
258097661457;258097661632;175;2,9;2;1;1
258097661632;258097661671;39;2,9;2;1;1
258097661671;258097661793;122;2,9;2;1;1
258097661793;258097669481;7688;2,9;2;1;1
258097669481;258097671420;1939;2,9;2;1;1
258097671420;258097672319;899;2,9;2;1;1
258097672319;258097685325;13006;2,9;2;1;1
258097685325;258097685375;50;2,9;2;1;1
258097685375;258097685737;362;2,9;2;1;1
258097685737;258097698029;12292;2,9;2;1;1
258097698029;258097701613;3584;2,9;2;1;1
258097701613;258097701689;76;2,9;2;1;1
258097701689;258097701983;294;2,9;2;1;1
258097701983;258097702084;101;2,9;2;1;1
258097702084;258097702179;95;2,9;2;1;1
258097702179;258097726856;24677;2,9;2;1;1
258097726856;258097741194;14338;2,9;2;1;1
258097741194;258097745840;4646;2,9;2;1;1
258097745840;258097745861;21;2,9;2;1;1
258097745861;258097745876;15;2,9;2;1;1
258097745876;258097745917;41;2,9;2;1;1
258097745917;258097745968;51;2,9;2;1;1
258097745968;258097746021;53;2,9;2;1;1
258097746021;258097746045;24;2,9;2;1;1
258097746045;258097774596;28551;2,9;2;1;1
258097774596;258097784410;9814;2,9;2;1;1
258097784410;258097816693;32283;2,9;2;1;1
258097816693;258097826002;9309;2,9;2;1;1
258097826002;258097826256;254;2,9;2;1;1
258097826256;258097845406;19150;2,9;2;1;1
258097845406;258097845516;110;2,9;2;1;1
258097845516;258097845550;34;2,9;2;1;1
258097845550;258097858092;12542;2,9;2;1;1
258097858092;258097868453;10361;2,9;2;1;1
258097868453;258097868498;45;2,9;2;1;1
258097868498;258097868506;8;2,9;2;1;1
258097868506;258097868520;14;2,9;2;1;1
258097868520;258097868540;20;2,9;2;1;1
258097868540;258097878440;9900;2,9;2;1;1
258097878440;258097878462;22;2,9;2;1;1
258097878462;258097878674;212;2,9;2;1;1
258097878674;258097899707;21033;2,9;2;1;1
258097899707;258097953139;53432;2,9;2;1;1
258097953139;258097963538;10399;2,9;2;1;1
258097963538;258097963573;35;2,9;2;1;1
258097963573;258097986466;22893;2,9;2;1;1
258097986466;258098038347;51881;2,9;2;1;1
258098038347;258098038589;242;2,9;2;1;1
258098038589;258098038996;407;2,9;2;1;1
258098038996;258098039310;314;2,9;2;1;1
258098039310;258098040430;1120;2,9;2;1;1
258098040430;258098040455;25;2,9;2;1;1
258098040455;258098040518;63;2,9;2;1;1
258098040518;258098041914;1396;2,9;2;1;1
258098041914;258098041988;74;2,9;2;1;1
258098041988;258098050385;8397;2,9;2;1;1
258098050385;258098053259;2874;2,9;2;1;1
258098053259;258098163001;109742;2,9;2;1;1
258098163001;258098213589;50588;2,9;2;1;1
258098213589;258098222442;8853;2,9;2;1;1
258098222442;258098254654;32212;2,9;2;1;1
258098254654;258098257815;3161;2,9;2;1;1
258098257815;258098257872;57;2,9;2;1;1
258098257872;258098269104;11232;2,9;2;1;1
258098269104;258098269140;36;2,9;2;1;1
258098269140;258098269171;31;2,9;2;1;1
258098269171;258098300512;31341;2,9;2;1;1
258098300512;258098341330;40818;2,9;2;1;1
258098341330;258098341971;641;2,9;2;1;1
258098341971;258098350693;8722;2,9;2;1;1
258098350693;258098350842;149;2,9;2;1;1
258098350842;258098350869;27;2,9;2;1;1
258098350869;258098350956;87;2,9;2;1;1
258098350956;258098352888;1932;2,9;2;1;1
258098352888;258098353317;429;2,9;2;1;1
258098353317;258098353371;54;2,9;2;1;1
258098353371;258098353379;8;2,9;2;1;1
258098353379;258098353429;50;2,9;2;1;1
258098353429;258098372549;19120;2,9;2;1;1
258098372549;258098373006;457;2,9;2;1;1
258098373006;258098373054;48;2,9;2;1;1
258098373054;258098373073;19;2,9;2;1;1
258098373073;258098373107;34;2,9;2;1;1
258098373107;258098373645;538;2,9;2;1;1
258098373645;258098376493;2848;2,9;2;1;1
258098376493;258098376903;410;2,9;2;1;1
258098376903;258098389310;12407;2,9;2;1;1
258098389310;258098389384;74;2,9;2;1;1
258098389628;258098389937;309;2,9;2;1;1
258098389937;258098389972;35;2,9;2;1;1
258098389972;258098390092;120;2,9;2;1;1
258098390092;258098390211;119;2,9;2;1;1
258098390211;258098390306;95;2,9;2;1;1
258098390306;258098398624;8318;2,9;2;1;1
258098398624;258098399089;465;2,9;2;1;1
258098399089;258098399279;190;2,9;2;1;1
258098399279;258098399381;102;2,9;2;1;1
258098399381;258098399435;54;2,9;2;1;1
258098399435;258098399616;181;2,9;2;1;1
258098399616;258098399690;74;2,9;2;1;1
258098400750;258098400860;110;2,9;2;1;1
258098400860;258098401334;474;2,9;2;1;1
258098401334;258098401396;62;2,9;2;1;1
258098401396;258098407904;6508;2,9;2;1;1
258098407904;258098407992;88;2,9;2;1;1
258098407992;258098408644;652;2,9;2;1;1
258098408644;258098409569;925;2,9;2;1;1
258098409569;258098409617;48;2,9;2;1;1
258098409617;258098409991;374;2,9;2;1;1
258098409991;258098410597;606;2,9;2;1;1
258098410597;258098410672;75;2,9;2;1;1
258098410672;258098410698;26;2,9;2;1;1
258098410698;258098411184;486;2,9;2;1;1
258098411184;258098411496;312;2,9;2;1;1
258098411496;258098411682;186;2,9;2;1;1
258098411682;258098411859;177;2,9;2;1;1
258098411859;258098411883;24;2,9;2;1;1
258098411883;258098411896;13;2,9;2;1;1
258098411896;258098412608;712;2,9;2;1;1
258098412608;258098413350;742;2,9;2;1;1
258098413350;258098415267;1917;2,9;2;1;1
258098415267;258098415965;698;2,9;2;1;1
258098415965;258098416003;38;2,9;2;1;1
258098416418;258098416530;112;2,9;2;1;1
258098416530;258098416778;248;2,9;2;1;1
258098416778;258098420606;3828;2,9;2;1;1
258098420606;258098427192;6586;2,9;2;1;1
258098427192;258098428303;1111;2,9;2;1;1
258098428303;258098428403;100;2,9;2;1;1
258098428707;258098428795;88;2,9;2;1;1
258098428795;258098428912;117;2,9;2;1;1
258098428912;258098429028;116;2,9;2;1;1
258098429028;258098429361;333;2,9;2;1;1
258098429361;258098429763;402;2,9;2;1;1
258098429763;258098430662;899;2,9;2;1;1
258098430662;258098430805;143;2,9;2;1;1
258098430805;258098431057;252;2,9;2;1;1
258098431057;258098432935;1878;2,9;2;1;1
258098432935;258098439996;7061;2,9;2;1;1
258098439996;258098440201;205;2,9;2;1;1
258098440760;258098441141;381;2,9;2;1;1
258098441141;258098442416;1275;2,9;2;1;1
258098442416;258098444240;1824;2,9;2;1;1
258098444240;258098448660;4420;2,9;2;1;1
258098448660;258098451894;3234;2,9;2;1;1
258098451894;258098458793;6899;2,9;2;1;1
258098458793;258098459121;328;2,9;2;1;1
258098459121;258098462347;3226;2,9;2;1;1
258098462347;258098462463;116;2,9;2;1;1
258098462463;258098462516;53;2,9;2;1;1
258098462516;258098462720;204;2,9;2;1;1
258098462885;258098463068;183;2,9;2;1;1
258098463068;258098463254;186;2,9;2;1;1
258098463254;258098463289;35;2,9;2;1;1
258098463289;258098463425;136;2,9;2;1;1
258098463425;258098463514;89;2,9;2;1;1
258098463514;258098463675;161;2,9;2;1;1
258098463675;258098463824;149;2,9;2;1;1
258098463824;258098463970;146;2,9;2;1;1
258098463970;258098465930;1960;2,9;2;1;1
258098466147;258098466292;145;2,9;2;1;1
258098466292;258098466297;5;2,9;2;1;1
258098466297;258098466352;55;2,9;2;1;1
258098466352;258098466357;5;2,9;2;1;1
258098466357;258098466432;75;2,9;2;1;1
258098466432;258098466478;46;2,9;2;1;1
258098466478;258098466515;37;2,9;2;1;1
258098466515;258098470920;4405;2,9;2;1;1
258098470920;258098475210;4290;2,9;2;1;1
258098475210;258098477062;1852;2,9;2;1;1
258098477062;258098480611;3549;2,9;2;1;1
258098480611;258098480777;166;2,9;2;1;1
258098480777;258098481192;415;2,9;2;1;1
258098481192;258098481228;36;2,9;2;1;1
258098481228;258098481758;530;2,9;2;1;1
258098481758;258098482371;613;2,9;2;1;1
258098482371;258098490299;7928;2,9;2;1;1
258098490299;258098490311;12;2,9;2;1;1
258098490311;258098491758;1447;2,9;2;1;1
258098491758;258098491848;90;2,9;2;1;1
258098491848;258098491902;54;2,9;2;1;1
258098491902;258098492170;268;2,9;2;1;1
258098492170;258098492731;561;2,9;2;1;1
258098492731;258098510695;17964;2,9;2;1;1
258098510915;258098510957;42;2,9;2;1;1
258098510957;258098510988;31;2,9;2;1;1
258098510988;258098511036;48;2,9;2;1;1
258098511036;258098511108;72;2,9;2;1;1
258098511108;258098511141;33;2,9;2;1;1
258098511141;258098511360;219;2,9;2;1;1
258098511360;258098511507;147;2,9;2;1;1
258098511507;258098511653;146;2,9;2;1;1
258098511653;258098520474;8821;2,9;2;1;1
258098520474;258098531457;10983;2,9;2;1;1
258098531457;258098576261;44804;2,9;2;1;1
258098576261;258098587634;11373;2,9;2;1;1
258098587634;258098608024;20390;2,9;2;1;1
258098608024;258098611427;3403;2,9;2;1;1
258098611427;258098611748;321;2,9;2;1;1
258098611748;258098614993;3245;2,9;2;1;1
258098614993;258098615067;74;2,9;2;1;1
258098615067;258098616334;1267;2,9;2;1;1
258098616334;258098616580;246;2,9;2;1;1
258098616777;258098616920;143;2,9;2;1;1
258098616920;258098617066;146;2,9;2;1;1
258098617066;258098617330;264;2,9;2;1;1
258098617330;258098617378;48;2,9;2;1;1
258098617378;258098617526;148;2,9;2;1;1
258098617526;258098617748;222;2,9;2;1;1
258098617748;258098617774;26;2,9;2;1;1
258098617774;258098617933;159;2,9;2;1;1
258098617933;258098618394;461;2,9;2;1;1
258098618394;258098620351;1957;2,9;2;1;1
258098620666;258098620797;131;2,9;2;1;1
258098620797;258098620850;53;2,9;2;1;1
258098620850;258098620900;50;2,9;2;1;1
258098620900;258098620962;62;2,9;2;1;1
258098620962;258098621051;89;2,9;2;1;1
258098621051;258098627518;6467;2,9;2;1;1
258098627518;258098628863;1345;2,9;2;1;1
258098628863;258098632363;3500;2,9;2;1;1
258098632363;258098636304;3941;2,9;2;1;1
258098636304;258098636673;369;2,9;2;1;1
258098636673;258098670579;33906;2,9;2;1;1
258098670579;258098672236;1657;2,9;2;1;1
258098672236;258098672499;263;2,9;2;1;1
258098672499;258098672855;356;2,9;2;1;1
258098672855;258098672975;120;2,9;2;1;1
258098672975;258098673022;47;2,9;2;1;1
258098673022;258098673056;34;2,9;2;1;1
258098673056;258098673097;41;2,9;2;1;1
258098673097;258098673147;50;2,9;2;1;1
258098673147;258098673175;28;2,9;2;1;1
258098673323;258098679958;6635;2,9;2;1;1
258098679958;258098680103;145;2,9;2;1;1
258098680103;258098694267;14164;2,9;2;1;1
258098694267;258098711508;17241;2,9;2;1;1
258098711508;258098720109;8601;2,9;2;1;1
258098720109;258098720739;630;2,9;2;1;1
258098720739;258098741018;20279;2,9;2;1;1
258098741018;258098741153;135;2,9;2;1;1
258098741153;258098741195;42;2,9;2;1;1
258098741195;258098741302;107;2,9;2;1;1
258098741302;258098742004;702;2,9;2;1;1
258098742004;258098742149;145;2,9;2;1;1
258098742149;258098742188;39;2,9;2;1;1
258098742188;258098742280;92;2,9;2;1;1
258098742280;258098742351;71;2,9;2;1;1
258098742351;258098743077;726;2,9;2;1;1
258098743077;258098746167;3090;2,9;2;1;1
258098746167;258098746241;74;2,9;2;1;1
258098746241;258098746370;129;2,9;2;1;1
258098746370;258098746372;2;2,9;2;1;1
258098746902;258098747073;171;2,9;2;1;1
258098747073;258098747114;41;2,9;2;1;1
258098747114;258098761426;14312;2,9;2;1;1
258098761426;258098761461;35;2,9;2;1;1
258098761461;258098761484;23;2,9;2;1;1
258098761484;258098761541;57;2,9;2;1;1
258098761541;258098761971;430;2,9;2;1;1
258098761971;258098763772;1801;2,9;2;1;1
258098763772;258098764678;906;2,9;2;1;1
258098764678;258098764776;98;2,9;2;1;1
258098764776;258098765076;300;2,9;2;1;1
258098765076;258098765226;150;2,9;2;1;1
258098765226;258098767162;1936;2,9;2;1;1
258098767162;258098774601;7439;2,9;2;1;1
258098774601;258098774634;33;2,9;2;1;1
258098774634;258098774668;34;2,9;2;1;1
258098774668;258098775054;386;2,9;2;1;1
258098775054;258098775155;101;2,9;2;1;1
258098775155;258098775269;114;2,9;2;1;1
258098775269;258098775657;388;2,9;2;1;1
258098775657;258098775696;39;2,9;2;1;1
258098775696;258098775798;102;2,9;2;1;1
258098775798;258098776473;675;2,9;2;1;1
258098776473;258098776511;38;2,9;2;1;1
258098776511;258098776566;55;2,9;2;1;1
258098776566;258098776615;49;2,9;2;1;1
258098776615;258098777057;442;2,9;2;1;1
258098777057;258098780675;3618;2,9;2;1;1
258098780675;258098780760;85;2,9;2;1;1
258098780760;258098780939;179;2,9;2;1;1
258098780939;258098781154;215;2,9;2;1;1
258098781154;258098781227;73;2,9;2;1;1
258098781227;258098781387;160;2,9;2;1;1
258098781387;258098781402;15;2,9;2;1;1
258098781774;258098781817;43;2,9;2;1;1
258098781817;258098781885;68;2,9;2;1;1
258098781885;258098781942;57;2,9;2;1;1
258098781942;258098782078;136;2,9;2;1;1
258098782078;258098782215;137;2,9;2;1;1
258098782215;258098786078;3863;2,9;2;1;1
258098786078;258098787673;1595;2,9;2;1;1
258098787673;258098792647;4974;2,9;2;1;1
258098792647;258098794567;1920;2,9;2;1;1
258098794567;258098794774;207;2,9;2;1;1
258098794774;258098795078;304;2,9;2;1;1
258098795078;258098796784;1706;2,9;2;1;1
258098796784;258098796792;8;2,9;2;1;1
258098796792;258098796843;51;2,9;2;1;1
258098796843;258098796851;8;2,9;2;1;1
258098796851;258098796902;51;2,9;2;1;1
258098796902;258098796952;50;2,9;2;1;1
258098796952;258098797720;768;2,9;2;1;1
258098797720;258098809405;11685;2,9;2;1;1
258098809405;258098817150;7745;2,9;2;1;1
258098817150;258098820894;3744;2,9;2;1;1
258098820894;258098827161;6267;2,9;2;1;1
258098827161;258098829170;2009;2,9;2;1;1
258098829170;258098829196;26;2,9;2;1;1
258098829196;258098830523;1327;2,9;2;1;1
258098830523;258098830677;154;2,9;2;1;1
258098830677;258098832457;1780;2,9;2;1;1
258098832457;258098832572;115;2,9;2;1;1
258098833185;258098833242;57;2,9;2;1;1
258098833242;258098833253;11;2,9;2;1;1
258098833451;258098833507;56;2,9;2;1;1
258098833507;258098833788;281;2,9;2;1;1
258098833788;258098833981;193;2,9;2;1;1
258098833981;258098834604;623;2,9;2;1;1
258098834604;258098834643;39;2,9;2;1;1
258098834643;258098834826;183;2,9;2;1;1
258098834826;258098834865;39;2,9;2;1;1
258098834865;258098834989;124;2,9;2;1;1
258098834989;258098835045;56;2,9;2;1;1
258098835045;258098835260;215;2,9;2;1;1
258098835260;258098835518;258;2,9;2;1;1
258098835518;258098838359;2841;2,9;2;1;1
258098838561;258098838647;86;2,9;2;1;1
258098838647;258098838695;48;2,9;2;1;1
258098838695;258098838751;56;2,9;2;1;1
258098838751;258098838811;60;2,9;2;1;1
258098838811;258098838843;32;2,9;2;1;1
258098838843;258098839009;166;2,9;2;1;1
258098839009;258098849505;10496;2,9;2;1;1
258098849505;258098850722;1217;2,9;2;1;1
258098850722;258098851873;1151;2,9;2;1;1
258098851873;258098856015;4142;2,9;2;1;1
258098856015;258098856144;129;2,9;2;1;1
258098856734;258098857141;407;2,9;2;1;1
258098857141;258098857169;28;2,9;2;1;1
258098857169;258098857306;137;2,9;2;1;1
258098857306;258098857645;339;2,9;2;1;1
258098857645;258098857704;59;2,9;2;1;1
258098857704;258098857759;55;2,9;2;1;1
258098857759;258098857792;33;2,9;2;1;1
258098857792;258098857814;22;2,9;2;1;1
258098857814;258098857864;50;2,9;2;1;1
258098857864;258098858245;381;2,9;2;1;1
258098858245;258098859104;859;2,9;2;1;1
258098859104;258098859281;177;2,9;2;1;1
258098859281;258098859918;637;2,9;2;1;1
258098859918;258098863320;3402;2,9;2;1;1
258098863612;258098863638;26;2,9;2;1;1
258098863638;258098863723;85;2,9;2;1;1
258098863723;258098863944;221;2,9;2;1;1
258098863944;258098863967;23;2,9;2;1;1
258098863967;258098864017;50;2,9;2;1;1
258098864017;258098864061;44;2,9;2;1;1
258098864507;258098864615;108;2,9;2;1;1
258098864615;258098864627;12;2,9;2;1;1
258098864627;258098864717;90;2,9;2;1;1
258098864717;258098864719;2;2,9;2;1;1
258098864719;258098864888;169;2,9;2;1;1
258098864888;258098865074;186;2,9;2;1;1
258098865074;258098865119;45;2,9;2;1;1
258098865119;258098865228;109;2,9;2;1;1
258098865228;258098871480;6252;2,9;2;1;1
258098871480;258098873028;1548;2,9;2;1;1
258098873028;258098873036;8;2,9;2;1;1
258098873036;258098873126;90;2,9;2;1;1
258098873126;258098873369;243;2,9;2;1;1
258098873369;258098873412;43;2,9;2;1;1
258098873412;258098873896;484;2,9;2;1;1
258098873896;258098874274;378;2,9;2;1;1
258098874274;258098878233;3959;2,9;2;1;1
258098878233;258098879324;1091;2,9;2;1;1
258098879324;258098886791;7467;2,9;2;1;1
258098886791;258098886811;20;2,9;2;1;1
258098886811;258098887175;364;2,9;2;1;1
258098887175;258098888765;1590;2,9;2;1;1
258098888765;258098888889;124;2,9;2;1;1
258098888889;258098889151;262;2,9;2;1;1
258098889151;258098889714;563;2,9;2;1;1
258098889714;258098889951;237;2,9;2;1;1
258098889951;258098889989;38;2,9;2;1;1
258098889989;258098893097;3108;2,9;2;1;1
258098893307;258098893614;307;2,9;2;1;1
258098893614;258098893659;45;2,9;2;1;1
258098893659;258098893809;150;2,9;2;1;1
258098893809;258098893861;52;2,9;2;1;1
258098893861;258098894094;233;2,9;2;1;1
258098894094;258098897923;3829;2,9;2;1;1
258098897923;258098903266;5343;2,9;2;1;1
258098903266;258098903382;116;2,9;2;1;1
258098903382;258098903425;43;2,9;2;1;1
258098903425;258098903659;234;2,9;2;1;1
258098903659;258098903877;218;2,9;2;1;1
258098903877;258098903923;46;2,9;2;1;1
258098903923;258098904467;544;2,9;2;1;1
258098904467;258098904533;66;2,9;2;1;1
258098904533;258098915232;10699;2,9;2;1;1
258098915232;258098919120;3888;2,9;2;1;1
258098919120;258098919171;51;2,9;2;1;1
258098919171;258098919240;69;2,9;2;1;1
258098919483;258098919572;89;2,9;2;1;1
258098919572;258098919691;119;2,9;2;1;1
258098919691;258098919888;197;2,9;2;1;1
258098919888;258098919904;16;2,9;2;1;1
258098919904;258098919927;23;2,9;2;1;1
258098919927;258098920045;118;2,9;2;1;1
258098920045;258098920116;71;2,9;2;1;1
258098920116;258098920163;47;2,9;2;1;1
258098920163;258098920228;65;2,9;2;1;1
258098920228;258098920252;24;2,9;2;1;1
258098920252;258098920333;81;2,9;2;1;1
258098920333;258098929058;8725;2,9;2;1;1
258098929058;258098944862;15804;2,9;2;1;1
258098944862;258098945258;396;2,9;2;1;1
258098945258;258098945293;35;2,9;2;1;1
258098945293;258098945310;17;2,9;2;1;1
258098945310;258098945389;79;2,9;2;1;1
258098945389;258098945427;38;2,9;2;1;1
258098945427;258098945787;360;2,9;2;1;1
258098945787;258098945795;8;2,9;2;1;1
258098945795;258098945854;59;2,9;2;1;1
258098945854;258098945869;15;2,9;2;1;1
258098945869;258098945939;70;2,9;2;1;1
258098945939;258098951018;5079;2,9;2;1;1
258098951018;258098951103;85;2,9;2;1;1
258098951624;258098951636;12;2,9;2;1;1
258098951636;258098951755;119;2,9;2;1;1
258098951755;258098951770;15;2,9;2;1;1
258098952378;258098957636;5258;2,9;2;1;1
258098957833;258098958112;279;2,9;2;1;1
258098958112;258098958943;831;2,9;2;1;1
258098958943;258098959089;146;2,9;2;1;1
258098959089;258098959368;279;2,9;2;1;1
258098959368;258098959557;189;2,9;2;1;1
258098959557;258098959798;241;2,9;2;1;1
258098959798;258098959820;22;2,9;2;1;1
258098959820;258098959965;145;2,9;2;1;1
258098959965;258098961993;2028;2,9;2;1;1
258098961993;258098962343;350;2,9;2;1;1
258098962343;258098962847;504;2,9;2;1;1
258098962847;258098970033;7186;2,9;2;1;1
258098970033;258098970477;444;2,9;2;1;1
258098970477;258099006904;36427;2,9;2;1;1
258099007099;258099007386;287;2,9;2;1;1
258099007386;258099007481;95;2,9;2;1;1
258099007481;258099007668;187;2,9;2;1;1
258099007668;258099007863;195;2,9;2;1;1
258099007863;258099007907;44;2,9;2;1;1
258099007907;258099008107;200;2,9;2;1;1
258099008107;258099008253;146;2,9;2;1;1
258099008253;258099008398;145;2,9;2;1;1
258099008398;258099010021;1623;2,9;2;1;1
258099010021;258099013207;3186;2,9;2;1;1
258099013207;258099017072;3865;2,9;2;1;1
258099017221;258099017301;80;2,9;2;1;1
258099017301;258099017338;37;2,9;2;1;1
258099017338;258099017500;162;2,9;2;1;1
258099017500;258099017525;25;2,9;2;1;1
258099017525;258099017652;127;2,9;2;1;1
258099017652;258099017798;146;2,9;2;1;1
258099017798;258099017884;86;2,9;2;1;1
258099017884;258099017914;30;2,9;2;1;1
258099017914;258099017941;27;2,9;2;1;1
258099017941;258099019203;1262;2,9;2;1;1
258099019203;258099022525;3322;2,9;2;1;1
258099022525;258099022605;80;2,9;2;1;1
258099022605;258099024134;1529;2,9;2;1;1
258099024134;258099024167;33;2,9;2;1;1
258099024482;258099024613;131;2,9;2;1;1
258099024613;258099024775;162;2,9;2;1;1
258099024775;258099027482;2707;2,9;2;1;1
258099027482;258099029950;2468;2,9;2;1;1
258099029950;258099030135;185;2,9;2;1;1
258099030135;258099030172;37;2,9;2;1;1
258099030303;258099030458;155;2,9;2;1;1
258099030458;258099030860;402;2,9;2;1;1
258099030860;258099030999;139;2,9;2;1;1
258099030999;258099031092;93;2,9;2;1;1
258099031092;258099031159;67;2,9;2;1;1
258099031159;258099031194;35;2,9;2;1;1
258099031194;258099031793;599;2,9;2;1;1
258099031988;258099032322;334;2,9;2;1;1
258099032322;258099032418;96;2,9;2;1;1
258099032418;258099032623;205;2,9;2;1;1
258099032623;258099032665;42;2,9;2;1;1
258099032665;258099032780;115;2,9;2;1;1
258099032780;258099032821;41;2,9;2;1;1
258099032821;258099032915;94;2,9;2;1;1
258099032915;258099033061;146;2,9;2;1;1
258099033061;258099037797;4736;2,9;2;1;1
258099037797;258099041132;3335;2,9;2;1;1
258099041132;258099043055;1923;2,9;2;1;1
258099043055;258099046358;3303;2,9;2;1;1
258099046358;258099055978;9620;2,9;2;1;1
258099055978;258099056022;44;2,9;2;1;1
258099056022;258099068186;12164;2,9;2;1;1
258099068186;258099068373;187;2,9;2;1;1
258099068373;258099068405;32;2,9;2;1;1
258099068405;258099068455;50;2,9;2;1;1
258099068455;258099068515;60;2,9;2;1;1
258099068515;258099068884;369;2,9;2;1;1
258099068884;258099083030;14146;2,9;2;1;1
258099083030;258099083039;9;2,9;2;1;1
258099083039;258099083055;16;2,9;2;1;1
258099083055;258099083070;15;2,9;2;1;1
258099083070;258099083164;94;2,9;2;1;1
258099083164;258099083340;176;2,9;2;1;1
258099083340;258099085231;1891;2,9;2;1;1
258099085231;258099098118;12887;2,9;2;1;1
258099098118;258099098288;170;2,9;2;1;1
258099098288;258099146983;48695;2,9;2;1;1
258099146983;258099147080;97;2,9;2;1;1
258099147080;258099147215;135;2,9;2;1;1
258099147215;258099147261;46;2,9;2;1;1
258099147261;258099147282;21;2,9;2;1;1
258099147282;258099147393;111;2,9;2;1;1
258099147393;258099147420;27;2,9;2;1;1
258099147420;258099147428;8;2,9;2;1;1
258099147759;258099151040;3281;2,9;2;1;1
258099151040;258099151048;8;2,9;2;1;1
258099151048;258099151099;51;2,9;2;1;1
258099151099;258099151116;17;2,9;2;1;1
258099151116;258099151134;18;2,9;2;1;1
258099151134;258099151169;35;2,9;2;1;1
258099151169;258099151193;24;2,9;2;1;1
258099151193;258099157909;6716;2,9;2;1;1
258099157909;258099170727;12818;2,9;2;1;1
258099171037;258099171132;95;2,9;2;1;1
258099171132;258099171159;27;2,9;2;1;1
258099171159;258099171168;9;2,9;2;1;1
258099171168;258099171336;168;2,9;2;1;1
258099171336;258099171378;42;2,9;2;1;1
258099171378;258099171407;29;2,9;2;1;1
258099171407;258099171437;30;2,9;2;1;1
258099171437;258099179856;8419;2,9;2;1;1
258099179856;258099186890;7034;2,9;2;1;1
258099186890;258099196703;9813;2,9;2;1;1
258099196703;258099196901;198;2,9;2;1;1
258099196901;258099197160;259;2,9;2;1;1
258099197160;258099197234;74;2,9;2;1;1
258099197234;258099197603;369;2,9;2;1;1
258099197603;258099226090;28487;2,9;2;1;1
258099226090;258099233362;7272;2,9;2;1;1
258099233362;258099237947;4585;2,9;2;1;1
258099237947;258099237998;51;2,9;2;1;1
258099237998;258099238049;51;2,9;2;1;1
258099238049;258099238100;51;2,9;2;1;1
258099238100;258099238150;50;2,9;2;1;1
258099238150;258099238200;50;2,9;2;1;1
258099238200;258099239169;969;2,9;2;1;1
258099239169;258099258597;19428;2,9;2;1;1
258099258597;258099258970;373;2,9;2;1;1
258099258970;258099259288;318;2,9;2;1;1
258099259288;258099261867;2579;2,9;2;1;1
258099261867;258099261916;49;2,9;2;1;1
258099261916;258099261968;52;2,9;2;1;1
258099261968;258099262038;70;2,9;2;1;1
258099262038;258099262820;782;2,9;2;1;1
258099262820;258099262856;36;2,9;2;1;1
258099262856;258099266113;3257;2,9;2;1;1
258099266275;258099266330;55;2,9;2;1;1
258099266330;258099266451;121;2,9;2;1;1
258099266451;258099266789;338;2,9;2;1;1
258099266789;258099266957;168;2,9;2;1;1
258099266957;258099267121;164;2,9;2;1;1
258099267121;258099267412;291;2,9;2;1;1
258099267412;258099267434;22;2,9;2;1;1
258099267434;258099267532;98;2,9;2;1;1
258099267532;258099276225;8693;2,9;2;1;1
258099276225;258099278773;2548;2,9;2;1;1
258099278773;258099278795;22;2,9;2;1;1
258099278795;258099278933;138;2,9;2;1;1
258099278933;258099278984;51;2,9;2;1;1
258099278984;258099279298;314;2,9;2;1;1
258099279298;258099280157;859;2,9;2;1;1
258099280157;258099281164;1007;2,9;2;1;1
258099281164;258099281621;457;2,9;2;1;1
258099281621;258099286308;4687;2,9;2;1;1
258099286308;258099286357;49;2,9;2;1;1
258099286357;258099286398;41;2,9;2;1;1
258099286398;258099286513;115;2,9;2;1;1
258099286748;258099286877;129;2,9;2;1;1
258099286877;258099286893;16;2,9;2;1;1
258099286893;258099287059;166;2,9;2;1;1
258099287059;258099287368;309;2,9;2;1;1
258099287368;258099290510;3142;2,9;2;1;1
258099290510;258099290511;1;2,9;2;1;1
258099290511;258099290548;37;2,9;2;1;1
258099290548;258099290570;22;2,9;2;1;1
258099290759;258099296908;6149;2,9;2;1;1
258099296908;258099296941;33;2,9;2;1;1
258099296941;258099297039;98;2,9;2;1;1
258099297039;258099297075;36;2,9;2;1;1
258099297075;258099297114;39;2,9;2;1;1
258099297114;258099297146;32;2,9;2;1;1
258099297146;258099307183;10037;2,9;2;1;1
258099307183;258099310246;3063;2,9;2;1;1
258099310246;258099311110;864;2,9;2;1;1
258099311110;258099311647;537;2,9;2;1;1
258099311647;258099311691;44;2,9;2;1;1
258099311691;258099312034;343;2,9;2;1;1
258099312034;258099312086;52;2,9;2;1;1
258099312086;258099312646;560;2,9;2;1;1
258099312646;258099349298;36652;2,9;2;1;1
258099349298;258099349391;93;2,9;2;1;1
258099349391;258099349399;8;2,9;2;1;1
258099349996;258099362048;12052;2,9;2;1;1
258099362048;258099371350;9302;2,9;2;1;1
258099371350;258099371389;39;2,9;2;1;1
258099371389;258099371437;48;2,9;2;1;1
258099371437;258099371447;10;2,9;2;1;1
258099371755;258099371758;3;2,9;2;1;1
258099371758;258099371784;26;2,9;2;1;1
258099371784;258099371976;192;2,9;2;1;1
258099371976;258099372237;261;2,9;2;1;1
258099372237;258099372504;267;2,9;2;1;1
258099372504;258099381623;9119;2,9;2;1;1
258099381623;258099381894;271;2,9;2;1;1
258099381894;258099384130;2236;2,9;2;1;1
258099384130;258099392846;8716;2,9;2;1;1
258099392846;258099392972;126;2,9;2;1;1
258099392972;258099403409;10437;2,9;2;1;1
258099403409;258099404622;1213;2,9;2;1;1
258099404622;258099406936;2314;2,9;2;1;1
258099406936;258099406967;31;2,9;2;1;1
258099406967;258099407013;46;2,9;2;1;1
258099407013;258099407074;61;2,9;2;1;1
258099407074;258099407220;146;2,9;2;1;1
258099407220;258099407253;33;2,9;2;1;1
258099407805;258099418408;10603;2,9;2;1;1
258099418408;258099418687;279;2,9;2;1;1
258099418687;258099429705;11018;2,9;2;1;1
258099429705;258099429732;27;2,9;2;1;1
258099429732;258099429810;78;2,9;2;1;1
258099429810;258099430754;944;2,9;2;1;1
258099430754;258099430794;40;2,9;2;1;1
258099430794;258099451201;20407;2,9;2;1;1
258099451201;258099460763;9562;2,9;2;1;1
258099460763;258099461006;243;2,9;2;1;1
258099461006;258099461027;21;2,9;2;1;1
258099461027;258099461098;71;2,9;2;1;1
258099461098;258099461124;26;2,9;2;1;1
258099461124;258099461144;20;2,9;2;1;1
258099461144;258099461788;644;2,9;2;1;1
258099461788;258099482500;20712;2,9;2;1;1
258099482500;258099510159;27659;2,9;2;1;1
258099510159;258099513394;3235;2,9;2;1;1
258099513394;258099513410;16;2,9;2;1;1
258099513410;258099548402;34992;2,9;2;1;1
258099548402;258099558364;9962;2,9;2;1;1
258099558364;258099559071;707;2,9;2;1;1
258099559071;258099559126;55;2,9;2;1;1
258099559126;258099559174;48;2,9;2;1;1
258099559174;258099559256;82;2,9;2;1;1
258099559256;258099562721;3465;2,9;2;1;1
258099562721;258099562949;228;2,9;2;1;1
258099562949;258099563095;146;2,9;2;1;1
258099563095;258099563352;257;2,9;2;1;1
258099563352;258099563384;32;2,9;2;1;1
258099563384;258099563838;454;2,9;2;1;1
258099563838;258099587446;23608;2,9;2;1;1
258099587446;258099587743;297;2,9;2;1;1
258099587743;258099588002;259;2,9;2;1;1
258099588002;258099588116;114;2,9;2;1;1
258099588116;258099588182;66;2,9;2;1;1
258099588182;258099588229;47;2,9;2;1;1
258099588229;258099588292;63;2,9;2;1;1
258099588292;258099588471;179;2,9;2;1;1
258099588471;258099588509;38;2,9;2;1;1
258099588509;258099608046;19537;2,9;2;1;1
258099608046;258099608393;347;2,9;2;1;1
258099608393;258099608614;221;2,9;2;1;1
258099608614;258099611884;3270;2,9;2;1;1
258099611884;258099612297;413;2,9;2;1;1
258099612297;258099612564;267;2,9;2;1;1
258099613354;258099631466;18112;2,9;2;1;1
258099631466;258099631590;124;2,9;2;1;1
258099631590;258099631715;125;2,9;2;1;1
258099631715;258099633638;1923;2,9;2;1;1
258099633638;258099634117;479;2,9;2;1;1
258099634117;258099635008;891;2,9;2;1;1
258099635179;258099635282;103;2,9;2;1;1
258099635282;258099635298;16;2,9;2;1;1
258099635298;258099635367;69;2,9;2;1;1
258099635367;258099635402;35;2,9;2;1;1
258099635402;258099635419;17;2,9;2;1;1
258099635419;258099635501;82;2,9;2;1;1
258099635501;258099635530;29;2,9;2;1;1
258099635530;258099635705;175;2,9;2;1;1
258099635705;258099645678;9973;2,9;2;1;1
258099645678;258099645752;74;2,9;2;1;1
258099645752;258099645807;55;2,9;2;1;1
258099645807;258099645888;81;2,9;2;1;1
258099645888;258099645903;15;2,9;2;1;1
258099645903;258099646197;294;2,9;2;1;1
258099646197;258099647388;1191;2,9;2;1;1
258099647388;258099648177;789;2,9;2;1;1
258099648177;258099648483;306;2,9;2;1;1
258099648483;258099649197;714;2,9;2;1;1
258099649197;258099649267;70;2,9;2;1;1
258099649267;258099649304;37;2,9;2;1;1
258099649304;258099649367;63;2,9;2;1;1
258099649367;258099649485;118;2,9;2;1;1
258099649485;258099670019;20534;2,9;2;1;1
258099670019;258099680322;10303;2,9;2;1;1
258099680487;258099680750;263;2,9;2;1;1
258099680750;258099681000;250;2,9;2;1;1
258099681000;258099681192;192;2,9;2;1;1
258099681192;258099681336;144;2,9;2;1;1
258099681336;258099681481;145;2,9;2;1;1
258099681481;258099681625;144;2,9;2;1;1
258099681625;258099681771;146;2,9;2;1;1
258099681771;258099681913;142;2,9;2;1;1
258099681913;258099690399;8486;2,9;2;1;1
258099690399;258099691147;748;2,9;2;1;1
258099691147;258099694714;3567;2,9;2;1;1
258099694714;258099694973;259;2,9;2;1;1
258099694973;258099736037;41064;2,9;2;1;1
258099736037;258099744369;8332;2,9;2;1;1
258099744739;258099744857;118;2,9;2;1;1
258099744857;258099744986;129;2,9;2;1;1
258099744986;258099745259;273;2,9;2;1;1
258099745259;258099745402;143;2,9;2;1;1
258099745402;258099745549;147;2,9;2;1;1
258099745549;258099745781;232;2,9;2;1;1
258099745781;258099745808;27;2,9;2;1;1
258099745808;258099746202;394;2,9;2;1;1
258099746202;258099746337;135;2,9;2;1;1
258099746337;258099746379;42;2,9;2;1;1
258099746379;258099746744;365;2,9;2;1;1
258099746744;258099755057;8313;2,9;2;1;1
258099755057;258099781692;26635;2,9;2;1;1
258099781692;258099781759;67;2,9;2;1;1
258099781759;258099781760;1;2,9;2;1;1
258099781760;258099781768;8;2,9;2;1;1
258099781768;258099781786;18;2,9;2;1;1
258099781786;258099781818;32;2,9;2;1;1
258099781818;258099781868;50;2,9;2;1;1
258099781868;258099781879;11;2,9;2;1;1
258099781879;258099781894;15;2,9;2;1;1
258099781894;258099781979;85;2,9;2;1;1
258099781979;258099795124;13145;2,9;2;1;1
258099795124;258099801334;6210;2,9;2;1;1
258099801334;258099801380;46;2,9;2;1;1
258099801380;258099801620;240;2,9;2;1;1
258099801620;258099801659;39;2,9;2;1;1
258099801659;258099801727;68;2,9;2;1;1
258099801727;258099802561;834;2,9;2;1;1
258099802561;258099802605;44;2,9;2;1;1
258099802605;258099802936;331;2,9;2;1;1
258099802936;258099814752;11816;2,9;2;1;1
258099814752;258099819584;4832;2,9;2;1;1
258099819744;258099820086;342;2,9;2;1;1
258099820086;258099820552;466;2,9;2;1;1
258099820552;258099820665;113;2,9;2;1;1
258099820665;258099820804;139;2,9;2;1;1
258099820804;258099820943;139;2,9;2;1;1
258099820943;258099821090;147;2,9;2;1;1
258099821090;258099821123;33;2,9;2;1;1
258099821123;258099821150;27;2,9;2;1;1
258099821150;258099822987;1837;2,9;2;1;1
258099822987;258099823942;955;2,9;2;1;1
258099823942;258099829642;5700;2,9;2;1;1
258099829642;258099835498;5856;2,9;2;1;1
258099835498;258099881797;46299;2,9;2;1;1
258099881797;258099882240;443;2,9;2;1;1
258099882240;258099882694;454;2,9;2;1;1
258099882694;258099882762;68;2,9;2;1;1
258099883283;258099883588;305;2,9;2;1;1
258099883588;258099883621;33;2,9;2;1;1
258099883621;258099883635;14;2,9;2;1;1
258099883635;258099883728;93;2,9;2;1;1
258099883728;258099883787;59;2,9;2;1;1
258099883787;258099883922;135;2,9;2;1;1
258099883922;258099884067;145;2,9;2;1;1
258099884067;258099884103;36;2,9;2;1;1
258099884347;258099893603;9256;2,9;2;1;1
258099893603;258099893734;131;2,9;2;1;1
258099893734;258099894282;548;2,9;2;1;1
258099894282;258099894321;39;2,9;2;1;1
258099894321;258099894535;214;2,9;2;1;1
258099894535;258099895884;1349;2,9;2;1;1
258099895884;258099895920;36;2,9;2;1;1
258099895920;258099899299;3379;2,9;2;1;1
258099899463;258099899603;140;2,9;2;1;1
258099899603;258099899723;120;2,9;2;1;1
258099899723;258099899749;26;2,9;2;1;1
258099899749;258099899896;147;2,9;2;1;1
258099899896;258099899952;56;2,9;2;1;1
258099899952;258099900097;145;2,9;2;1;1
258099900097;258099900242;145;2,9;2;1;1
258099900242;258099900386;144;2,9;2;1;1
258099900386;258099902744;2358;2,9;2;1;1
258099902744;258099907915;5171;2,9;2;1;1
258099907915;258099912559;4644;2,9;2;1;1
258099912559;258099923530;10971;2,9;2;1;1
258099923530;258099926940;3410;2,9;2;1;1
258099926940;258099927001;61;2,9;2;1;1
258099927001;258099927052;51;2,9;2;1;1
258099927052;258099927062;10;2,9;2;1;1
258099927062;258099927652;590;2,9;2;1;1
258099927652;258099952367;24715;2,9;2;1;1
258099952367;258099956279;3912;2,9;2;1;1
258099956279;258099956509;230;2,9;2;1;1
258099956509;258099956737;228;2,9;2;1;1
258099956737;258099957169;432;2,9;2;1;1
258099957169;258099981764;24595;2,9;2;1;1
258099981764;258099984147;2383;2,9;2;1;1
258099984147;258099984235;88;2,9;2;1;1
258099984235;258099984455;220;2,9;2;1;1
258099984455;258099990835;6380;2,9;2;1;1
258099990835;258099991101;266;2,9;2;1;1
258099991101;258099991832;731;2,9;2;1;1
258099991832;258099991975;143;2,9;2;1;1
258099992470;258099992500;30;2,9;2;1;1
258099992500;258099992677;177;2,9;2;1;1
258099992677;258099992908;231;2,9;2;1;1
258099992908;258099994155;1247;2,9;2;1;1
258099994155;258099994167;12;2,9;2;1;1
258099994167;258099994190;23;2,9;2;1;1
258099994190;258099994586;396;2,9;2;1;1
258099994586;258100026895;32309;2,9;2;1;1
258100026895;258100026929;34;2,9;2;1;1
258100026929;258100027284;355;2,9;2;1;1
258100027284;258100027341;57;2,9;2;1;1
258100027341;258100027690;349;2,9;2;1;1
258100027690;258100049236;21546;2,9;2;1;1
258100049236;258100053020;3784;2,9;2;1;1
258100053020;258100053128;108;2,9;2;1;1
258100053128;258100053442;314;2,9;2;1;1
258100053442;258100053630;188;2,9;2;1;1
258100053630;258100079746;26116;2,9;2;1;1
258100079746;258100083372;3626;2,9;2;1;1
258100083372;258100085776;2404;2,9;2;1;1
258100085776;258100087241;1465;2,9;2;1;1
258100087241;258100088773;1532;2,9;2;1;1
258100088773;258100089924;1151;2,9;2;1;1
258100089924;258100089984;60;2,9;2;1;1
258100089984;258100090169;185;2,9;2;1;1
258100090169;258100090477;308;2,9;2;1;1
258100090477;258100090946;469;2,9;2;1;1
258100090946;258100099695;8749;2,9;2;1;1
258100099695;258100099744;49;2,9;2;1;1
258100099744;258100099794;50;2,9;2;1;1
258100099794;258100099872;78;2,9;2;1;1
258100099872;258100100287;415;2,9;2;1;1
258100100287;258100100533;246;2,9;2;1;1
258100100533;258100105321;4788;2,9;2;1;1
258100105321;258100105643;322;2,9;2;1;1
258100105643;258100105731;88;2,9;2;1;1
258100105731;258100109900;4169;2,9;2;1;1
258100109900;258100109956;56;2,9;2;1;1
258100109956;258100110175;219;2,9;2;1;1
258100110175;258100113197;3022;2,9;2;1;1
258100113197;258100113460;263;2,9;2;1;1
258100113460;258100113543;83;2,9;2;1;1
258100113543;258100113732;189;2,9;2;1;1
258100113732;258100114778;1046;2,9;2;1;1
258100114778;258100120471;5693;2,9;2;1;1
258100120471;258100120520;49;2,9;2;1;1
258100120520;258100120557;37;2,9;2;1;1
258100120557;258100126445;5888;2,9;2;1;1
258100126445;258100129600;3155;2,9;2;1;1
258100129600;258100129627;27;2,9;2;1;1
258100129627;258100130391;764;2,9;2;1;1
258100130391;258100130483;92;2,9;2;1;1
258100130483;258100135087;4604;2,9;2;1;1
258100135087;258100140685;5598;2,9;2;1;1
258100140685;258100140852;167;2,9;2;1;1
258100140852;258100140905;53;2,9;2;1;1
258100140905;258100159268;18363;2,9;2;1;1
258100159268;258100162788;3520;2,9;2;1;1
258100162788;258100171897;9109;2,9;2;1;1
258100171897;258100171931;34;2,9;2;1;1
258100171931;258100172012;81;2,9;2;1;1
258100172012;258100174206;2194;2,9;2;1;1
258100174206;258100174432;226;2,9;2;1;1
258100174432;258100174545;113;2,9;2;1;1
258100175268;258100176007;739;2,9;2;1;1
258100176007;258100186483;10476;2,9;2;1;1
258100186723;258100187990;1267;2,9;2;1;1
258100187990;258100188169;179;2,9;2;1;1
258100188169;258100188264;95;2,9;2;1;1
258100188264;258100188404;140;2,9;2;1;1
258100188404;258100188428;24;2,9;2;1;1
258100188428;258100188822;394;2,9;2;1;1
258100188822;258100189023;201;2,9;2;1;1
258100189023;258100189061;38;2,9;2;1;1
258100189061;258100199192;10131;2,9;2;1;1
258100199192;258100199680;488;2,9;2;1;1
258100199680;258100201792;2112;2,9;2;1;1
258100201792;258100201859;67;2,9;2;1;1
258100201859;258100201942;83;2,9;2;1;1
258100201942;258100201985;43;2,9;2;1;1
258100201985;258100202092;107;2,9;2;1;1
258100202092;258100202132;40;2,9;2;1;1
258100202132;258100202275;143;2,9;2;1;1
258100202275;258100202308;33;2,9;2;1;1
258100202308;258100202327;19;2,9;2;1;1
258100202531;258100212085;9554;2,9;2;1;1
258100212085;258100212117;32;2,9;2;1;1
258100212117;258100212221;104;2,9;2;1;1
258100212824;258100218367;5543;2,9;2;1;1
258100218367;258100218434;67;2,9;2;1;1
258100218434;258100218476;42;2,9;2;1;1
258100218476;258100218603;127;2,9;2;1;1
258100218603;258100218659;56;2,9;2;1;1
258100218659;258100218671;12;2,9;2;1;1
258100218888;258100219096;208;2,9;2;1;1
258100219096;258100222778;3682;2,9;2;1;1
258100222778;258100229925;7147;2,9;2;1;1
258100229925;258100238601;8676;2,9;2;1;1
258100238601;258100240748;2147;2,9;2;1;1
258100240748;258100260437;19689;2,9;2;1;1
258100260437;258100260639;202;2,9;2;1;1
258100260639;258100263502;2863;2,9;2;1;1
258100263502;258100263558;56;2,9;2;1;1
258100263558;258100264014;456;2,9;2;1;1
258100264014;258100273942;9928;2,9;2;1;1
258100274209;258100274341;132;2,9;2;1;1
258100274341;258100274357;16;2,9;2;1;1
258100274357;258100274533;176;2,9;2;1;1
258100274533;258100274592;59;2,9;2;1;1
258100274592;258100274742;150;2,9;2;1;1
258100274742;258100274914;172;2,9;2;1;1
258100274914;258100275131;217;2,9;2;1;1
258100275131;258100279904;4773;2,9;2;1;1
258100279904;258100280283;379;2,9;2;1;1
258100280283;258100290989;10706;2,9;2;1;1
258100290989;258100293272;2283;2,9;2;1;1
258100293272;258100293306;34;2,9;2;1;1
258100293306;258100293575;269;2,9;2;1;1
258100293575;258100294116;541;2,9;2;1;1
258100294116;258100294370;254;2,9;2;1;1
258100294370;258100294609;239;2,9;2;1;1
258100294609;258100294637;28;2,9;2;1;1
258100294637;258100297869;3232;2,9;2;1;1
258100297869;258100297942;73;2,9;2;1;1
258100297942;258100298015;73;2,9;2;1;1
258100298015;258100298136;121;2,9;2;1;1
258100298136;258100298164;28;2,9;2;1;1
258100298164;258100298205;41;2,9;2;1;1
258100298903;258100299111;208;2,9;2;1;1
258100299111;258100303771;4660;2,9;2;1;1
258100303771;258100303814;43;2,9;2;1;1
258100303814;258100304006;192;2,9;2;1;1
258100304006;258100304105;99;2,9;2;1;1
258100304105;258100304456;351;2,9;2;1;1
258100304456;258100304834;378;2,9;2;1;1
258100304834;258100308346;3512;2,9;2;1;1
258100308346;258100308354;8;2,9;2;1;1
258100308354;258100308407;53;2,9;2;1;1
258100308407;258100308415;8;2,9;2;1;1
258100308415;258100308467;52;2,9;2;1;1
258100308467;258100308520;53;2,9;2;1;1
258100308520;258100308613;93;2,9;2;1;1
258100308613;258100310753;2140;2,9;2;1;1
258100310753;258100319268;8515;2,9;2;1;1
258100319268;258100323517;4249;2,9;2;1;1
258100323517;258100323894;377;2,9;2;1;1
258100323894;258100340794;16900;2,9;2;1;1
258100340794;258100369766;28972;2,9;2;1;1
258100369766;258100369874;108;2,9;2;1;1
258100369874;258100369898;24;2,9;2;1;1
258100369898;258100370041;143;2,9;2;1;1
258100370041;258100370255;214;2,9;2;1;1
258100370255;258100372515;2260;2,9;2;1;1
258100372515;258100372577;62;2,9;2;1;1
258100372577;258100375109;2532;2,9;2;1;1
258100375109;258100375895;786;2,9;2;1;1
258100376065;258100376507;442;2,9;2;1;1
258100376507;258100376521;14;2,9;2;1;1
258100376521;258100376569;48;2,9;2;1;1
258100376569;258100376706;137;2,9;2;1;1
258100376706;258100376872;166;2,9;2;1;1
258100376872;258100376993;121;2,9;2;1;1
258100376993;258100377023;30;2,9;2;1;1
258100377023;258100377368;345;2,9;2;1;1
258100377368;258100379091;1723;2,9;2;1;1
258100379091;258100379538;447;2,9;2;1;1
258100379538;258100379580;42;2,9;2;1;1
258100379580;258100379955;375;2,9;2;1;1
258100379955;258100380218;263;2,9;2;1;1
258100380218;258100380434;216;2,9;2;1;1
258100380434;258100380462;28;2,9;2;1;1
258100380462;258100387718;7256;2,9;2;1;1
258100387718;258100388217;499;2,9;2;1;1
258100388217;258100388275;58;2,9;2;1;1
258100388275;258100388469;194;2,9;2;1;1
258100388469;258100389151;682;2,9;2;1;1
258100389151;258100393603;4452;2,9;2;1;1
258100393603;258100393624;21;2,9;2;1;1
258100393624;258100393638;14;2,9;2;1;1
258100393638;258100393679;41;2,9;2;1;1
258100393679;258100393731;52;2,9;2;1;1
258100393731;258100393781;50;2,9;2;1;1
258100393781;258100393808;27;2,9;2;1;1
258100393808;258100402240;8432;2,9;2;1;1
258100402240;258100402279;39;2,9;2;1;1
258100402279;258100402337;58;2,9;2;1;1
258100402510;258100402555;45;2,9;2;1;1
258100402555;258100402637;82;2,9;2;1;1
258100402637;258100402792;155;2,9;2;1;1
258100402792;258100402825;33;2,9;2;1;1
258100402825;258100403013;188;2,9;2;1;1
258100403013;258100403178;165;2,9;2;1;1
258100403178;258100410909;7731;2,9;2;1;1
258100410909;258100411866;957;2,9;2;1;1
258100411866;258100412209;343;2,9;2;1;1
258100412209;258100412582;373;2,9;2;1;1
258100412582;258100412642;60;2,9;2;1;1
258100412642;258100412749;107;2,9;2;1;1
258100412749;258100413289;540;2,9;2;1;1
258100413289;258100413485;196;2,9;2;1;1
258100413485;258100416436;2951;2,9;2;1;1
258100416436;258100417141;705;2,9;2;1;1
258100417141;258100421502;4361;2,9;2;1;1
258100421502;258100421556;54;2,9;2;1;1
258100421719;258100421829;110;2,9;2;1;1
258100421829;258100421835;6;2,9;2;1;1
258100421835;258100422129;294;2,9;2;1;1
258100422129;258100422304;175;2,9;2;1;1
258100422304;258100422549;245;2,9;2;1;1
258100422549;258100422587;38;2,9;2;1;1
258100422587;258100422682;95;2,9;2;1;1
258100422682;258100422752;70;2,9;2;1;1
258100422752;258100422818;66;2,9;2;1;1
258100422818;258100422828;10;2,9;2;1;1
258100422828;258100422996;168;2,9;2;1;1
258100422996;258100423633;637;2,9;2;1;1
258100423633;258100430828;7195;2,9;2;1;1
258100430828;258100430918;90;2,9;2;1;1
258100430918;258100430945;27;2,9;2;1;1
258100430945;258100430961;16;2,9;2;1;1
258100454361;258100456656;2295;2,9;2;1;1
258100456656;258100459473;2817;2,9;2;1;1
258100459473;258100459948;475;2,9;2;1;1
258100459948;258100460162;214;2,9;2;1;1
258100460162;258100460375;213;2,9;2;1;1
258100460375;258100460685;310;2,9;2;1;1
258100460685;258100461242;557;2,9;2;1;1
258100461242;258100461352;110;2,9;2;1;1
258100461352;258100461584;232;2,9;2;1;1
258100461584;258100461773;189;2,9;2;1;1
258100461773;258100462217;444;2,9;2;1;1
258100462217;258100462779;562;2,9;2;1;1
258100462779;258100463502;723;2,9;2;1;1
258100463502;258100471811;8309;2,9;2;1;1
258100471811;258100473826;2015;2,9;2;1;1
258100473826;258100474400;574;2,9;2;1;1
258100474599;258100474726;127;2,9;2;1;1
258100474726;258100475324;598;2,9;2;1;1
258100475324;258100475720;396;2,9;2;1;1
258100475720;258100475883;163;2,9;2;1;1
258100475883;258100475974;91;2,9;2;1;1
258100475974;258100476152;178;2,9;2;1;1
258100476152;258100476224;72;2,9;2;1;1
258100476224;258100491133;14909;2,9;2;1;1
258100491133;258100506249;15116;2,9;2;1;1
258100506249;258100506393;144;2,9;2;1;1
258100506393;258100506430;37;2,9;2;1;1
258100506562;258100506838;276;2,9;2;1;1
258100506838;258100507081;243;2,9;2;1;1
258100507081;258100507122;41;2,9;2;1;1
258100507122;258100507275;153;2,9;2;1;1
258100507275;258100507443;168;2,9;2;1;1
258100507443;258100510966;3523;2,9;2;1;1
258100510966;258100511117;151;2,9;2;1;1
258100511117;258100511280;163;2,9;2;1;1
258100511280;258100511481;201;2,9;2;1;1
258100511481;258100515279;3798;2,9;2;1;1
258100515279;258100515316;37;2,9;2;1;1
258100515316;258100515502;186;2,9;2;1;1
258100515502;258100518175;2673;2,9;2;1;1
258100518175;258100518374;199;2,9;2;1;1
258100518846;258100518885;39;2,9;2;1;1
258100518885;258100519026;141;2,9;2;1;1
258100519026;258100519161;135;2,9;2;1;1
258100519161;258100520224;1063;2,9;2;1;1
258100520224;258100520326;102;2,9;2;1;1
258100520326;258100520373;47;2,9;2;1;1
258100520373;258100520381;8;2,9;2;1;1
258100520381;258100520432;51;2,9;2;1;1
258100520432;258100520443;11;2,9;2;1;1
258100520443;258100520467;24;2,9;2;1;1
258100520467;258100520495;28;2,9;2;1;1
258100520495;258100521291;796;2,9;2;1;1
258100521291;258100530002;8711;2,9;2;1;1
258100530002;258100534393;4391;2,9;2;1;1
258100534393;258100534401;8;2,9;2;1;1
258100534401;258100534493;92;2,9;2;1;1
258100534493;258100534687;194;2,9;2;1;1
258100534687;258100534749;62;2,9;2;1;1
258100534749;258100534759;10;2,9;2;1;1
258100534759;258100534812;53;2,9;2;1;1
258100534812;258100535187;375;2,9;2;1;1
258100535187;258100535724;537;2,9;2;1;1
258100535982;258100536047;65;2,9;2;1;1
258100536047;258100536121;74;2,9;2;1;1
258100536121;258100536122;1;2,9;2;1;1
258100536122;258100536303;181;2,9;2;1;1
258100536303;258100536337;34;2,9;2;1;1
258100536337;258100536368;31;2,9;2;1;1
258100536368;258100539185;2817;2,9;2;1;1
258100539185;258100539305;120;2,9;2;1;1
258100539305;258100539332;27;2,9;2;1;1
258100539332;258100539713;381;2,9;2;1;1
258100539713;258100539751;38;2,9;2;1;1
258100539751;258100539770;19;2,9;2;1;1
258100540371;258100546457;6086;2,9;2;1;1
258100546457;258100547084;627;2,9;2;1;1
258100547084;258100557321;10237;2,9;2;1;1
258100557321;258100557344;23;2,9;2;1;1
258100557344;258100561221;3877;2,9;2;1;1
258100561221;258100564806;3585;2,9;2;1;1
258100564806;258100571717;6911;2,9;2;1;1
258100571717;258100571751;34;2,9;2;1;1
258100571751;258100607304;35553;2,9;2;1;1
258100607304;258100664229;56925;2,9;2;1;1
258100664229;258100664833;604;2,9;2;1;1
258100664833;258100664899;66;2,9;2;1;1
258100664899;258100672611;7712;2,9;2;1;1
258100672611;258100673467;856;2,9;2;1;1
258100673467;258100673621;154;2,9;2;1;1
258100673621;258100673666;45;2,9;2;1;1
258100673666;258100673850;184;2,9;2;1;1
258100673850;258100674025;175;2,9;2;1;1
258100674025;258100674217;192;2,9;2;1;1
258100674217;258100674258;41;2,9;2;1;1
258100674258;258100674389;131;2,9;2;1;1
258100674389;258100674891;502;2,9;2;1;1
258100674891;258100684004;9113;2,9;2;1;1
258100684004;258100684012;8;2,9;2;1;1
258100684012;258100684064;52;2,9;2;1;1
258100684064;258100684106;42;2,9;2;1;1
258100684106;258100684165;59;2,9;2;1;1
258100684165;258100684192;27;2,9;2;1;1
258100684192;258100684249;57;2,9;2;1;1
258100684249;258100684302;53;2,9;2;1;1
258100684302;258100684669;367;2,9;2;1;1
258100684669;258100685057;388;2,9;2;1;1
258100685057;258100706469;21412;2,9;2;1;1
258100706469;258100709722;3253;2,9;2;1;1
258100709972;258100710109;137;2,9;2;1;1
258100710109;258100710209;100;2,9;2;1;1
258100710209;258100710234;25;2,9;2;1;1
258100710234;258100710239;5;2,9;2;1;1
258100710239;258100710289;50;2,9;2;1;1
258100710289;258100710465;176;2,9;2;1;1
258100710465;258100710503;38;2,9;2;1;1
258100710503;258100712965;2462;2,9;2;1;1
258100712965;258100714174;1209;2,9;2;1;1
258100714174;258100721519;7345;2,9;2;1;1
258100721519;258100722225;706;2,9;2;1;1
258100722225;258100726366;4141;2,9;2;1;1
258100726366;258100726416;50;2,9;2;1;1
258100726416;258100753914;27498;2,9;2;1;1
258100753914;258100753959;45;2,9;2;1;1
258100753959;258100762610;8651;2,9;2;1;1
258100762610;258100763164;554;2,9;2;1;1
258100763325;258100763532;207;2,9;2;1;1
258100763532;258100763711;179;2,9;2;1;1
258100763711;258100763870;159;2,9;2;1;1
258100763870;258100763941;71;2,9;2;1;1
258100763941;258100764587;646;2,9;2;1;1
258100764587;258100764694;107;2,9;2;1;1
258100764694;258100764816;122;2,9;2;1;1
258100764816;258100764992;176;2,9;2;1;1
258100764992;258100765329;337;2,9;2;1;1
258100765329;258100768947;3618;2,9;2;1;1
258100768947;258100769119;172;2,9;2;1;1
258100769119;258100769146;27;2,9;2;1;1
258100769146;258100769414;268;2,9;2;1;1
258100769414;258100769465;51;2,9;2;1;1
258100769465;258100773778;4313;2,9;2;1;1
258100773778;258100774200;422;2,9;2;1;1
258100774412;258100774523;111;2,9;2;1;1
258100774523;258100774853;330;2,9;2;1;1
258100774853;258100775029;176;2,9;2;1;1
258100775029;258100775049;20;2,9;2;1;1
258100775049;258100775116;67;2,9;2;1;1
258100775116;258100775217;101;2,9;2;1;1
258100775217;258100775388;171;2,9;2;1;1
258100775388;258100775606;218;2,9;2;1;1
258100775606;258100775778;172;2,9;2;1;1
258100775778;258100783565;7787;2,9;2;1;1
258100783565;258100785767;2202;2,9;2;1;1
258100785767;258100785789;22;2,9;2;1;1
258100785789;258100786005;216;2,9;2;1;1
258100786005;258100787140;1135;2,9;2;1;1
258100787140;258100787194;54;2,9;2;1;1
258100787607;258100787820;213;2,9;2;1;1
258100787820;258100798780;10960;2,9;2;1;1
258100798780;258100807612;8832;2,9;2;1;1
258100807612;258100807677;65;2,9;2;1;1
258100807677;258100808273;596;2,9;2;1;1
258100808273;258100812464;4191;2,9;2;1;1
258100812921;258100812951;30;2,9;2;1;1
258100812951;258100825055;12104;2,9;2;1;1
258100825055;258100847237;22182;2,9;2;1;1
258100847237;258100849261;2024;2,9;2;1;1
258100849261;258100850175;914;2,9;2;1;1
258100850448;258100850563;115;2,9;2;1;1
258100850563;258100850603;40;2,9;2;1;1
258100850603;258100850635;32;2,9;2;1;1
258100850635;258100859973;9338;2,9;2;1;1
258100859973;258100859981;8;2,9;2;1;1
258100859981;258100860040;59;2,9;2;1;1
258100860040;258100860095;55;2,9;2;1;1
258100860095;258100860131;36;2,9;2;1;1
258100860131;258100860617;486;2,9;2;1;1
258100860617;258100860950;333;2,9;2;1;1
258100860950;258100870845;9895;2,9;2;1;1
258100870845;258100870898;53;2,9;2;1;1
258100870898;258100920531;49633;2,9;2;1;1
258100920531;258100955791;35260;2,9;2;1;1
258100955791;258100960096;4305;2,9;2;1;1
258100960096;258100960148;52;2,9;2;1;1
258100960148;258100960174;26;2,9;2;1;1
258100960174;258100960233;59;2,9;2;1;1
258100960233;258100960284;51;2,9;2;1;1
258100960284;258100961209;925;2,9;2;1;1
258100961209;258100961247;38;2,9;2;1;1
258100961247;258100973669;12422;2,9;2;1;1
258100973669;258100973753;84;2,9;2;1;1
258100973753;258100973961;208;2,9;2;1;1
258100973961;258101019443;45482;2,9;2;1;1
258101019443;258101032497;13054;2,9;2;1;1
258101032497;258101033024;527;2,9;2;1;1
258101033024;258101033066;42;2,9;2;1;1
258101033066;258101054806;21740;2,9;2;1;1
258101054806;258101062952;8146;2,9;2;1;1
258101062952;258101066297;3345;2,9;2;1;1
258101066297;258101066852;555;2,9;2;1;1
258101066852;258101070500;3648;2,9;2;1;1
258101071312;258101071376;64;2,9;2;1;1
258101071376;258101071939;563;2,9;2;1;1
258101071939;258101072163;224;2,9;2;1;1
258101072163;258101072503;340;2,9;2;1;1
258101072503;258101073234;731;2,9;2;1;1
258101073234;258101073305;71;2,9;2;1;1
258101073305;258101076223;2918;2,9;2;1;1
258101076223;258101076392;169;2,9;2;1;1
258101076392;258101076477;85;2,9;2;1;1
258101076477;258101076513;36;2,9;2;1;1
258101076513;258101076874;361;2,9;2;1;1
258101076874;258101077069;195;2,9;2;1;1
258101077069;258101077210;141;2,9;2;1;1
258101077210;258101077760;550;2,9;2;1;1
258101077760;258101079799;2039;2,9;2;1;1
258101079799;258101079843;44;2,9;2;1;1
258101079843;258101079898;55;2,9;2;1;1
258101080135;258101080164;29;2,9;2;1;1
258101080164;258101080336;172;2,9;2;1;1
258101080336;258101080347;11;2,9;2;1;1
258101080347;258101080534;187;2,9;2;1;1
258101080534;258101080710;176;2,9;2;1;1
258101080710;258101080914;204;2,9;2;1;1
258101080914;258101081077;163;2,9;2;1;1
258101081077;258101081256;179;2,9;2;1;1
258101081256;258101081304;48;2,9;2;1;1
258101081304;258101081560;256;2,9;2;1;1
258101081560;258101081704;144;2,9;2;1;1
258101081704;258101087518;5814;2,9;2;1;1
258101087518;258101092321;4803;2,9;2;1;1
258101092321;258101096907;4586;2,9;2;1;1
258101096907;258101096933;26;2,9;2;1;1
258101096933;258101097037;104;2,9;2;1;1
258101097037;258101097405;368;2,9;2;1;1
258101097405;258101097764;359;2,9;2;1;1
258101097764;258101101045;3281;2,9;2;1;1
258101101045;258101101190;145;2,9;2;1;1
258101101190;258101101302;112;2,9;2;1;1
258101101302;258101101337;35;2,9;2;1;1
258101101337;258101101451;114;2,9;2;1;1
258101101451;258101101606;155;2,9;2;1;1
258101101606;258101101632;26;2,9;2;1;1
258101101632;258101101671;39;2,9;2;1;1
258101101950;258101108861;6911;2,9;2;1;1
258101108861;258101109098;237;2,9;2;1;1
258101109098;258101110394;1296;2,9;2;1;1
258101110394;258101122552;12158;2,9;2;1;1
258101122552;258101128200;5648;2,9;2;1;1
258101128200;258101129335;1135;2,9;2;1;1
258101129335;258101131009;1674;2,9;2;1;1
258101131009;258101131533;524;2,9;2;1;1
258101131533;258101131999;466;2,9;2;1;1
258101131999;258101133365;1366;2,9;2;1;1
258101133365;258101133741;376;2,9;2;1;1
258101133741;258101133918;177;2,9;2;1;1
258101134899;258101141515;6616;2,9;2;1;1
258101141515;258101141596;81;2,9;2;1;1
258101141596;258101143062;1466;2,9;2;1;1
258101143062;258101152165;9103;2,9;2;1;1
258101152165;258101152557;392;2,9;2;1;1
258101152557;258101155352;2795;2,9;2;1;1
258101178320;258101182458;4138;2,9;2;1;1
258101182458;258101184842;2384;2,9;2;1;1
258101184842;258101188411;3569;2,9;2;1;1
258101188411;258101190708;2297;2,9;2;1;1
258101190708;258101201611;10903;2,9;2;1;1
258101201611;258101201839;228;2,9;2;1;1
258101201839;258101202085;246;2,9;2;1;1
258101202085;258101210535;8450;2,9;2;1;1
258101210535;258101210849;314;2,9;2;1;1
258101210849;258101221004;10155;2,9;2;1;1
258101221004;258101221152;148;2,9;2;1;1
258101221152;258101241261;20109;2,9;2;1;1
258101241261;258101241272;11;2,9;2;1;1
258101241272;258101241608;336;2,9;2;1;1
258101241608;258101241648;40;2,9;2;1;1
258101241648;258101241743;95;2,9;2;1;1
258101241743;258101241785;42;2,9;2;1;1
258101241785;258101241926;141;2,9;2;1;1
258101241926;258101242076;150;2,9;2;1;1
258101242076;258101242113;37;2,9;2;1;1
258101260671;258101261145;474;2,9;2;1;1
258101261145;258101262028;883;2,9;2;1;1
258101262028;258101262114;86;2,9;2;1;1
258101262114;258101265315;3201;2,9;2;1;1
258101265315;258101265595;280;2,9;2;1;1
258101265595;258101265801;206;2,9;2;1;1
258101266442;258101266496;54;2,9;2;1;1
258101266496;258101266658;162;2,9;2;1;1
258101266658;258101269616;2958;2,9;2;1;1
258101269616;258101269881;265;2,9;2;1;1
258101269881;258101270247;366;2,9;2;1;1
258101270247;258101270272;25;2,9;2;1;1
258101270272;258101270356;84;2,9;2;1;1
258101270356;258101270400;44;2,9;2;1;1
258101270400;258101270465;65;2,9;2;1;1
258101270465;258101270603;138;2,9;2;1;1
258101270603;258101270679;76;2,9;2;1;1
258101270679;258101270704;25;2,9;2;1;1
258101270704;258101270744;40;2,9;2;1;1
258101270921;258101279359;8438;2,9;2;1;1
258101279359;258101279385;26;2,9;2;1;1
258101279385;258101279449;64;2,9;2;1;1
258101279449;258101279475;26;2,9;2;1;1
258101279475;258101279687;212;2,9;2;1;1
258101279687;258101286544;6857;2,9;2;1;1
258101286544;258101287554;1010;2,9;2;1;1
258101287554;258101287582;28;2,9;2;1;1
258101287582;258101287631;49;2,9;2;1;1
258101287631;258101287632;1;2,9;2;1;1
258101287632;258101287642;10;2,9;2;1;1
258101287642;258101287666;24;2,9;2;1;1
258101287666;258101287736;70;2,9;2;1;1
258101287736;258101288505;769;2,9;2;1;1
258101288505;258101289204;699;2,9;2;1;1
258101289204;258101291659;2455;2,9;2;1;1
258101291659;258101292151;492;2,9;2;1;1
258101292151;258101292441;290;2,9;2;1;1
258101292636;258101292750;114;2,9;2;1;1
258101292750;258101292976;226;2,9;2;1;1
258101292976;258101292993;17;2,9;2;1;1
258101292993;258101294254;1261;2,9;2;1;1
258101294254;258101294415;161;2,9;2;1;1
258101294415;258101294582;167;2,9;2;1;1
258101294582;258101294766;184;2,9;2;1;1
258101294766;258101294908;142;2,9;2;1;1
258101294908;258101294950;42;2,9;2;1;1
258101294950;258101296667;1717;2,9;2;1;1
258101296814;258101296957;143;2,9;2;1;1
258101296957;258101297349;392;2,9;2;1;1
258101297349;258101297581;232;2,9;2;1;1
258101297581;258101297586;5;2,9;2;1;1
258101297586;258101297749;163;2,9;2;1;1
258101297749;258101297926;177;2,9;2;1;1
258101297926;258101297962;36;2,9;2;1;1
258101297962;258101298140;178;2,9;2;1;1
258101298140;258101299412;1272;2,9;2;1;1
258101299412;258101299728;316;2,9;2;1;1
258101299728;258101302968;3240;2,9;2;1;1
258101302968;258101303076;108;2,9;2;1;1
258101303076;258101303391;315;2,9;2;1;1
258101303391;258101303580;189;2,9;2;1;1
258101303580;258101307003;3423;2,9;2;1;1
258101307003;258101309454;2451;2,9;2;1;1
258101309454;258101339571;30117;2,9;2;1;1
258101339571;258101342582;3011;2,9;2;1;1
258101342582;258101342608;26;2,9;2;1;1
258101342608;258101349124;6516;2,9;2;1;1
258101349124;258101349692;568;2,9;2;1;1
258101349692;258101350144;452;2,9;2;1;1
258101350144;258101350336;192;2,9;2;1;1
258101350336;258101350534;198;2,9;2;1;1
258101350534;258101350670;136;2,9;2;1;1
258101350670;258101350804;134;2,9;2;1;1
258101350804;258101350942;138;2,9;2;1;1
258101350942;258101350979;37;2,9;2;1;1
258101351120;258101352464;1344;2,9;2;1;1
258101352464;258101352578;114;2,9;2;1;1
258101352578;258101352812;234;2,9;2;1;1
258101352812;258101384900;32088;2,9;2;1;1
258101384900;258101388401;3501;2,9;2;1;1
258101388401;258101388419;18;2,9;2;1;1
258101388419;258101388462;43;2,9;2;1;1
258101388462;258101388645;183;2,9;2;1;1
258101388645;258101388927;282;2,9;2;1;1
258101388927;258101389213;286;2,9;2;1;1
258101389213;258101427940;38727;2,9;2;1;1
258101427940;258101434221;6281;2,9;2;1;1
258101434221;258101434256;35;2,9;2;1;1
258101434256;258101434324;68;2,9;2;1;1
258101434790;258101434884;94;2,9;2;1;1
258101434884;258101445252;10368;2,9;2;1;1
258101445252;258101459911;14659;2,9;2;1;1
258101459911;258101459981;70;2,9;2;1;1
258101459981;258101460008;27;2,9;2;1;1
258101460008;258101462957;2949;2,9;2;1;1
258101462957;258101463312;355;2,9;2;1;1
258101463676;258101463808;132;2,9;2;1;1
258101463808;258101471384;7576;2,9;2;1;1
258101471384;258101473666;2282;2,9;2;1;1
258101473666;258101473795;129;2,9;2;1;1
258101473795;258101476555;2760;2,9;2;1;1
258101476555;258101476758;203;2,9;2;1;1
258101476758;258101477041;283;2,9;2;1;1
258101477041;258101477322;281;2,9;2;1;1
258101477322;258101477368;46;2,9;2;1;1
258101477368;258101482573;5205;2,9;2;1;1
258101482573;258101504310;21737;2,9;2;1;1
258101504310;258101519850;15540;2,9;2;1;1
258101519850;258101530979;11129;2,9;2;1;1
258101530979;258101530987;8;2,9;2;1;1
258101530987;258101531037;50;2,9;2;1;1
258101531037;258101531087;50;2,9;2;1;1
258101531087;258101531114;27;2,9;2;1;1
258101531114;258101531168;54;2,9;2;1;1
258101531168;258101532105;937;2,9;2;1;1
258101532105;258101556992;24887;2,9;2;1;1
258101556992;258101597566;40574;2,9;2;1;1
258101597566;258101600706;3140;2,9;2;1;1
258101600706;258101600759;53;2,9;2;1;1
258101600759;258101600793;34;2,9;2;1;1
258101600793;258101604600;3807;2,9;2;1;1
258101604794;258101604862;68;2,9;2;1;1
258101604862;258101604940;78;2,9;2;1;1
258101604940;258101605035;95;2,9;2;1;1
258101605035;258101605108;73;2,9;2;1;1
258101605108;258101605202;94;2,9;2;1;1
258101605202;258101605356;154;2,9;2;1;1
258101605356;258101605450;94;2,9;2;1;1
258101605450;258101605595;145;2,9;2;1;1
258101605595;258101616550;10955;2,9;2;1;1
258101616550;258101655704;39154;2,9;2;1;1
258101655704;258101656629;925;2,9;2;1;1
258101656629;258101656659;30;2,9;2;1;1
258101656659;258101657338;679;2,9;2;1;1
258101657338;258101657383;45;2,9;2;1;1
258101657383;258101657436;53;2,9;2;1;1
258101657436;258101658724;1288;2,9;2;1;1
258101658724;258101661995;3271;2,9;2;1;1
258101661995;258101662024;29;2,9;2;1;1
258101662024;258101662048;24;2,9;2;1;1
258101662447;258101662480;33;2,9;2;1;1
258101662480;258101662666;186;2,9;2;1;1
258101662666;258101669881;7215;2,9;2;1;1
258101669881;258101670625;744;2,9;2;1;1
258101670625;258101675120;4495;2,9;2;1;1
258101675120;258101675245;125;2,9;2;1;1
258101675245;258101675397;152;2,9;2;1;1
258101675397;258101677768;2371;2,9;2;1;1
258101677768;258101680098;2330;2,9;2;1;1
258101680437;258101680837;400;2,9;2;1;1
258101680837;258101680983;146;2,9;2;1;1
258101680983;258101682840;1857;2,9;2;1;1
258101682840;258101682993;153;2,9;2;1;1
258101682993;258101683106;113;2,9;2;1;1
258101683106;258101683366;260;2,9;2;1;1
258101683366;258101683498;132;2,9;2;1;1
258101683498;258101683958;460;2,9;2;1;1
258101683958;258101686844;2886;2,9;2;1;1
258101686844;258101689754;2910;2,9;2;1;1
258101689754;258101689827;73;2,9;2;1;1
258101689827;258101689863;36;2,9;2;1;1
258101689863;258101689993;130;2,9;2;1;1
258101689993;258101690331;338;2,9;2;1;1
258101690331;258101691047;716;2,9;2;1;1
258101691047;258101725584;34537;2,9;2;1;1
258101725584;258101731821;6237;2,9;2;1;1
258101731821;258101731866;45;2,9;2;1;1
258101731866;258101731909;43;2,9;2;1;1
258101731909;258101731971;62;2,9;2;1;1
258101731971;258101732093;122;2,9;2;1;1
258101732093;258101732243;150;2,9;2;1;1
258101732243;258101732341;98;2,9;2;1;1
258101732341;258101732555;214;2,9;2;1;1
258101732555;258101732716;161;2,9;2;1;1
258101732716;258101751723;19007;2,9;2;1;1
258101751723;258101754922;3199;2,9;2;1;1
258101754922;258101754974;52;2,9;2;1;1
258101754974;258101755024;50;2,9;2;1;1
258101755024;258101755075;51;2,9;2;1;1
258101755075;258101755126;51;2,9;2;1;1
258101755126;258101765190;10064;2,9;2;1;1
258101765190;258101765241;51;2,9;2;1;1
258101765241;258101765398;157;2,9;2;1;1
258101765614;258101765659;45;2,9;2;1;1
258101765659;258101765692;33;2,9;2;1;1
258101765692;258101765861;169;2,9;2;1;1
258101765861;258101766064;203;2,9;2;1;1
258101766064;258101766920;856;2,9;2;1;1
258101766920;258101767083;163;2,9;2;1;1
258101767083;258101767248;165;2,9;2;1;1
258101767248;258101767412;164;2,9;2;1;1
258101767412;258101767577;165;2,9;2;1;1
258101767577;258101774896;7319;2,9;2;1;1
258101774896;258101777283;2387;2,9;2;1;1
258101777283;258101777510;227;2,9;2;1;1
258101777510;258101777520;10;2,9;2;1;1
258101777520;258101777651;131;2,9;2;1;1
258101777651;258101777723;72;2,9;2;1;1
258101777723;258101777810;87;2,9;2;1;1
258101777810;258101777991;181;2,9;2;1;1
258101777991;258101778210;219;2,9;2;1;1
258101778210;258101778311;101;2,9;2;1;1
258101778311;258101778471;160;2,9;2;1;1
258101778471;258101778584;113;2,9;2;1;1
258101778584;258101778869;285;2,9;2;1;1
258101778869;258101779206;337;2,9;2;1;1
258101779206;258101783184;3978;2,9;2;1;1
258101783184;258101783306;122;2,9;2;1;1
258101783306;258101783373;67;2,9;2;1;1
258101783373;258101783717;344;2,9;2;1;1
258101783717;258101786015;2298;2,9;2;1;1
258101786015;258101795721;9706;2,9;2;1;1
258101795721;258101796427;706;2,9;2;1;1
258101796636;258101796637;1;2,9;2;1;1
258101796637;258101796729;92;2,9;2;1;1
258101796729;258101796810;81;2,9;2;1;1
258101796810;258101796847;37;2,9;2;1;1
258101796847;258101797019;172;2,9;2;1;1
258101797019;258101797184;165;2,9;2;1;1
258101797184;258101797805;621;2,9;2;1;1
258101797805;258101807634;9829;2,9;2;1;1
258101807634;258101832982;25348;2,9;2;1;1
258101832982;258101833159;177;2,9;2;1;1
258101833159;258101833269;110;2,9;2;1;1
258101833269;258101833455;186;2,9;2;1;1
258101833455;258101833512;57;2,9;2;1;1
258101833512;258101834368;856;2,9;2;1;1
258101834368;258101834452;84;2,9;2;1;1
258101834452;258101834877;425;2,9;2;1;1
258101834877;258101835194;317;2,9;2;1;1
258101835194;258101835228;34;2,9;2;1;1
258101835228;258101835363;135;2,9;2;1;1
258101835363;258101835405;42;2,9;2;1;1
258101835405;258101835441;36;2,9;2;1;1
258101835441;258101835493;52;2,9;2;1;1
258101835493;258101835517;24;2,9;2;1;1
258101835517;258101835793;276;2,9;2;1;1
258101835793;258101835921;128;2,9;2;1;1
258101835921;258101836096;175;2,9;2;1;1
258101836096;258101836640;544;2,9;2;1;1
258101836640;258101840197;3557;2,9;2;1;1
258101840197;258101840278;81;2,9;2;1;1
258101840278;258101840304;26;2,9;2;1;1
258101840304;258101840444;140;2,9;2;1;1
258101840444;258101840536;92;2,9;2;1;1
258101841125;258101841195;70;2,9;2;1;1
258101841195;258101841228;33;2,9;2;1;1
258101841228;258101841272;44;2,9;2;1;1
258101841272;258101841519;247;2,9;2;1;1
258101841519;258101841573;54;2,9;2;1;1
258101841573;258101841738;165;2,9;2;1;1
258101841738;258101841924;186;2,9;2;1;1
258101841924;258101842069;145;2,9;2;1;1
258101842069;258101842218;149;2,9;2;1;1
258101842218;258101847550;5332;2,9;2;1;1
258101847550;258101848992;1442;2,9;2;1;1
258101848992;258101849136;144;2,9;2;1;1
258101849136;258101849292;156;2,9;2;1;1
258101849292;258101854714;5422;2,9;2;1;1
258101854714;258101856534;1820;2,9;2;1;1
258101856534;258101856609;75;2,9;2;1;1
258101856609;258101856695;86;2,9;2;1;1
258101856695;258101858963;2268;2,9;2;1;1
258101858963;258101859110;147;2,9;2;1;1
258101859110;258101859144;34;2,9;2;1;1
258101859144;258101859180;36;2,9;2;1;1
258101859180;258101859719;539;2,9;2;1;1
258101859719;258101861750;2031;2,9;2;1;1
258101884268;258101885031;763;2,9;2;1;1
258101885031;258101885177;146;2,9;2;1;1
258101885666;258101885948;282;2,9;2;1;1
258101886198;258101886295;97;2,9;2;1;1
258101886295;258101886335;40;2,9;2;1;1
258101886335;258101886370;35;2,9;2;1;1
258101886370;258101886425;55;2,9;2;1;1
258101886425;258101886513;88;2,9;2;1;1
258101886513;258101886636;123;2,9;2;1;1
258101886636;258101886813;177;2,9;2;1;1
258101886813;258101886960;147;2,9;2;1;1
258101886960;258101887298;338;2,9;2;1;1
258101887298;258101887561;263;2,9;2;1;1
258101887561;258101887796;235;2,9;2;1;1
258101887796;258101889515;1719;2,9;2;1;1
258101889515;258101896217;6702;2,9;2;1;1
258101896217;258101897248;1031;2,9;2;1;1
258101897248;258101900058;2810;2,9;2;1;1
258101900058;258101900469;411;2,9;2;1;1
258101900469;258101900605;136;2,9;2;1;1
258101900605;258101900921;316;2,9;2;1;1
258101900921;258101901097;176;2,9;2;1;1
258101901097;258101901478;381;2,9;2;1;1
258101901478;258101922174;20696;2,9;2;1;1
258101922174;258101924664;2490;2,9;2;1;1
258101924664;258101935459;10795;2,9;2;1;1
258101935712;258101935804;92;2,9;2;1;1
258101935804;258101936574;770;2,9;2;1;1
258101936574;258101936632;58;2,9;2;1;1
258101936632;258101936677;45;2,9;2;1;1
258101936677;258101936721;44;2,9;2;1;1
258101936721;258101936782;61;2,9;2;1;1
258101936782;258101937046;264;2,9;2;1;1
258101937046;258101938575;1529;2,9;2;1;1
258101938575;258101948994;10419;2,9;2;1;1
258101948994;258101960588;11594;2,9;2;1;1
258101960588;258101960654;66;2,9;2;1;1
258101960654;258101960674;20;2,9;2;1;1
258101961143;258101961260;117;2,9;2;1;1
258101961260;258101961497;237;2,9;2;1;1
258101961497;258101969251;7754;2,9;2;1;1
258101969251;258101969594;343;2,9;2;1;1
258101969594;258101969811;217;2,9;2;1;1
258101970499;258101971370;871;2,9;2;1;1
258101971370;258101999393;28023;2,9;2;1;1
258101999393;258102263960;264567;2,9;2;1;1
258102263960;258102273716;9756;2,9;2;1;1
258102273716;258102273768;52;2,9;2;1;1
258102273768;258102301517;27749;2,9;2;1;1
258102301517;258102302484;967;2,9;2;1;1
258102302484;258102302546;62;2,9;2;1;1
258102302546;258102302571;25;2,9;2;1;1
258102302571;258102302811;240;2,9;2;1;1
258102302811;258102302860;49;2,9;2;1;1
258102302860;258102302888;28;2,9;2;1;1
258102302888;258102303225;337;2,9;2;1;1
258102303225;258102303399;174;2,9;2;1;1
258102303399;258102303546;147;2,9;2;1;1
258102303546;258102303730;184;2,9;2;1;1
258102303730;258102350631;46901;2,9;2;1;1
258102350631;258102350870;239;2,9;2;1;1
258102350870;258102352515;1645;2,9;2;1;1
258102352515;258102353012;497;2,9;2;1;1
258102353012;258102353315;303;2,9;2;1;1
258102353315;258102353571;256;2,9;2;1;1
258102353571;258102355480;1909;2,9;2;1;1
258102355480;258102359470;3990;2,9;2;1;1
258102359470;258102359696;226;2,9;2;1;1
258102359696;258102370476;10780;2,9;2;1;1
258102370476;258102370808;332;2,9;2;1;1
258102370808;258102370977;169;2,9;2;1;1
258102370977;258102371014;37;2,9;2;1;1
258102371014;258102371032;18;2,9;2;1;1
258102371032;258102373237;2205;2,9;2;1;1
258102373237;258102373378;141;2,9;2;1;1
258102373378;258102383602;10224;2,9;2;1;1
258102383602;258102383674;72;2,9;2;1;1
258102383674;258102384024;350;2,9;2;1;1
258102384024;258102384578;554;2,9;2;1;1
258102384578;258102385003;425;2,9;2;1;1
258102385003;258102385040;37;2,9;2;1;1
258102385040;258102404196;19156;2,9;2;1;1
258102404196;258102405567;1371;2,9;2;1;1
258102405567;258102417357;11790;2,9;2;1;1
258102417357;258102417413;56;2,9;2;1;1
258102417413;258102417517;104;2,9;2;1;1
258102417517;258102417529;12;2,9;2;1;1
258102417529;258102417551;22;2,9;2;1;1
258102417551;258102417910;359;2,9;2;1;1
258102417910;258102417937;27;2,9;2;1;1
258102417937;258102418249;312;2,9;2;1;1
258102418249;258102418548;299;2,9;2;1;1
258102418548;258102418636;88;2,9;2;1;1
258102418636;258102419329;693;2,9;2;1;1
258102419329;258102421096;1767;2,9;2;1;1
258102421096;258102421147;51;2,9;2;1;1
258102421147;258102421198;51;2,9;2;1;1
258102421198;258102421249;51;2,9;2;1;1
258102421249;258102421299;50;2,9;2;1;1
258102421299;258102421349;50;2,9;2;1;1
258102421349;258102422299;950;2,9;2;1;1
258102422299;258102445423;23124;2,9;2;1;1
258102445423;258102448280;2857;2,9;2;1;1
258102448280;258102448386;106;2,9;2;1;1
258102448386;258102448416;30;2,9;2;1;1
258102448416;258102448564;148;2,9;2;1;1
258102448564;258102448586;22;2,9;2;1;1
258102449781;258102449878;97;2,9;2;1;1
258102449878;258102457634;7756;2,9;2;1;1
258102457634;258102457719;85;2,9;2;1;1
258102457719;258102457926;207;2,9;2;1;1
258102457926;258102457957;31;2,9;2;1;1
258102457957;258102458048;91;2,9;2;1;1
258102458048;258102458198;150;2,9;2;1;1
258102458198;258102460063;1865;2,9;2;1;1
258102460063;258102460137;74;2,9;2;1;1
258102460137;258102460163;26;2,9;2;1;1
258102460163;258102460223;60;2,9;2;1;1
258102460223;258102460249;26;2,9;2;1;1
258102460249;258102460739;490;2,9;2;1;1
258102460739;258102461051;312;2,9;2;1;1
258102461051;258102479292;18241;2,9;2;1;1
258102479292;258102479318;26;2,9;2;1;1
258102479318;258102479374;56;2,9;2;1;1
258102479374;258102479387;13;2,9;2;1;1
258102479387;258102479410;23;2,9;2;1;1
258102479410;258102479424;14;2,9;2;1;1
258102479424;258102479447;23;2,9;2;1;1
258102479447;258102479971;524;2,9;2;1;1
258102479971;258102484547;4576;2,9;2;1;1
258102484547;258102494912;10365;2,9;2;1;1
258102494912;258102505484;10572;2,9;2;1;1
258102505484;258102505486;2;2,9;2;1;1
258102505486;258102505565;79;2,9;2;1;1
258102505565;258102505576;11;2,9;2;1;1
258102505576;258102505641;65;2,9;2;1;1
258102505641;258102505725;84;2,9;2;1;1
258102505725;258102505774;49;2,9;2;1;1
258102505774;258102505781;7;2,9;2;1;1
258102505781;258102506094;313;2,9;2;1;1
258102506094;258102506339;245;2,9;2;1;1
258102506339;258102507194;855;2,9;2;1;1
258102507194;258102507207;13;2,9;2;1;1
258102507207;258102507458;251;2,9;2;1;1
258102507458;258102507526;68;2,9;2;1;1
258102507526;258102510285;2759;2,9;2;1;1
258102510285;258102513790;3505;2,9;2;1;1
258102513790;258102513839;49;2,9;2;1;1
258102513839;258102517021;3182;2,9;2;1;1
258102517021;258102526010;8989;2,9;2;1;1
258102526010;258102540038;14028;2,9;2;1;1
258102540038;258102557412;17374;2,9;2;1;1
258102557412;258102563145;5733;2,9;2;1;1
258102563145;258102563166;21;2,9;2;1;1
258102563166;258102563215;49;2,9;2;1;1
258102563215;258102563266;51;2,9;2;1;1
258102563266;258102563292;26;2,9;2;1;1
258102563292;258102563347;55;2,9;2;1;1
258102563347;258102570178;6831;2,9;2;1;1
258102570178;258102570960;782;2,9;2;1;1
258102570960;258102571252;292;2,9;2;1;1
258102571252;258102571654;402;2,9;2;1;1
258102571654;258102571813;159;2,9;2;1;1
258102571813;258102571956;143;2,9;2;1;1
258102571956;258102572068;112;2,9;2;1;1
258102572068;258102572099;31;2,9;2;1;1
258102572099;258102581250;9151;2,9;2;1;1
258102581250;258102585585;4335;2,9;2;1;1
258102585585;258102588687;3102;2,9;2;1;1
258102588687;258102588953;266;2,9;2;1;1
258102589244;258102589488;244;2,9;2;1;1
258102589488;258102589609;121;2,9;2;1;1
258102589609;258102589667;58;2,9;2;1;1
258102589667;258102589670;3;2,9;2;1;1
258102589670;258102589678;8;2,9;2;1;1
258102589678;258102589729;51;2,9;2;1;1
258102589729;258102589760;31;2,9;2;1;1
258102589760;258102589780;20;2,9;2;1;1
258102589780;258102589832;52;2,9;2;1;1
258102589832;258102589881;49;2,9;2;1;1
258102589881;258102590050;169;2,9;2;1;1
258102590050;258102590313;263;2,9;2;1;1
258102590313;258102590372;59;2,9;2;1;1
258102590372;258102590493;121;2,9;2;1;1
258102590493;258102590538;45;2,9;2;1;1
258102590538;258102593134;2596;2,9;2;1;1
258102593134;258102593196;62;2,9;2;1;1
258102593359;258102593478;119;2,9;2;1;1
258102593478;258102593844;366;2,9;2;1;1
258102593844;258102593961;117;2,9;2;1;1
258102593961;258102593992;31;2,9;2;1;1
258102593992;258102594202;210;2,9;2;1;1
258102594202;258102594243;41;2,9;2;1;1
258102594243;258102594306;63;2,9;2;1;1
258102594306;258102603220;8914;2,9;2;1;1
258102603220;258102605253;2033;2,9;2;1;1
258102605253;258102624949;19696;2,9;2;1;1
258102624949;258102648527;23578;2,9;2;1;1
258102648527;258102648935;408;2,9;2;1;1
258102648935;258102649132;197;2,9;2;1;1
258102649132;258102649363;231;2,9;2;1;1
258102649363;258102649406;43;2,9;2;1;1
258102649406;258102649506;100;2,9;2;1;1
258102649506;258102649549;43;2,9;2;1;1
258102649549;258102649696;147;2,9;2;1;1
258102649696;258102649844;148;2,9;2;1;1
258102649844;258102649970;126;2,9;2;1;1
258102649970;258102650042;72;2,9;2;1;1
258102650042;258102653798;3756;2,9;2;1;1
258102653960;258102654108;148;2,9;2;1;1
258102654108;258102654143;35;2,9;2;1;1
258102654143;258102654244;101;2,9;2;1;1
258102654244;258102654655;411;2,9;2;1;1
258102654655;258102654819;164;2,9;2;1;1
258102654819;258102655145;326;2,9;2;1;1
258102655145;258102655227;82;2,9;2;1;1
258102655227;258102655278;51;2,9;2;1;1
258102655278;258102663040;7762;2,9;2;1;1
258102663040;258102664684;1644;2,9;2;1;1
258102664684;258102666103;1419;2,9;2;1;1
258102666103;258102668057;1954;2,9;2;1;1
258102668057;258102668147;90;2,9;2;1;1
258102668147;258102668412;265;2,9;2;1;1
258102669007;258102669100;93;2,9;2;1;1
258102669100;258102669135;35;2,9;2;1;1
258102669135;258102669137;2;2,9;2;1;1
258102669137;258102669158;21;2,9;2;1;1
258102669158;258102669292;134;2,9;2;1;1
258102669292;258102669302;10;2,9;2;1;1
258102669302;258102670557;1255;2,9;2;1;1
258102670557;258102671515;958;2,9;2;1;1
258102671515;258102677602;6087;2,9;2;1;1
258102677602;258102689766;12164;2,9;2;1;1
258102689766;258102698194;8428;2,9;2;1;1
258102698194;258102711550;13356;2,9;2;1;1
258102711550;258102720325;8775;2,9;2;1;1
258102720325;258102721832;1507;2,9;2;1;1
258102721832;258102724860;3028;2,9;2;1;1
258102724860;258102724877;17;2,9;2;1;1
258102724877;258102725482;605;2,9;2;1;1
258102725482;258102727383;1901;2,9;2;1;1
258102727383;258102765241;37858;2,9;2;1;1
258102765241;258102765351;110;2,9;2;1;1
258102765351;258102765390;39;2,9;2;1;1
258102765390;258102765416;26;2,9;2;1;1
258102765416;258102765436;20;2,9;2;1;1
258102765436;258102765584;148;2,9;2;1;1
258102765584;258102765591;7;2,9;2;1;1
258102765591;258102765793;202;2,9;2;1;1
258102765793;258102765833;40;2,9;2;1;1
258102765833;258102767906;2073;2,9;2;1;1
258102767906;258102777990;10084;2,9;2;1;1
258102777990;258102778013;23;2,9;2;1;1
258102778013;258102792315;14302;2,9;2;1;1
258102792315;258102792352;37;2,9;2;1;1
258102792352;258102792384;32;2,9;2;1;1
258102792384;258102792448;64;2,9;2;1;1
258102792701;258102792733;32;2,9;2;1;1
258102792733;258102792792;59;2,9;2;1;1
258102792792;258102798376;5584;2,9;2;1;1
258102798376;258102800081;1705;2,9;2;1;1
258102800081;258102808752;8671;2,9;2;1;1
258102808752;258102808929;177;2,9;2;1;1
258102808929;258102811175;2246;2,9;2;1;1
258102811175;258102830384;19209;2,9;2;1;1
258102830384;258102838711;8327;2,9;2;1;1
258102838711;258102849231;10520;2,9;2;1;1
258102849231;258102849264;33;2,9;2;1;1
258102849264;258102864459;15195;2,9;2;1;1
258102864459;258102864472;13;2,9;2;1;1
258102864472;258102864495;23;2,9;2;1;1
258102864495;258102864524;29;2,9;2;1;1
258102864524;258102865125;601;2,9;2;1;1
258102865125;258102865183;58;2,9;2;1;1
258102865183;258102865474;291;2,9;2;1;1
258102865474;258102869342;3868;2,9;2;1;1
258102869342;258102869469;127;2,9;2;1;1
258102869469;258102869522;53;2,9;2;1;1
258102869522;258102869556;34;2,9;2;1;1
258102869787;258102869824;37;2,9;2;1;1
258102869824;258102869828;4;2,9;2;1;1
258102869828;258102869867;39;2,9;2;1;1
258102869867;258102869902;35;2,9;2;1;1
258102869902;258102869942;40;2,9;2;1;1
258102869942;258102869947;5;2,9;2;1;1
258102869947;258102869961;14;2,9;2;1;1
258102869961;258102870219;258;2,9;2;1;1
258102870219;258102870379;160;2,9;2;1;1
258102870379;258102870537;158;2,9;2;1;1
258102870537;258102870824;287;2,9;2;1;1
258102870824;258102871133;309;2,9;2;1;1
258102871133;258102875527;4394;2,9;2;1;1
258102941471;258102963973;22502;2,9;2;1;1
258102963973;258102966795;2822;2,9;2;1;1
258102966795;258102970513;3718;2,9;2;1;1
258102970714;258102970975;261;2,9;2;1;1
258102970975;258102971408;433;2,9;2;1;1
258102971408;258102971450;42;2,9;2;1;1
258102971450;258102971570;120;2,9;2;1;1
258102971570;258102971629;59;2,9;2;1;1
258102971629;258102971840;211;2,9;2;1;1
258102971840;258102971877;37;2,9;2;1;1
258102971877;258102971916;39;2,9;2;1;1
258102971916;258102975250;3334;2,9;2;1;1
258102975250;258102978728;3478;2,9;2;1;1
258102978728;258102979817;1089;2,9;2;1;1
258102979817;258102987935;8118;2,9;2;1;1
258102987935;258102997252;9317;2,9;2;1;1
258102997252;258103006108;8856;2,9;2;1;1
258103006108;258103006121;13;2,9;2;1;1
258103006121;258103006143;22;2,9;2;1;1
258103006143;258103006247;104;2,9;2;1;1
258103006247;258103034415;28168;2,9;2;1;1
258103034415;258103045245;10830;2,9;2;1;1
258103045245;258103045757;512;2,9;2;1;1
258103045757;258103047669;1912;2,9;2;1;1
258103047669;258103047723;54;2,9;2;1;1
258103047723;258103047738;15;2,9;2;1;1
258103047738;258103047854;116;2,9;2;1;1
258103047854;258103048088;234;2,9;2;1;1
258103048088;258103064532;16444;2,9;2;1;1
258103064532;258103065557;1025;2,9;2;1;1
258103065557;258103065989;432;2,9;2;1;1
258103065989;258103068030;2041;2,9;2;1;1
258103068030;258103068063;33;2,9;2;1;1
258103068063;258103068133;70;2,9;2;1;1
258103068133;258103071378;3245;2,9;2;1;1
258103071541;258103071756;215;2,9;2;1;1
258103071756;258103071786;30;2,9;2;1;1
258103071786;258103071844;58;2,9;2;1;1
258103071844;258103071902;58;2,9;2;1;1
258103071902;258103071946;44;2,9;2;1;1
258103071946;258103071986;40;2,9;2;1;1
258103071986;258103072023;37;2,9;2;1;1
258103072023;258103072131;108;2,9;2;1;1
258103072131;258103076205;4074;2,9;2;1;1
258103076205;258103076377;172;2,9;2;1;1
258103076377;258103076618;241;2,9;2;1;1
258103097724;258103114259;16535;2,9;2;1;1
258103114259;258103119175;4916;2,9;2;1;1
258103119175;258103124160;4985;2,9;2;1;1
258103124160;258103134122;9962;2,9;2;1;1
258103134122;258103134209;87;2,9;2;1;1
258103134209;258103137032;2823;2,9;2;1;1
258103137032;258103166703;29671;2,9;2;1;1
258103166703;258103169465;2762;2,9;2;1;1
258103169465;258103169674;209;2,9;2;1;1
258103169674;258103179644;9970;2,9;2;1;1
258103179644;258103179861;217;2,9;2;1;1
258103179861;258103179911;50;2,9;2;1;1
258103179911;258103194147;14236;2,9;2;1;1
258103194147;258103194153;6;2,9;2;1;1
258103194153;258103195112;959;2,9;2;1;1
258103195112;258103196144;1032;2,9;2;1;1
258103196144;258103198893;2749;2,9;2;1;1
258103198893;258103199100;207;2,9;2;1;1
258103199100;258103199113;13;2,9;2;1;1
258103199113;258103199274;161;2,9;2;1;1
258103199274;258103199310;36;2,9;2;1;1
258103199310;258103218888;19578;2,9;2;1;1
258103218888;258103220199;1311;2,9;2;1;1
258103220199;258103220706;507;2,9;2;1;1
258103220706;258103220904;198;2,9;2;1;1
258103220904;258103220985;81;2,9;2;1;1
258103220985;258103221069;84;2,9;2;1;1
258103221069;258103230529;9460;2,9;2;1;1
258103230529;258103231386;857;2,9;2;1;1
258103231386;258103233766;2380;2,9;2;1;1
258103233766;258103233781;15;2,9;2;1;1
258103233781;258103233856;75;2,9;2;1;1
258103233856;258103237119;3263;2,9;2;1;1
258103237119;258103237177;58;2,9;2;1;1
258103237177;258103237576;399;2,9;2;1;1
258103256868;258103258882;2014;2,9;2;1;1
258103258882;258103259075;193;2,9;2;1;1
258103259075;258103259118;43;2,9;2;1;1
258103259118;258103259186;68;2,9;2;1;1
258103259636;258103259731;95;2,9;2;1;1
258103259731;258103266890;7159;2,9;2;1;1
258103266890;258103267637;747;2,9;2;1;1
258103267637;258103282639;15002;2,9;2;1;1
258103282639;258103298424;15785;2,9;2;1;1
258103298424;258103298466;42;2,9;2;1;1
258103298466;258103298508;42;2,9;2;1;1
258103298508;258103302851;4343;2,9;2;1;1
258103303046;258103303313;267;2,9;2;1;1
258103303313;258103303491;178;2,9;2;1;1
258103303491;258103303511;20;2,9;2;1;1
258103303511;258103303662;151;2,9;2;1;1
258103303662;258103303731;69;2,9;2;1;1
258103303731;258103303895;164;2,9;2;1;1
258103303895;258103304061;166;2,9;2;1;1
258103304061;258103304225;164;2,9;2;1;1
258103304225;258103309286;5061;2,9;2;1;1
258103309286;258103309338;52;2,9;2;1;1
258103309338;258103309465;127;2,9;2;1;1
258103309465;258103310739;1274;2,9;2;1;1
258103310739;258103310809;70;2,9;2;1;1
258103310809;258103310834;25;2,9;2;1;1
258103310834;258103310908;74;2,9;2;1;1
258103310908;258103310982;74;2,9;2;1;1
258103310982;258103311067;85;2,9;2;1;1
258103311067;258103311145;78;2,9;2;1;1
258103311145;258103311238;93;2,9;2;1;1
258103311238;258103311354;116;2,9;2;1;1
258103311354;258103311448;94;2,9;2;1;1
258103311448;258103312548;1100;2,9;2;1;1
258103312548;258103312895;347;2,9;2;1;1
258103312895;258103313250;355;2,9;2;1;1
258103313250;258103313330;80;2,9;2;1;1
258103313330;258103314632;1302;2,9;2;1;1
258103314632;258103317487;2855;2,9;2;1;1
258103317487;258103317635;148;2,9;2;1;1
258103318081;258103318110;29;2,9;2;1;1
258103318110;258103318175;65;2,9;2;1;1
258103318440;258103318498;58;2,9;2;1;1
258103318498;258103318637;139;2,9;2;1;1
258103318637;258103318827;190;2,9;2;1;1
258103318827;258103318847;20;2,9;2;1;1
258103318847;258103318889;42;2,9;2;1;1
258103318889;258103319139;250;2,9;2;1;1
258103319139;258103319176;37;2,9;2;1;1
258103319176;258103319427;251;2,9;2;1;1
258103319427;258103319572;145;2,9;2;1;1
258103319572;258103325126;5554;2,9;2;1;1
258103325126;258103325669;543;2,9;2;1;1
258103325669;258103325844;175;2,9;2;1;1
258103325844;258103325875;31;2,9;2;1;1
258103325875;258103326396;521;2,9;2;1;1
258103326396;258103331764;5368;2,9;2;1;1
258103331764;258103332137;373;2,9;2;1;1
258103332137;258103332212;75;2,9;2;1;1
258103332212;258103332275;63;2,9;2;1;1
258103332275;258103333584;1309;2,9;2;1;1
258103333584;258103333597;13;2,9;2;1;1
258103333597;258103333782;185;2,9;2;1;1
258103333782;258103334388;606;2,9;2;1;1
258103334388;258103363655;29267;2,9;2;1;1
258103363655;258103367819;4164;2,9;2;1;1
258103367819;258103367840;21;2,9;2;1;1
258103367840;258103367854;14;2,9;2;1;1
258103367854;258103367895;41;2,9;2;1;1
258103367895;258103367947;52;2,9;2;1;1
258103367947;258103367997;50;2,9;2;1;1
258103367997;258103368024;27;2,9;2;1;1
258103368024;258103372852;4828;2,9;2;1;1
258103372852;258103383618;10766;2,9;2;1;1
258103383618;258103383671;53;2,9;2;1;1
258103383671;258103383707;36;2,9;2;1;1
258103383707;258103383737;30;2,9;2;1;1
258103383737;258103383756;19;2,9;2;1;1
258103383756;258103383787;31;2,9;2;1;1
258103383787;258103384446;659;2,9;2;1;1
258103384446;258103401750;17304;2,9;2;1;1
258103401750;258103402038;288;2,9;2;1;1
258103402038;258103405819;3781;2,9;2;1;1
258103405819;258103405866;47;2,9;2;1;1
258103405866;258103405906;40;2,9;2;1;1
258103406086;258103406230;144;2,9;2;1;1
258103406230;258103406299;69;2,9;2;1;1
258103406299;258103406430;131;2,9;2;1;1
258103406430;258103408509;2079;2,9;2;1;1
258103408712;258103409397;685;2,9;2;1;1
258103409397;258103409585;188;2,9;2;1;1
258103409585;258103409626;41;2,9;2;1;1
258103409626;258103409782;156;2,9;2;1;1
258103409782;258103409950;168;2,9;2;1;1
258103409950;258103410118;168;2,9;2;1;1
258103410118;258103410287;169;2,9;2;1;1
258103410287;258103410453;166;2,9;2;1;1
258103410453;258103413755;3302;2,9;2;1;1
258103413755;258103413869;114;2,9;2;1;1
258103414581;258103414802;221;2,9;2;1;1
258103414802;258103414926;124;2,9;2;1;1
258103414926;258103416563;1637;2,9;2;1;1
258103416563;258103420517;3954;2,9;2;1;1
258103420517;258103424413;3896;2,9;2;1;1
258103424413;258103429691;5278;2,9;2;1;1
258103429691;258103429724;33;2,9;2;1;1
258103429724;258103429804;80;2,9;2;1;1
258103429804;258103440846;11042;2,9;2;1;1
258103440846;258103442688;1842;2,9;2;1;1
258103442688;258103442738;50;2,9;2;1;1
258103442738;258103442788;50;2,9;2;1;1
258103442788;258103442823;35;2,9;2;1;1
258103442823;258103442845;22;2,9;2;1;1
258103442845;258103444104;1259;2,9;2;1;1
258103444104;258103445086;982;2,9;2;1;1
258103445086;258103445391;305;2,9;2;1;1
258103445391;258103450588;5197;2,9;2;1;1
258103450947;258103450968;21;2,9;2;1;1
258103450968;258103451134;166;2,9;2;1;1
258103451134;258103451317;183;2,9;2;1;1
258103451317;258103451356;39;2,9;2;1;1
258103451356;258103451578;222;2,9;2;1;1
258103451578;258103451600;22;2,9;2;1;1
258103451600;258103455082;3482;2,9;2;1;1
258103455082;258103455290;208;2,9;2;1;1
258103455290;258103455780;490;2,9;2;1;1
258103455780;258103455913;133;2,9;2;1;1
258103455913;258103455970;57;2,9;2;1;1
258103455970;258103455989;19;2,9;2;1;1
258103455989;258103456067;78;2,9;2;1;1
258103456067;258103456198;131;2,9;2;1;1
258103456198;258103456245;47;2,9;2;1;1
258103456245;258103456303;58;2,9;2;1;1
258103456303;258103456353;50;2,9;2;1;1
258103456353;258103456407;54;2,9;2;1;1
258103456407;258103456467;60;2,9;2;1;1
258103456467;258103456606;139;2,9;2;1;1
258103456606;258103456806;200;2,9;2;1;1
258103456806;258103457242;436;2,9;2;1;1
258103457242;258103457277;35;2,9;2;1;1
258103457277;258103471257;13980;2,9;2;1;1
258103471257;258103493025;21768;2,9;2;1;1
258103493025;258103495550;2525;2,9;2;1;1
258103495550;258103497023;1473;2,9;2;1;1
258103497023;258103509583;12560;2,9;2;1;1
258103509583;258103513367;3784;2,9;2;1;1
258103513367;258103513555;188;2,9;2;1;1
258103513555;258103514069;514;2,9;2;1;1
258103514069;258103514766;697;2,9;2;1;1
258103514766;258103516672;1906;2,9;2;1;1
258103516672;258103516680;8;2,9;2;1;1
258103516680;258103516736;56;2,9;2;1;1
258103516736;258103516789;53;2,9;2;1;1
258103516789;258103517888;1099;2,9;2;1;1
258103517888;258103518248;360;2,9;2;1;1
258103518248;258103518415;167;2,9;2;1;1
258103518415;258103518689;274;2,9;2;1;1
258103518689;258103520043;1354;2,9;2;1;1
258103520217;258103520575;358;2,9;2;1;1
258103520575;258103520620;45;2,9;2;1;1
258103520620;258103520736;116;2,9;2;1;1
258103520736;258103520743;7;2,9;2;1;1
258103520743;258103520810;67;2,9;2;1;1
258103520810;258103520910;100;2,9;2;1;1
258103520910;258103520961;51;2,9;2;1;1
258103520961;258103521217;256;2,9;2;1;1
258103521217;258103522265;1048;2,9;2;1;1
258103522474;258103522496;22;2,9;2;1;1
258103522496;258103522532;36;2,9;2;1;1
258103522532;258103522652;120;2,9;2;1;1
258103522652;258103522999;347;2,9;2;1;1
258103522999;258103523238;239;2,9;2;1;1
258103523238;258103523402;164;2,9;2;1;1
258103523402;258103523570;168;2,9;2;1;1
258103523570;258103523735;165;2,9;2;1;1
258103523735;258103530213;6478;2,9;2;1;1
258103530213;258103533563;3350;2,9;2;1;1
258103533563;258103538065;4502;2,9;2;1;1
258103538065;258103540683;2618;2,9;2;1;1
258103540683;258103540795;112;2,9;2;1;1
258103541223;258103541302;79;2,9;2;1;1
258103541302;258103541307;5;2,9;2;1;1
258103541307;258103541482;175;2,9;2;1;1
258103541482;258103546441;4959;2,9;2;1;1
258103546441;258103546501;60;2,9;2;1;1
258103546501;258103546545;44;2,9;2;1;1
258103546545;258103547125;580;2,9;2;1;1
258103547125;258103548849;1724;2,9;2;1;1
258103548849;258103548887;38;2,9;2;1;1
258103548887;258103549749;862;2,9;2;1;1
258103549749;258103550221;472;2,9;2;1;1
258103550221;258103550258;37;2,9;2;1;1
258103550258;258103554984;4726;2,9;2;1;1
258103554984;258103587332;32348;2,9;2;1;1
258103587332;258103597511;10179;2,9;2;1;1
258103597511;258103597534;23;2,9;2;1;1
258103597534;258103611259;13725;2,9;2;1;1
258103611259;258103611502;243;2,9;2;1;1
258103611502;258103625324;13822;2,9;2;1;1
258103625324;258103625608;284;2,9;2;1;1
258103625608;258103632456;6848;2,9;2;1;1
258103632456;258103637701;5245;2,9;2;1;1
258103637701;258103638054;353;2,9;2;1;1
258103638054;258103638430;376;2,9;2;1;1
258103638430;258103638577;147;2,9;2;1;1
258103638577;258103638715;138;2,9;2;1;1
258103638715;258103638849;134;2,9;2;1;1
258103638849;258103638984;135;2,9;2;1;1
258103638984;258103639120;136;2,9;2;1;1
258103639120;258103639156;36;2,9;2;1;1
258103639297;258103642239;2942;2,9;2;1;1
258103642239;258103642309;70;2,9;2;1;1
258103642309;258103661524;19215;2,9;2;1;1
258103661524;258103673124;11600;2,9;2;1;1
258103673124;258103686695;13571;2,9;2;1;1
258103686695;258103686715;20;2,9;2;1;1
258103686715;258103686731;16;2,9;2;1;1
258103686731;258103686989;258;2,9;2;1;1
258103686989;258103687251;262;2,9;2;1;1
258103687251;258103687755;504;2,9;2;1;1
258103687755;258103694623;6868;2,9;2;1;1
258103694623;258103696102;1479;2,9;2;1;1
258103696102;258103696152;50;2,9;2;1;1
258103696152;258103696201;49;2,9;2;1;1
258103696201;258103696210;9;2,9;2;1;1
258103696210;258103696261;51;2,9;2;1;1
258103696261;258103696287;26;2,9;2;1;1
258103696287;258103700483;4196;2,9;2;1;1
258103700635;258103700777;142;2,9;2;1;1
258103700777;258103700810;33;2,9;2;1;1
258103700810;258103700915;105;2,9;2;1;1
258103700915;258103700938;23;2,9;2;1;1
258103700938;258103701119;181;2,9;2;1;1
258103701119;258103701159;40;2,9;2;1;1
258103701159;258103701314;155;2,9;2;1;1
258103701314;258103703643;2329;2,9;2;1;1
258103703643;258103704278;635;2,9;2;1;1
258103704278;258103704716;438;2,9;2;1;1
258103704716;258103705441;725;2,9;2;1;1
258103705441;258103705460;19;2,9;2;1;1
258103727357;258103727793;436;2,9;2;1;1
258103727793;258103728531;738;2,9;2;1;1
258103728531;258103728603;72;2,9;2;1;1
258103728603;258103728797;194;2,9;2;1;1
258103728797;258103728884;87;2,9;2;1;1
258103728884;258103728898;14;2,9;2;1;1
258103728898;258103728940;42;2,9;2;1;1
258103729111;258103729145;34;2,9;2;1;1
258103729145;258103729243;98;2,9;2;1;1
258103729243;258103729305;62;2,9;2;1;1
258103729305;258103729461;156;2,9;2;1;1
258103729461;258103732875;3414;2,9;2;1;1
258103733246;258103733283;37;2,9;2;1;1
258103733283;258103733285;2;2,9;2;1;1
258103733285;258103733426;141;2,9;2;1;1
258103733426;258103733562;136;2,9;2;1;1
258103733562;258103733600;38;2,9;2;1;1
258103733600;258103733700;100;2,9;2;1;1
258103733700;258103740763;7063;2,9;2;1;1
258103740763;258103743203;2440;2,9;2;1;1
258103743203;258103764462;21259;2,9;2;1;1
258103764462;258103775814;11352;2,9;2;1;1
258103775814;258103776008;194;2,9;2;1;1
258103776008;258103776066;58;2,9;2;1;1
258103776066;258103776158;92;2,9;2;1;1
258103776158;258103776749;591;2,9;2;1;1
258103776749;258103776783;34;2,9;2;1;1
258103776783;258103776786;3;2,9;2;1;1
258103776786;258103776823;37;2,9;2;1;1
258103776963;258103777053;90;2,9;2;1;1
258103777053;258103777411;358;2,9;2;1;1
258103777411;258103777558;147;2,9;2;1;1
258103777558;258103777706;148;2,9;2;1;1
258103777706;258103777897;191;2,9;2;1;1
258103777897;258103778043;146;2,9;2;1;1
258103778043;258103790466;12423;2,9;2;1;1
258103790466;258103800024;9558;2,9;2;1;1
258103800024;258103808749;8725;2,9;2;1;1
258103808749;258103808886;137;2,9;2;1;1
258103808886;258103809023;137;2,9;2;1;1
258103809023;258103809150;127;2,9;2;1;1
258103809150;258103809273;123;2,9;2;1;1
258103809273;258103809773;500;2,9;2;1;1
258103809773;258103810313;540;2,9;2;1;1
258103810313;258103810609;296;2,9;2;1;1
258103810609;258103811293;684;9;1;1;1
258103811293;258103811319;26;9;1;1;1
258103811319;258103811373;54;9;1;1;1
258103811373;258103814846;3473;9;1;1;1
258103814846;258103814862;16;9;1;1;1
258103814862;258103814899;37;9;1;1;1
258103815182;258103815195;13;9;1;1;1
258103815195;258103815773;578;9;1;1;1
258103815942;258103816152;210;9;1;1;1
258103816152;258103816299;147;9;1;1;1
258103816299;258103816318;19;9;1;1;1
258103816318;258103816336;18;9;1;1;1
258103816336;258103816442;106;9;1;1;1
258103816442;258103816477;35;9;1;1;1
258103816477;258103816649;172;9;1;1;1
258103816649;258103816864;215;9;1;1;1
258103816864;258103824779;7915;9;1;1;1
258103824779;258103836768;11989;9;1;1;1
258103836768;258103881318;44550;9;1;1;1
258103881318;258103881535;217;9;1;1;1
258103881535;258103883038;1503;9;1;1;1
258103883038;258103884108;1070;9;1;1;1
258103884108;258103884544;436;9;1;1;1
258103884544;258103884915;371;9;1;1;1
258103884915;258103884943;28;9;1;1;1
258103884943;258103885081;138;9;1;1;1
258103885081;258103890442;5361;9;1;1;1
258103890442;258103892474;2032;9;1;1;1
258103892474;258103892920;446;9;1;1;1
258103892920;258103906770;13850;9;1;1;1
258103906770;258103940298;33528;9;1;1;1
258103940298;258103940443;145;9;1;1;1
258103940443;258103940460;17;9;1;1;1
258103940460;258103940468;8;9;1;1;1
258103940468;258103940573;105;9;1;1;1
258103940573;258103940783;210;9;1;1;1
258103940783;258103940930;147;9;1;1;1
258103940930;258103941089;159;9;1;1;1
258103941089;258103968722;27633;9;1;1;1
258103968722;258103978080;9358;9;1;1;1
258103978080;258103979811;1731;9;1;1;1
258103979811;258103979861;50;9;1;1;1
258103979861;258103979911;50;9;1;1;1
258103979911;258103980667;756;9;1;1;1
258103980667;258103982928;2261;9;1;1;1
258103982928;258103983000;72;9;1;1;1
258103983000;258103983042;42;9;1;1;1
258103983042;258103987989;4947;9;1;1;1
258103987989;258103988039;50;9;1;1;1
258103988039;258103988101;62;9;1;1;1
258103988101;258103988112;11;9;1;1;1
258103988112;258103988136;24;9;1;1;1
258103988136;258103992080;3944;9;1;1;1
258103992080;258104026958;34878;9;1;1;1
258104026958;258104030497;3539;9;1;1;1
258104030497;258104030556;59;9;1;1;1
258104030556;258104030704;148;9;1;1;1
258104030704;258104030951;247;9;1;1;1
258104030951;258104030989;38;9;1;1;1
258104030989;258104031007;18;9;1;1;1
258104031527;258104039563;8036;9;1;1;1
258104039563;258104042181;2618;9;1;1;1
258104042181;258104042285;104;9;1;1;1
258104042285;258104042504;219;9;1;1;1
258104042504;258104042530;26;9;1;1;1
258104042530;258104044232;1702;9;1;1;1
258104044232;258104044543;311;9;1;1;1
258104044543;258104044579;36;9;1;1;1
258104044579;258104044803;224;9;1;1;1
258104044803;258104072206;27403;9;1;1;1
258104072206;258104081651;9445;9;1;1;1
258104081651;258104081809;158;9;1;1;1
258104081809;258104081860;51;9;1;1;1
258104081860;258104081869;9;9;1;1;1
258104081869;258104119302;37433;9;1;1;1
258104119302;258104129988;10686;9;1;1;1
258104129988;258104130075;87;9;1;1;1
258104130075;258104130143;68;9;1;1;1
258104130143;258104130216;73;9;1;1;1
258104130216;258104130284;68;9;1;1;1
258104130284;258104130335;51;9;1;1;1
258104130335;258104131697;1362;9;1;1;1
258104131697;258104134363;2666;9;1;1;1
258104134363;258104134465;102;9;1;1;1
258104134465;258104134601;136;9;1;1;1
258104134601;258104134779;178;9;1;1;1
258104134779;258104134858;79;9;1;1;1
258104134858;258104134953;95;9;1;1;1
258104134953;258104149948;14995;9;1;1;1
258104149948;258104150056;108;9;1;1;1
258104150056;258104172257;22201;9;1;1;1
258104172257;258104212361;40104;9;1;1;1
258104212361;258104226089;13728;9;1;1;1
258104226089;258104234798;8709;9;1;1;1
258104234798;258104235021;223;9;1;1;1
258104235021;258104235063;42;9;1;1;1
258104235063;258104235097;34;9;1;1;1
258104235097;258104235379;282;9;1;1;1
258104235379;258104273039;37660;9;1;1;1
258104273039;258104304863;31824;9;1;1;1
258104304863;258104338397;33534;9;1;1;1
258104338397;258104339030;633;9;1;1;1
258104339030;258104340000;970;9;1;1;1
258104340000;258104364388;24388;9;1;1;1
258104364388;258104364417;29;9;1;1;1
258104364417;258104364462;45;9;1;1;1
258104364462;258104364561;99;9;1;1;1
258104364561;258104364591;30;9;1;1;1
258104364591;258104364603;12;9;1;1;1
258104364603;258104364621;18;9;1;1;1
258104364621;258104364748;127;9;1;1;1
258104364748;258104364782;34;9;1;1;1
258104364782;258104373828;9046;9;1;1;1
258104373828;258104377034;3206;9;1;1;1
258104377034;258104377049;15;9;1;1;1
258104377049;258104377065;16;9;1;1;1
258104377496;258104377572;76;9;1;1;1
258104377572;258104377602;30;9;1;1;1
258104377602;258104377632;30;9;1;1;1
258104377632;258104377634;2;9;1;1;1
258104377634;258104377731;97;9;1;1;1
258104377731;258104377813;82;9;1;1;1
258104377813;258104377845;32;9;1;1;1
258104377845;258104377985;140;9;1;1;1
258104377985;258104378022;37;9;1;1;1
258104378022;258104381008;2986;9;1;1;1
258104381316;258104381354;38;9;1;1;1
258104381354;258104381421;67;9;1;1;1
258104381421;258104381905;484;9;1;1;1
258104381905;258104381943;38;9;1;1;1
258104381943;258104384309;2366;9;1;1;1
258104384309;258104384348;39;9;1;1;1
258104384647;258104384745;98;9;1;1;1
258104384745;258104384890;145;9;1;1;1
258104384890;258104384983;93;9;1;1;1
258104384983;258104385019;36;9;1;1;1
258104385019;258104385055;36;9;1;1;1
258104385055;258104385839;784;9;1;1;1
258104385839;258104395229;9390;9;1;1;1
258104395229;258104396401;1172;9;1;1;1
258104396401;258104396500;99;9;1;1;1
258104396500;258104399890;3390;9;1;1;1
258104399890;258104400247;357;9;1;1;1
258104400247;258104401527;1280;9;1;1;1
258104401527;258104401578;51;9;1;1;1
258104401578;258104401670;92;9;1;1;1
258104401670;258104403026;1356;9;1;1;1
258104403026;258104406612;3586;9;1;1;1
258104406612;258104406808;196;9;1;1;1
258104406808;258104406816;8;9;1;1;1
258104406816;258104406868;52;9;1;1;1
258104406868;258104406918;50;9;1;1;1
258104406918;258104406970;52;9;1;1;1
258104406970;258104407021;51;9;1;1;1
258104407021;258104407332;311;9;1;1;1
258104407332;258104408430;1098;9;1;1;1
258104408430;258104411162;2732;9;1;1;1
258104411162;258104439286;28124;9;1;1;1
258104439286;258104449703;10417;9;1;1;1
258104449703;258104450010;307;9;1;1;1
258104450010;258104500468;50458;9;1;1;1
258104500468;258104500606;138;9;1;1;1
258104500606;258104500627;21;9;1;1;1
258104500627;258104500816;189;9;1;1;1
258104500816;258104500844;28;9;1;1;1
258104500844;258104500962;118;9;1;1;1
258104500962;258104501008;46;9;1;1;1
258104501008;258104501164;156;9;1;1;1
258104501164;258104501238;74;9;1;1;1
258104501238;258104501290;52;9;1;1;1
258104501290;258104501377;87;9;1;1;1
258104501377;258104501678;301;9;1;1;1
258104501678;258104502419;741;9;1;1;1
258104502419;258104502896;477;9;1;1;1
258104502896;258104503076;180;9;1;1;1
258104503076;258104504156;1080;9;1;1;1
258104504156;258104504214;58;9;1;1;1
258104504214;258104508589;4375;9;1;1;1
258104508797;258104508802;5;9;1;1;1
258104508802;258104509007;205;9;1;1;1
258104509007;258104509043;36;9;1;1;1
258104509043;258104509073;30;9;1;1;1
258104509073;258104509372;299;9;1;1;1
258104509372;258104509899;527;9;1;1;1
258104509899;258104511405;1506;9;1;1;1
258104511405;258104511514;109;9;1;1;1
258104511514;258104512016;502;9;1;1;1
258104512016;258104514622;2606;9;1;1;1
258104514622;258104514707;85;9;1;1;1
258104514707;258104515784;1077;9;1;1;1
258104515784;258104515953;169;9;1;1;1
258104516142;258104516149;7;9;1;1;1
258104516149;258104516174;25;9;1;1;1
258104516174;258104516273;99;9;1;1;1
258104516273;258104516346;73;9;1;1;1
258104516346;258104516394;48;9;1;1;1
258104516394;258104516405;11;9;1;1;1
258104516405;258104516430;25;9;1;1;1
258104516430;258104516475;45;9;1;1;1
258104516475;258104516758;283;9;1;1;1
258104516758;258104516803;45;9;1;1;1
258104516803;258104517051;248;9;1;1;1
258104517051;258104517485;434;9;1;1;1
258104517485;258104517542;57;9;1;1;1
258104517542;258104518453;911;9;1;1;1
258104518453;258104518470;17;9;1;1;1
258104518675;258104518859;184;9;1;1;1
258104518859;258104518905;46;9;1;1;1
258104518905;258104519001;96;9;1;1;1
258104519001;258104519129;128;9;1;1;1
258104519129;258104519350;221;9;1;1;1
258104519350;258104519520;170;9;1;1;1
258104519520;258104519698;178;9;1;1;1
258104519698;258104530259;10561;9;1;1;1
258104530259;258104533504;3245;9;1;1;1
258104533504;258104538500;4996;9;1;1;1
258104538500;258104546407;7907;9;1;1;1
258104546407;258104551025;4618;9;1;1;1
258104551025;258104557281;6256;9;1;1;1
258104557281;258104558753;1472;9;1;1;1
258104558753;258104558804;51;9;1;1;1
258104558804;258104558829;25;9;1;1;1
258104558829;258104558885;56;9;1;1;1
258104558885;258104558897;12;9;1;1;1
258104558897;258104558920;23;9;1;1;1
258104558920;258104559643;723;9;1;1;1
258104559643;258104561886;2243;9;1;1;1
258104561886;258104561937;51;9;1;1;1
258104561937;258104578847;16910;9;1;1;1
258104578847;258104578873;26;9;1;1;1
258104578873;258104579242;369;9;1;1;1
258104579242;258104579508;266;9;1;1;1
258104579508;258104579524;16;9;1;1;1
258104579524;258104579683;159;9;1;1;1
258104579683;258104579752;69;9;1;1;1
258104579752;258104579791;39;9;1;1;1
258104579791;258104607053;27262;9;1;1;1
258104607053;258104607438;385;9;1;1;1
258104607438;258104607696;258;9;1;1;1
258104607696;258104607822;126;9;1;1;1
258104607822;258104607870;48;9;1;1;1
258104607870;258104607899;29;9;1;1;1
258104624056;258104633099;9043;9;1;1;1
258104633099;258104653714;20615;9;1;1;1
258104653714;258104655433;1719;9;1;1;1
258104655433;258104666137;10704;9;1;1;1
258104666137;258104666151;14;9;1;1;1
258104666151;258104666202;51;9;1;1;1
258104666202;258104666210;8;9;1;1;1
258104666210;258104666238;28;9;1;1;1
258104666238;258104672558;6320;9;1;1;1
258104672558;258104672849;291;9;1;1;1
258104752198;258104769304;17106;9;1;1;1
258104769304;258104769489;185;9;1;1;1
258104769489;258104769653;164;9;1;1;1
258104769653;258104769999;346;9;1;1;1
258104769999;258104773129;3130;9;1;1;1
258104773129;258104773444;315;9;1;1;1
258104773625;258104774127;502;9;1;1;1
258104774127;258104774164;37;9;1;1;1
258104774164;258104774546;382;9;1;1;1
258104774546;258104774696;150;9;1;1;1
258104774696;258104774922;226;9;1;1;1
258104774922;258104775119;197;9;1;1;1
258104775119;258104775321;202;9;1;1;1
258104775321;258104775390;69;9;1;1;1
258104775919;258104775954;35;9;1;1;1
258104776176;258104776309;133;9;1;1;1
258104776309;258104776628;319;9;1;1;1
258104776628;258104776693;65;9;1;1;1
258104776693;258104776756;63;9;1;1;1
258104776756;258104776787;31;9;1;1;1
258104776787;258104776831;44;9;1;1;1
258104776831;258104777095;264;9;1;1;1
258104777095;258104780532;3437;9;1;1;1
258104780735;258104780770;35;9;1;1;1
258104780770;258104780806;36;9;1;1;1
258104780806;258104780828;22;9;1;1;1
258104780828;258104781015;187;9;1;1;1
258104781015;258104781180;165;9;1;1;1
258104781180;258104781429;249;9;1;1;1
258104781429;258104781577;148;9;1;1;1
258104781577;258104781722;145;9;1;1;1
258104781722;258104782384;662;9;1;1;1
258104782384;258104785745;3361;9;1;1;1
258104785745;258104786062;317;9;1;1;1
258104786062;258104789269;3207;9;1;1;1
258104789269;258104796943;7674;9;1;1;1
258104796943;258104801454;4511;9;1;1;1
258104801454;258104809141;7687;9;1;1;1
258104859505;258104864224;4719;9;1;1;1
258104864224;258104868839;4615;9;1;1;1
258104868839;258104873214;4375;9;1;1;1
258104873214;258104873435;221;9;1;1;1
258104873435;258104878834;5399;9;1;1;1
258104878834;258104878899;65;9;1;1;1
258104878899;258104878931;32;9;1;1;1
258104878931;258104904150;25219;9;1;1;1
258104904150;258104908634;4484;9;1;1;1
258104908634;258104908706;72;9;1;1;1
258104908706;258104908740;34;9;1;1;1
258104908740;258104908907;167;9;1;1;1
258104908907;258104921762;12855;9;1;1;1
258104948381;258104951385;3004;9;1;1;1
258104951385;258104951653;268;9;1;1;1
258104951653;258104951682;29;9;1;1;1
258104951682;258104951915;233;9;1;1;1
258104951915;258104952053;138;9;1;1;1
258104952053;258104956821;4768;9;1;1;1
258104956821;258104957091;270;9;1;1;1
258104957091;258104957124;33;9;1;1;1
258104958054;258104961479;3425;9;1;1;1
258104961479;258104961665;186;9;1;1;1
258104961665;258104961896;231;9;1;1;1
258104961896;258104962072;176;9;1;1;1
258104962072;258104962340;268;9;1;1;1
258104962340;258104962672;332;9;1;1;1
258104962672;258104962879;207;9;1;1;1
258104962879;258104962955;76;9;1;1;1
258104962955;258104962981;26;9;1;1;1
258104963299;258104963652;353;9;1;1;1
258104963652;258104963701;49;9;1;1;1
258104963701;258104964452;751;9;1;1;1
258104964452;258104964514;62;9;1;1;1
258104964514;258104965117;603;9;1;1;1
258104965117;258104965147;30;9;1;1;1
258104965147;258104965271;124;9;1;1;1
258104965271;258104967105;1834;9;1;1;1
258104967105;258104970148;3043;9;1;1;1
258104970148;258104974372;4224;9;1;1;1
258104982429;258104986177;3748;9;1;1;1
258104986177;258104986240;63;9;1;1;1
258104986240;258104986251;11;9;1;1;1
258104986251;258104986275;24;9;1;1;1
258104986275;258104986853;578;9;1;1;1
258104986853;258104988242;1389;9;1;1;1
258104989452;258104990628;1176;9;1;1;1
258105005277;258105005779;502;9;1;1;1
258105006485;258105031978;25493;9;1;1;1
258105031978;258105041696;9718;9;1;1;1
258105041696;258105041913;217;9;1;1;1
258105041913;258105045623;3710;9;1;1;1
258105045623;258105045899;276;9;1;1;1
258105045899;258105045935;36;9;1;1;1
258105045935;258105046295;360;9;1;1;1
258105046295;258105046329;34;9;1;1;1
258105088863;258105089133;270;9;1;1;1
258105089133;258105089163;30;9;1;1;1
258105089163;258105089273;110;9;1;1;1
258105089273;258105089385;112;9;1;1;1
258105089385;258105089522;137;9;1;1;1
258105089522;258105089910;388;9;1;1;1
258105089910;258105092235;2325;9;1;1;1
258105092235;258105092254;19;9;1;1;1
258105092505;258105092532;27;9;1;1;1
258105092532;258105092566;34;9;1;1;1
258105092566;258105092763;197;9;1;1;1
258105092763;258105092769;6;9;1;1;1
258105092769;258105092883;114;9;1;1;1
258105093668;258105093761;93;9;1;1;1
258105093761;258105093881;120;9;1;1;1
258105093881;258105094001;120;9;1;1;1
258105094001;258105094476;475;9;1;1;1
258105094476;258105098304;3828;9;1;1;1
258105098304;258105098788;484;9;1;1;1
258105098788;258105103526;4738;9;1;1;1
258105103526;258105103859;333;9;1;1;1
258105103859;258105104174;315;9;1;1;1
258105104174;258105104225;51;9;1;1;1
258105104225;258105104275;50;9;1;1;1
258105104275;258105104348;73;9;1;1;1
258105104348;258105104358;10;9;1;1;1
258105104358;258105104374;16;9;1;1;1
258105104374;258105104436;62;9;1;1;1
258105104436;258105104443;7;9;1;1;1
258105104443;258105105465;1022;9;1;1;1
258105105465;258105107381;1916;9;1;1;1
258105107381;258105107719;338;9;1;1;1
258105107719;258105107772;53;9;1;1;1
258105107772;258105107808;36;9;1;1;1
258105107808;258105109413;1605;9;1;1;1
258105109413;258105115829;6416;9;1;1;1
258105115829;258105116467;638;9;1;1;1
258105116467;258105116965;498;9;1;1;1
258105116965;258105116973;8;9;1;1;1
258105116973;258105117055;82;9;1;1;1
258105117055;258105117277;222;9;1;1;1
258105117277;258105117348;71;9;1;1;1
258105117348;258105118020;672;9;1;1;1
258105118020;258105120738;2718;9;1;1;1
258105120738;258105120927;189;9;1;1;1
258105120927;258105121064;137;9;1;1;1
258105121064;258105121130;66;9;1;1;1
258105121130;258105121515;385;9;1;1;1
258105121515;258105124350;2835;9;1;1;1
258105124350;258105126631;2281;9;1;1;1
258105126631;258105127209;578;9;1;1;1
258105127209;258105127383;174;9;1;1;1
258105127383;258105128668;1285;9;1;1;1
258105128668;258105129592;924;9;1;1;1
258105129592;258105138689;9097;9;1;1;1
258105138689;258105139307;618;9;1;1;1
258105139307;258105140048;741;9;1;1;1
258105140048;258105141076;1028;9;1;1;1
258105197373;258105198105;732;9;1;1;1
258105198105;258105198191;86;9;1;1;1
258105198191;258105198225;34;9;1;1;1
258105198225;258105198432;207;9;1;1;1
258105198432;258105198498;66;9;1;1;1
258105198498;258105205384;6886;9;1;1;1
258105205778;258105205936;158;9;1;1;1
258105205936;258105206342;406;9;1;1;1
258105206342;258105206556;214;9;1;1;1
258105206556;258105206682;126;9;1;1;1
258105206682;258105206724;42;9;1;1;1
258105206724;258105206753;29;9;1;1;1
258105206753;258105206897;144;9;1;1;1
258105206897;258105207230;333;9;1;1;1
258105207230;258105208569;1339;9;1;1;1
258105208569;258105208679;110;9;1;1;1
258105208679;258105212078;3399;9;1;1;1
258105212078;258105214313;2235;9;1;1;1
258105214313;258105214363;50;9;1;1;1
258105214363;258105214376;13;9;1;1;1
258105214376;258105214396;20;9;1;1;1
258105214396;258105214564;168;9;1;1;1
258105214564;258105214999;435;9;1;1;1
258105214999;258105218206;3207;9;1;1;1
258105218577;258105218728;151;9;1;1;1
258105218728;258105218895;167;9;1;1;1
258105218895;258105219071;176;9;1;1;1
258105219071;258105219570;499;9;1;1;1
258105219570;258105228707;9137;9;1;1;1
258105228707;258105229035;328;9;1;1;1
258105229035;258105229755;720;9;1;1;1
258105229755;258105240428;10673;9;1;1;1
258105240428;258105251947;11519;9;1;1;1
258105251947;258105256214;4267;9;1;1;1
258105320197;258105332772;12575;9;1;1;1
258105401814;258105413494;11680;9;1;1;1
258105413494;258105413947;453;9;1;1;1
258105413947;258105417157;3210;9;1;1;1
258105417157;258105417500;343;9;1;1;1
258105417500;258105417566;66;9;1;1;1
258105417566;258105417900;334;9;1;1;1
258105417900;258105417934;34;9;1;1;1
258105417934;258105418041;107;9;1;1;1
258105418288;258105418318;30;9;1;1;1
258105418318;258105418420;102;9;1;1;1
258105418420;258105423593;5173;9;1;1;1
258105423593;258105423692;99;9;1;1;1
258105423692;258105423701;9;9;1;1;1
258105423701;258105423929;228;9;1;1;1
258105423929;258105424316;387;9;1;1;1
258105424316;258105424993;677;9;1;1;1
258105424993;258105428580;3587;9;1;1;1
258105428580;258105428600;20;9;1;1;1
258105428600;258105428887;287;9;1;1;1
258105428887;258105429664;777;9;1;1;1
258105430022;258105430480;458;9;1;1;1
258105430480;258105430672;192;9;1;1;1
258105430672;258105430936;264;9;1;1;1
258105430936;258105431149;213;9;1;1;1
258105431149;258105431249;100;9;1;1;1
258105431249;258105431869;620;9;1;1;1
258105431869;258105432349;480;9;1;1;1
258105432349;258105432385;36;9;1;1;1
258105432385;258105433712;1327;9;1;1;1
258105484772;258105486607;1835;9;1;1;1
258105486607;258105486903;296;9;1;1;1
258105486903;258105512886;25983;9;1;1;1
258105512886;258105513140;254;9;1;1;1
258105513140;258105513191;51;9;1;1;1
258105513191;258105513217;26;9;1;1;1
258105513217;258105513240;23;9;1;1;1
258105513240;258105513618;378;9;1;1;1
258105513618;258105514740;1122;9;1;1;1
258105514740;258105514756;16;9;1;1;1
258105514756;258105516407;1651;9;1;1;1
258105516407;258105526929;10522;9;1;1;1
258105526929;258105533261;6332;9;1;1;1
258105533261;258105537465;4204;9;1;1;1
258105537465;258105537710;245;9;1;1;1
258105537710;258105538015;305;9;1;1;1
258105538015;258105538445;430;9;1;1;1
258105538445;258105538474;29;9;1;1;1
258105538474;258105542005;3531;9;1;1;1
258105542309;258105542491;182;9;1;1;1
258105542491;258105542659;168;9;1;1;1
258105542659;258105542688;29;9;1;1;1
258105542688;258105542732;44;9;1;1;1
258105542732;258105542847;115;9;1;1;1
258105542847;258105550539;7692;9;1;1;1
258105550539;258105551426;887;9;1;1;1
258105600516;258105600537;21;9;1;1;1
258105600537;258105600699;162;9;1;1;1
258105600699;258105601670;971;9;1;1;1
258105601670;258105604705;3035;9;1;1;1
258105605178;258105607201;2023;9;1;1;1
258105607201;258105607233;32;9;1;1;1
258105607233;258105607361;128;9;1;1;1
258105607361;258105607363;2;9;1;1;1
258105607363;258105607365;2;9;1;1;1
258105607365;258105607559;194;9;1;1;1
258105607559;258105607600;41;9;1;1;1
258105607600;258105607729;129;9;1;1;1
258105607729;258105608199;470;9;1;1;1
258105608199;258105616538;8339;9;1;1;1
258105616538;258105621811;5273;9;1;1;1
258105621811;258105623550;1739;9;1;1;1
258105623550;258105625491;1941;9;1;1;1
258105625491;258105625549;58;9;1;1;1
258105625549;258105626056;507;9;1;1;1
258105626056;258105626073;17;9;1;1;1
258105626073;258105626092;19;9;1;1;1
258105626092;258105626465;373;9;1;1;1
258105626465;258105626706;241;9;1;1;1
258105626706;258105638054;11348;9;1;1;1
258105638054;258105638104;50;9;1;1;1
258105638104;258105638164;60;9;1;1;1
258105638164;258105638177;13;9;1;1;1
258105638177;258105638971;794;9;1;1;1
258105638971;258105647079;8108;9;1;1;1
258105691317;258105696686;5369;9;1;1;1
258105696686;258105696856;170;9;1;1;1
258105696856;258105713451;16595;9;1;1;1
258105713451;258105738838;25387;9;1;1;1
258105738838;258105748614;9776;9;1;1;1
258105748614;258105748761;147;9;1;1;1
258105748761;258105753992;5231;9;1;1;1
258105807579;258105811660;4081;9;1;1;1
258105811660;258105837601;25941;9;1;1;1
258105837601;258105837634;33;9;1;1;1
258105837634;258105837651;17;9;1;1;1
258105837651;258105837928;277;9;1;1;1
258105837928;258105838010;82;9;1;1;1
258105838010;258105838140;130;9;1;1;1
258105838140;258105838621;481;9;1;1;1
258105838621;258105840090;1469;9;1;1;1
258105840090;258105840176;86;9;1;1;1
258105840176;258105840305;129;9;1;1;1
258105840305;258105840398;93;9;1;1;1
258105840398;258105840514;116;9;1;1;1
258105840514;258105840775;261;9;1;1;1
258105840775;258105841108;333;9;1;1;1
258105841108;258105862125;21017;9;1;1;1
258105862125;258105862148;23;9;1;1;1
258105862148;258105862202;54;9;1;1;1
258105862202;258105862252;50;9;1;1;1
258105862252;258105862302;50;9;1;1;1
258105862302;258105862353;51;9;1;1;1
258105862353;258105862402;49;9;1;1;1
258105862402;258105863037;635;9;1;1;1
258105904506;258105907036;2530;9;1;1;1
258105907036;258105915547;8511;9;1;1;1
258105915547;258105915583;36;9;1;1;1
258105915583;258105916011;428;9;1;1;1
258105916011;258105916046;35;9;1;1;1
258105916046;258105916069;23;9;1;1;1
258105916069;258105916978;909;9;1;1;1
258105916978;258105920051;3073;9;1;1;1
258105920051;258105920137;86;9;1;1;1
258105920137;258105920171;34;9;1;1;1
258105920171;258105920234;63;9;1;1;1
258105920759;258105930827;10068;9;1;1;1
258105930827;258105930856;29;9;1;1;1
258105930856;258105930913;57;9;1;1;1
258105930913;258105931119;206;9;1;1;1
258105931119;258105931136;17;9;1;1;1
258105931136;258105931513;377;9;1;1;1
258105931513;258105931567;54;9;1;1;1
258105931567;258105931580;13;9;1;1;1
258105931580;258105931914;334;9;1;1;1
258105931914;258105939932;8018;9;1;1;1
258105939932;258105943424;3492;9;1;1;1
258105943424;258105948692;5268;9;1;1;1
258105948692;258105956663;7971;9;1;1;1
258105956663;258105957402;739;9;1;1;1
258105957402;258105957553;151;9;1;1;1
258105957553;258105957971;418;9;1;1;1
258105957971;258105958044;73;9;1;1;1
258105958044;258105961779;3735;9;1;1;1
258105962060;258105962226;166;9;1;1;1
258105962226;258105962306;80;9;1;1;1
258105962306;258105962315;9;9;1;1;1
258105962315;258105962458;143;9;1;1;1
258105962458;258105962541;83;9;1;1;1
258105962541;258105962588;47;9;1;1;1
258105962789;258105962911;122;9;1;1;1
258105962911;258105963011;100;9;1;1;1
258105963011;258105963116;105;9;1;1;1
258105963116;258105963300;184;9;1;1;1
258105963300;258105963456;156;9;1;1;1
258105963456;258105963489;33;9;1;1;1
258105963489;258105963679;190;9;1;1;1
258105963679;258105964366;687;9;1;1;1
258105964366;258105965703;1337;9;1;1;1
258105966236;258105971080;4844;9;1;1;1
258105971080;258105972513;1433;9;1;1;1
258105972513;258105973936;1423;9;1;1;1
258105973936;258105973969;33;9;1;1;1
258105973969;258105973992;23;9;1;1;1
258105973992;258105974043;51;9;1;1;1
258105974043;258105974125;82;9;1;1;1
258105974125;258105974177;52;9;1;1;1
258105974177;258105974229;52;9;1;1;1
258105974229;258105975892;1663;9;1;1;1
258105975892;258105976413;521;9;1;1;1
258105976413;258105977711;1298;9;1;1;1
258105977711;258105985602;7891;9;1;1;1
258105985602;258105985816;214;9;1;1;1
258105985816;258106001549;15733;9;1;1;1
258106001549;258106006880;5331;9;1;1;1
258106006880;258106011507;4627;9;1;1;1
258106011507;258106011906;399;9;1;1;1
258106011906;258106021021;9115;9;1;1;1
258106021021;258106021071;50;9;1;1;1
258106021071;258106027593;6522;9;1;1;1
258106027593;258106027840;247;9;1;1;1
258106027840;258106028248;408;9;1;1;1
258106028248;258106028344;96;9;1;1;1
258106028344;258106028379;35;9;1;1;1
258106028379;258106028417;38;9;1;1;1
258106028417;258106028461;44;9;1;1;1
258106028461;258106028531;70;9;1;1;1
258106028531;258106028570;39;9;1;1;1
258106028718;258106036978;8260;9;1;1;1
258106037808;258106039813;2005;9;1;1;1
258106044751;258106045998;1247;9;1;1;1
258106047343;258106048836;1493;9;1;1;1
258106048836;258106050308;1472;9;1;1;1
258106057406;258106057718;312;9;1;1;1
258106063155;258106067503;4348;9;1;1;1
258106068658;258106071134;2476;9;1;1;1
258106071714;258106072128;414;9;1;1;1
258106072128;258106088204;16076;9;1;1;1
258106088204;258106094232;6028;9;1;1;1
258106094232;258106100869;6637;9;1;1;1
258106100869;258106101193;324;9;1;1;1
258106101193;258106101437;244;9;1;1;1
258106101634;258106102439;805;9;1;1;1
258106102439;258106102554;115;9;1;1;1
258106102554;258106102683;129;9;1;1;1
258106102683;258106102717;34;9;1;1;1
258106102717;258106103193;476;9;1;1;1
258106103193;258106103344;151;9;1;1;1
258106103344;258106103412;68;9;1;1;1
258106103412;258106103656;244;9;1;1;1
258106103656;258106103845;189;9;1;1;1
258106103845;258106105894;2049;9;1;1;1
258106106056;258106106356;300;9;1;1;1
258106106356;258106106389;33;9;1;1;1
258106106389;258106106589;200;9;1;1;1
258106106589;258106106631;42;9;1;1;1
258106106631;258106106842;211;9;1;1;1
258106106842;258106107018;176;9;1;1;1
258106107018;258106107064;46;9;1;1;1
258106107064;258106107112;48;9;1;1;1
258106107112;258106112909;5797;9;1;1;1
258106154154;258106156912;2758;9;1;1;1
258106156912;258106164321;7409;9;1;1;1
258106164321;258106167608;3287;9;1;1;1
258106167608;258106167740;132;9;1;1;1
258106167740;258106167868;128;9;1;1;1
258106167868;258106167936;68;9;1;1;1
258106167936;258106168070;134;9;1;1;1
258106168070;258106168099;29;9;1;1;1
258106168099;258106168126;27;9;1;1;1
258106168126;258106196091;27965;9;1;1;1
258106196091;258106196832;741;9;1;1;1
258106196832;258106199553;2721;9;1;1;1
258106199553;258106205710;6157;9;1;1;1
258106206000;258106206170;170;9;1;1;1
258106206170;258106206244;74;9;1;1;1
258106206244;258106206294;50;9;1;1;1
258106206294;258106206316;22;9;1;1;1
258106206316;258106206497;181;9;1;1;1
258106206497;258106206769;272;9;1;1;1
258106206769;258106206815;46;9;1;1;1
258106206815;258106210735;3920;9;1;1;1
258106210735;258106210808;73;9;1;1;1
258106210808;258106210886;78;9;1;1;1
258106210886;258106211093;207;9;1;1;1
258106211093;258106211944;851;9;1;1;1
258106211944;258106213338;1394;9;1;1;1
258106213338;258106213438;100;9;1;1;1
258106213438;258106213545;107;9;1;1;1
258106213545;258106213694;149;9;1;1;1
258106213694;258106213826;132;9;1;1;1
258106213826;258106213968;142;9;1;1;1
258106213968;258106229338;15370;9;1;1;1
258106229338;258106241675;12337;9;1;1;1
258106241675;258106242291;616;9;1;1;1
258106242291;258106242603;312;9;1;1;1
258106242603;258106260584;17981;9;1;1;1
258106260584;258106261647;1063;9;1;1;1
258106261647;258106261861;214;9;1;1;1
258106261861;258106261930;69;9;1;1;1
258106261930;258106261949;19;9;1;1;1
258106261949;258106262372;423;9;1;1;1
258106262372;258106263147;775;9;1;1;1
258106263147;258106263181;34;9;1;1;1
258106263181;258106265151;1970;9;1;1;1
258106265151;258106265871;720;9;1;1;1
258106265871;258106266444;573;9;1;1;1
258106266776;258106266889;113;9;1;1;1
258106266889;258106266915;26;9;1;1;1
258106266915;258106266933;18;9;1;1;1
258106266933;258106267102;169;9;1;1;1
258106267102;258106268435;1333;9;1;1;1
258106268435;258106268453;18;9;1;1;1
258106268453;258106268477;24;9;1;1;1
258106268477;258106268802;325;9;1;1;1
258106268802;258106268804;2;9;1;1;1
258106268804;258106268840;36;9;1;1;1
258106268840;258106268882;42;9;1;1;1
258106268882;258106268950;68;9;1;1;1
258106268950;258106268958;8;9;1;1;1
258106268958;258106269108;150;9;1;1;1
258106269108;258106269146;38;9;1;1;1
258106269322;258106269362;40;9;1;1;1
258106269501;258106269729;228;9;1;1;1
258106269729;258106269947;218;9;1;1;1
258106269947;258106270141;194;9;1;1;1
258106270141;258106270151;10;9;1;1;1
258106270445;258106270447;2;9;1;1;1
258106270447;258106270459;12;9;1;1;1
258106270459;258106270536;77;9;1;1;1
258106270536;258106270616;80;9;1;1;1
258106270616;258106270654;38;9;1;1;1
258106270654;258106271074;420;9;1;1;1
258106271074;258106271238;164;9;1;1;1
258106271238;258106271414;176;9;1;1;1
258106271414;258106273387;1973;9;1;1;1
258106273387;258106273615;228;9;1;1;1
258106273615;258106273666;51;9;1;1;1
258106273666;258106273685;19;9;1;1;1
258106273685;258106279462;5777;9;1;1;1
258106279462;258106281552;2090;9;1;1;1
258106281552;258106282017;465;9;1;1;1
258106282017;258106284203;2186;9;1;1;1
258106284203;258106291743;7540;9;1;1;1
258106291743;258106295363;3620;9;1;1;1
258106295363;258106295395;32;9;1;1;1
258106295395;258106299501;4106;9;1;1;1
258106353609;258106355387;1778;9;1;1;1
258106355387;258106355700;313;9;1;1;1
258106356332;258106359566;3234;9;1;1;1
258106359566;258106364896;5330;9;1;1;1
258106364896;258106364945;49;9;1;1;1
258106364945;258106365393;448;9;1;1;1
258106365393;258106365435;42;9;1;1;1
258106365435;258106365655;220;9;1;1;1
258106365655;258106369666;4011;9;1;1;1
258106369666;258106369674;8;9;1;1;1
258106369674;258106369724;50;9;1;1;1
258106369724;258106369735;11;9;1;1;1
258106369735;258106369759;24;9;1;1;1
258106369759;258106369787;28;9;1;1;1
258106369787;258106369840;53;9;1;1;1
258106369840;258106417162;47322;9;1;1;1
258106417162;258106417184;22;9;1;1;1
258106417184;258106417266;82;9;1;1;1
258106417266;258106426257;8991;9;1;1;1
258106477651;258106479395;1744;9;1;1;1
258106479395;258106492205;12810;9;1;1;1
258106492205;258106502438;10233;9;1;1;1
258106502438;258106502653;215;9;1;1;1
258106502653;258106503127;474;9;1;1;1
258106503127;258106510721;7594;9;1;1;1
258106536396;258106538594;2198;9;1;1;1
258106538594;258106539938;1344;9;1;1;1
258106539938;258106539987;49;9;1;1;1
258106539987;258106540079;92;9;1;1;1
258106540079;258106554418;14339;9;1;1;1
258106554418;258106555073;655;9;1;1;1
258106555073;258106555193;120;9;1;1;1
258106555193;258106555311;118;9;1;1;1
258106555311;258106555348;37;9;1;1;1
258106555348;258106555582;234;9;1;1;1
258106555582;258106571800;16218;9;1;1;1
258106571800;258106584981;13181;9;1;1;1
258106584981;258106594525;9544;9;1;1;1
258106594525;258106601064;6539;9;1;1;1
258106649290;258106649426;136;9;1;1;1
258106649426;258106653432;4006;9;1;1;1
258106653432;258106653475;43;9;1;1;1
258106653475;258106653491;16;9;1;1;1
258106653491;258106653536;45;9;1;1;1
258106653536;258106653698;162;9;1;1;1
258106653698;258106655212;1514;9;1;1;1
258106655212;258106655925;713;9;1;1;1
258106655925;258106656025;100;9;1;1;1
258106656025;258106656090;65;9;1;1;1
258106656090;258106656135;45;9;1;1;1
258106656135;258106656198;63;9;1;1;1
258106656198;258106656982;784;9;1;1;1
258106656982;258106673039;16057;9;1;1;1
258106673039;258106673740;701;9;1;1;1
258106673740;258106674608;868;9;1;1;1
258106674608;258106675151;543;9;1;1;1
258106675151;258106677024;1873;9;1;1;1
258106677024;258106677078;54;9;1;1;1
258106677078;258106677130;52;9;1;1;1
258106677130;258106677156;26;9;1;1;1
258106677156;258106677272;116;9;1;1;1
258106677272;258106677910;638;9;1;1;1
258106677910;258106680171;2261;9;1;1;1
258106680171;258106680384;213;9;1;1;1
258106680384;258106697431;17047;9;1;1;1
258106697431;258106698290;859;9;1;1;1
258106698290;258106698730;440;9;1;1;1
258106698730;258106698954;224;9;1;1;1
258106698954;258106699129;175;9;1;1;1
258106699129;258106699204;75;9;1;1;1
258106699204;258106707195;7991;9;1;1;1
258106707195;258106708279;1084;9;1;1;1
258106708279;258106708360;81;9;1;1;1
258106708360;258106718725;10365;9;1;1;1
258106718725;258106720114;1389;9;1;1;1
258106746432;258106775734;29302;9;1;1;1
258106776396;258106783344;6948;9;1;1;1
258106783344;258106788065;4721;9;1;1;1
258106788065;258106788081;16;9;1;1;1
258106788081;258106788101;20;9;1;1;1
258106788101;258106788136;35;9;1;1;1
258106788136;258106788187;51;9;1;1;1
258106788187;258106788238;51;9;1;1;1
258106788238;258106788265;27;9;1;1;1
258106788265;258106788460;195;9;1;1;1
258106788460;258106788481;21;9;1;1;1
258106788481;258106788588;107;9;1;1;1
258106788588;258106806495;17907;9;1;1;1
258106806495;258106806601;106;9;1;1;1
258106806601;258106806713;112;9;1;1;1
258106806713;258106823360;16647;9;1;1;1
258106823360;258106823871;511;9;1;1;1
258106823871;258106823940;69;9;1;1;1
258106823940;258106824053;113;9;1;1;1
258106824053;258106824361;308;9;1;1;1
258106824361;258106830380;6019;9;1;1;1
258106830380;258106834233;3853;9;1;1;1
258106834233;258106837003;2770;9;1;1;1
258106837003;258106837152;149;9;1;1;1
258106837152;258106837240;88;9;1;1;1
258106837240;258106837347;107;9;1;1;1
258106837347;258106837721;374;9;1;1;1
258106837721;258106837761;40;9;1;1;1
258106837761;258106838170;409;9;1;1;1
258106838170;258106838258;88;9;1;1;1
258106838258;258106839431;1173;9;1;1;1
258106902272;258106915868;13596;9;1;1;1
258106915868;258106915917;49;9;1;1;1
258106915917;258106915929;12;9;1;1;1
258106915929;258106916005;76;9;1;1;1
258106916005;258106916060;55;9;1;1;1
258106916060;258106916447;387;9;1;1;1
258106916447;258106937702;21255;9;1;1;1
258106937702;258106940725;3023;9;1;1;1
258106940725;258106940748;23;9;1;1;1
258106940748;258106940786;38;9;1;1;1
258106940786;258106941026;240;9;1;1;1
258106941026;258106950057;9031;9;1;1;1
258107026740;258107048115;21375;9;1;1;1
258107048115;258107049345;1230;9;1;1;1
258107049345;258107049520;175;9;1;1;1
258107049520;258107087610;38090;9;1;1;1
258107087610;258107087830;220;9;1;1;1
258107087830;258107087861;31;9;1;1;1
258107087861;258107088475;614;9;1;1;1
258107088475;258107088583;108;9;1;1;1
258107088583;258107088771;188;9;1;1;1
258107088771;258107089171;400;9;1;1;1
258107089171;258107089543;372;9;1;1;1
258107089543;258107089886;343;9;1;1;1
258107089886;258107089962;76;9;1;1;1
258107089962;258107091954;1992;9;1;1;1
258107091954;258107094548;2594;9;1;1;1
258107094548;258107095157;609;9;1;1;1
258107095157;258107095511;354;9;1;1;1
258107095511;258107096211;700;9;1;1;1
258107096211;258107096880;669;9;1;1;1
258107096880;258107096923;43;9;1;1;1
258107096923;258107097044;121;9;1;1;1
258107097044;258107097176;132;9;1;1;1
258107097700;258107097705;5;9;1;1;1
258107097705;258107097771;66;9;1;1;1
258107097771;258107097845;74;9;1;1;1
258107097845;258107097954;109;9;1;1;1
258107097954;258107098427;473;9;1;1;1
258107098427;258107103575;5148;9;1;1;1
258107103575;258107103915;340;9;1;1;1
258107103915;258107104055;140;9;1;1;1
258107104055;258107104123;68;9;1;1;1
258107104123;258107104148;25;9;1;1;1
258107104148;258107104247;99;9;1;1;1
258107104247;258107104257;10;9;1;1;1
258107104257;258107104284;27;9;1;1;1
258107104284;258107106225;1941;9;1;1;1
258107106225;258107106261;36;9;1;1;1
258107106261;258107106678;417;9;1;1;1
258107106678;258107108305;1627;9;1;1;1
258107108305;258107108340;35;9;1;1;1
258107108340;258107112041;3701;9;1;1;1
258107166597;258107177151;10554;9;1;1;1
258107177151;258107197124;19973;9;1;1;1
258107197124;258107206384;9260;9;1;1;1
258107206384;258107206670;286;9;1;1;1
258107206670;258107221675;15005;9;1;1;1
258107221675;258107222204;529;9;1;1;1
258107222204;258107227325;5121;9;1;1;1
258107273025;258107294033;21008;9;1;1;1
258107294033;258107294134;101;9;1;1;1
258107294134;258107294215;81;9;1;1;1
258107294215;258107294274;59;9;1;1;1
258107294274;258107294913;639;9;1;1;1
258107294913;258107295007;94;9;1;1;1
258107295007;258107295698;691;9;1;1;1
258107295698;258107295797;99;9;1;1;1
258107295797;258107318977;23180;9;1;1;1
258107318977;258107319005;28;9;1;1;1
258107319005;258107319072;67;9;1;1;1
258107319072;258107319094;22;9;1;1;1
258107319094;258107319186;92;9;1;1;1
258107319186;258107319337;151;9;1;1;1
258107319337;258107328148;8811;9;1;1;1
258107328148;258107340067;11919;9;1;1;1
258107340067;258107340192;125;9;1;1;1
258107340192;258107340319;127;9;1;1;1
258107340319;258107341183;864;9;1;1;1
258107341183;258107342194;1011;9;1;1;1
258107400426;258107408393;7967;9;1;1;1
258107408393;258107413643;5250;9;1;1;1
258107413643;258107420344;6701;9;1;1;1
258107420344;258107420570;226;9;1;1;1
258107420570;258107420705;135;9;1;1;1
258107420705;258107420975;270;9;1;1;1
258107420975;258107421203;228;9;1;1;1
258107421203;258107421308;105;9;1;1;1
258107421308;258107421509;201;9;1;1;1
258107421509;258107422998;1489;9;1;1;1
258107422998;258107423346;348;9;1;1;1
258107423346;258107423354;8;9;1;1;1
258107423354;258107423405;51;9;1;1;1
258107423405;258107430707;7302;9;1;1;1
258107430707;258107435941;5234;9;1;1;1
258107435941;258107442358;6417;9;1;1;1
258107442358;258107443412;1054;9;1;1;1
258107443412;258107443493;81;9;1;1;1
258107443493;258107447675;4182;9;1;1;1
258107447675;258107457901;10226;9;1;1;1
258107522608;258107583930;61322;9;1;1;1
258107727595;258107727641;46;9;1;1;1
258107727641;258107727668;27;9;1;1;1
258107727668;258107728034;366;9;1;1;1
258107728034;258107728628;594;9;1;1;1
258107728628;258107728803;175;9;1;1;1
258107728803;258107729462;659;9;1;1;1
258107729462;258107729504;42;9;1;1;1
258107729504;258107729919;415;9;1;1;1
258107729919;258107735096;5177;9;1;1;1
258107735096;258107735712;616;9;1;1;1
258107735712;258107735915;203;9;1;1;1
258107735915;258107736136;221;9;1;1;1
258107736136;258107736275;139;9;1;1;1
258107736275;258107738617;2342;9;1;1;1
258107738617;258107738737;120;9;1;1;1
258107738737;258107738832;95;9;1;1;1
258107738832;258107738982;150;9;1;1;1
258107738982;258107739120;138;9;1;1;1
258107739120;258107739879;759;9;1;1;1
258107739879;258107740217;338;9;1;1;1
258107740217;258107740448;231;9;1;1;1
258107740448;258107740618;170;9;1;1;1
258107740618;258107740864;246;9;1;1;1
258107740864;258107741072;208;9;1;1;1
258107741072;258107741485;413;9;1;1;1
258107741485;258107741644;159;9;1;1;1
258107741644;258107741817;173;9;1;1;1
258107741817;258107741910;93;9;1;1;1
258107741910;258107741957;47;9;1;1;1
258107741957;258107742025;68;9;1;1;1
258107742025;258107742120;95;9;1;1;1
258107742120;258107742382;262;9;1;1;1
258107742382;258107745310;2928;9;1;1;1
258107745310;258107745609;299;9;1;1;1
258107745609;258107745663;54;9;1;1;1
258107745663;258107745895;232;9;1;1;1
258107745895;258107745903;8;9;1;1;1
258107745903;258107745954;51;9;1;1;1
258107745954;258107746047;93;9;1;1;1
258107746047;258107746165;118;9;1;1;1
258107746165;258107746305;140;9;1;1;1
258107746305;258107746352;47;9;1;1;1
258107746352;258107746831;479;9;1;1;1
258107746831;258107747691;860;9;1;1;1
258107747691;258107748674;983;9;1;1;1
258107748674;258107748982;308;9;1;1;1
258107748982;258107749133;151;9;1;1;1
258107749133;258107749300;167;9;1;1;1
258107749300;258107749875;575;9;1;1;1
258107749875;258107749925;50;9;1;1;1
258107749925;258107750053;128;9;1;1;1
258107750053;258107750077;24;9;1;1;1
258107750077;258107750216;139;9;1;1;1
258107750216;258107750258;42;9;1;1;1
258107750258;258107750465;207;9;1;1;1
258107750465;258107750557;92;9;1;1;1
258107750557;258107751029;472;9;1;1;1
258107751029;258107752788;1759;9;1;1;1
258107752788;258107755147;2359;9;1;1;1
258107755147;258107755161;14;9;1;1;1
258107755161;258107756672;1511;9;1;1;1
258107756672;258107756785;113;9;1;1;1
258107756785;258107756955;170;9;1;1;1
258107766031;258107766243;212;9;1;1;1
258107766243;258107766470;227;9;1;1;1
258107766470;258107766913;443;9;1;1;1
258107766913;258107767213;300;9;1;1;1
258107767213;258107767836;623;9;1;1;1
258107767836;258107768540;704;9;1;1;1
258107768540;258107769501;961;9;1;1;1
258107774359;258107775366;1007;9;1;1;1
258107775366;258107776901;1535;9;1;1;1
258107776901;258107777475;574;9;1;1;1
258107780243;258107782880;2637;9;1;1;1
258107782880;258107783045;165;9;1;1;1
258107783045;258107783155;110;9;1;1;1
258107783155;258107784461;1306;9;1;1;1
258107784461;258107784580;119;9;1;1;1
258107784580;258107784782;202;9;1;1;1
258107784782;258107784902;120;9;1;1;1
258107784902;258107785062;160;9;1;1;1
258107785062;258107785454;392;9;1;1;1
258107785454;258107785642;188;9;1;1;1
258107785642;258107788394;2752;9;1;1;1
258107788394;258107788607;213;9;1;1;1
258107788607;258107788682;75;9;1;1;1
258107788682;258107789714;1032;9;1;1;1
258107789714;258107791325;1611;9;1;1;1
258107792602;258107793457;855;9;1;1;1
258107793457;258107793619;162;9;1;1;1
258107793619;258107793739;120;9;1;1;1
258107793739;258107793899;160;9;1;1;1
258107798236;258107799758;1522;9;1;1;1
258107799758;258107801252;1494;9;1;1;1
258107801964;258107802126;162;9;1;1;1
258107804289;258107805385;1096;9;1;1;1
258107805385;258107805441;56;9;1;1;1
258107805441;258107807020;1579;9;1;1;1
258107807020;258107808353;1333;9;1;1;1
258107808353;258107809532;1179;9;1;1;1
258107809532;258107811912;2380;9;1;1;1
258107811912;258107812086;174;9;1;1;1
258107812086;258107812229;143;9;1;1;1
258107812229;258107812543;314;9;1;1;1
258107812543;258107813382;839;9;1;1;1
258107813382;258107814317;935;9;1;1;1
258107814317;258107814434;117;9;1;1;1
258107814434;258107814527;93;9;1;1;1
258107814527;258107815015;488;9;1;1;1
258107815015;258107816918;1903;9;1;1;1
258107816918;258107817122;204;9;1;1;1
258107817122;258107818617;1495;9;1;1;1
258107818617;258107818875;258;9;1;1;1
258107818875;258107818996;121;9;1;1;1
258107818996;258107819194;198;9;1;1;1
258107819194;258107819536;342;9;1;1;1
258107819536;258107819608;72;9;1;1;1
258107819608;258107820167;559;9;1;1;1
258107820167;258107820265;98;9;1;1;1
258107820265;258107820343;78;9;1;1;1
258107820343;258107820479;136;9;1;1;1
258107820479;258107820866;387;9;1;1;1
258107820866;258107821148;282;9;1;1;1
258107821148;258107829894;8746;9;1;1;1
258107829894;258107829947;53;9;1;1;1
258107829947;258107830059;112;9;1;1;1
258107830059;258107830172;113;9;1;1;1
258107830172;258107830360;188;9;1;1;1
258107830360;258107831638;1278;9;1;1;1
258107831638;258107832189;551;9;1;1;1
258107832189;258107832417;228;9;1;1;1
258107832417;258107833008;591;9;1;1;1
258107833008;258107835205;2197;9;1;1;1
258107835205;258107835299;94;9;1;1;1
258107835299;258107836827;1528;9;1;1;1
258107836827;258107837392;565;9;1;1;1
258107837392;258107837845;453;9;1;1;1
258107837845;258107838483;638;9;1;1;1
258107838483;258107840008;1525;9;1;1;1
258107840008;258107840635;627;9;1;1;1
258107840635;258107840759;124;9;1;1;1
258107840759;258107840949;190;9;1;1;1
258107840949;258107841289;340;9;1;1;1
258107841289;258107841611;322;9;1;1;1
258107841611;258107842238;627;9;1;1;1
258107842238;258107845099;2861;9;1;1;1
258107845099;258107846491;1392;9;1;1;1
258107846491;258107846994;503;9;1;1;1
258107907454;258107908023;569;9;1;1;1
258107908023;258107908087;64;9;1;1;1
258107908087;258107908739;652;9;1;1;1
258107908739;258107911567;2828;9;1;1;1
258107911567;258107912124;557;9;1;1;1
258107912124;258107913299;1175;9;1;1;1
258107913299;258107918088;4789;9;1;1;1
258107918088;258107922751;4663;9;1;1;1
258107922751;258107923257;506;9;1;1;1
258107923257;258107925820;2563;9;1;1;1
258107925820;258107925862;42;9;1;1;1
258107925862;258107925894;32;9;1;1;1
258107925894;258107926162;268;9;1;1;1
258107926162;258107926199;37;9;1;1;1
258107926199;258107926237;38;9;1;1;1
258107926237;258107926881;644;9;1;1;1
258107926881;258107929536;2655;9;1;1;1
258107929536;258107937055;7519;9;1;1;1
258107937055;258107949555;12500;9;1;1;1
258107949555;258107960252;10697;9;1;1;1
258107989464;258107997630;8166;9;1;1;1
258107997630;258107998679;1049;9;1;1;1
258107998679;258108003444;4765;9;1;1;1
258108003444;258108004719;1275;9;1;1;1
258108004719;258108005032;313;9;1;1;1
258108005032;258108009866;4834;9;1;1;1
258108009866;258108009874;8;9;1;1;1
258108009874;258108009924;50;9;1;1;1
258108009924;258108009950;26;9;1;1;1
258108009950;258108012290;2340;9;1;1;1
258108012290;258108012637;347;9;1;1;1
258108012637;258108012811;174;9;1;1;1
258108012811;258108013440;629;9;1;1;1
258108013440;258108015283;1843;9;1;1;1
258108015936;258108017791;1855;9;1;1;1
258108017791;258108018004;213;9;1;1;1
258108018004;258108024957;6953;9;1;1;1
258108024957;258108026975;2018;9;1;1;1
258108026975;258108027675;700;9;1;1;1
258108027675;258108029426;1751;9;1;1;1
258108029426;258108030145;719;9;1;1;1
258108030145;258108034826;4681;9;1;1;1
258108034826;258108034895;69;9;1;1;1
258108034895;258108035774;879;9;1;1;1
258108035774;258108035787;13;9;1;1;1
258108035787;258108035808;21;9;1;1;1
258108035808;258108052158;16350;9;1;1;1
258108052158;258108062922;10764;9;1;1;1
258108062922;258108063353;431;9;1;1;1
258108063353;258108081122;17769;9;1;1;1
258108138965;258108145170;6205;9;1;1;1
258108145170;258108154694;9524;9;1;1;1
258108154694;258108154729;35;9;1;1;1
258108154729;258108154943;214;9;1;1;1
258108154943;258108155068;125;9;1;1;1
258108155068;258108177609;22541;9;1;1;1
258108177609;258108180849;3240;9;1;1;1
258108180849;258108181164;315;9;1;1;1
258108181164;258108191103;9939;9;1;1;1
258108219614;258108223278;3664;9;1;1;1
258108223278;258108223327;49;9;1;1;1
258108223327;258108245866;22539;9;1;1;1
258108250834;258108253947;3113;9;1;1;1
258108257158;258108259763;2605;9;1;1;1
258108267734;258108270659;2925;9;1;1;1
258108271277;258108293302;22025;9;1;1;1
258108293302;258108302427;9125;9;1;1;1
258108302427;258108302519;92;9;1;1;1
258108302519;258108302573;54;9;1;1;1
258108302573;258108302816;243;9;1;1;1
258108302816;258108303310;494;9;1;1;1
258108303310;258108312360;9050;9;1;1;1
258108356494;258108362098;5604;9;1;1;1
258108362098;258108365834;3736;9;1;1;1
258108365834;258108366287;453;9;1;1;1
258108366287;258108370048;3761;9;1;1;1
258108370048;258108370056;8;9;1;1;1
258108370056;258108370106;50;9;1;1;1
258108370106;258108370115;9;9;1;1;1
258108370115;258108370166;51;9;1;1;1
258108370166;258108370193;27;9;1;1;1
258108370193;258108370247;54;9;1;1;1
258108370247;258108372506;2259;9;1;1;1
258108372506;258108372523;17;9;1;1;1
258108372523;258108372575;52;9;1;1;1
258108372575;258108372590;15;9;1;1;1
258108372590;258108373066;476;9;1;1;1
258108373066;258108373295;229;9;1;1;1
258108373295;258108373333;38;9;1;1;1
258108373333;258108408683;35350;9;1;1;1
258108408683;258108424219;15536;9;1;1;1
258108452849;258108512065;59216;9;1;1;1
258108571158;258108576808;5650;9;1;1;1
258108576808;258108576859;51;9;1;1;1
258108576859;258108576884;25;9;1;1;1
258108576884;258108576956;72;9;1;1;1
258108576956;258108577060;104;9;1;1;1
258108577060;258108577424;364;9;1;1;1
258108577424;258108577469;45;9;1;1;1
258108577469;258108598396;20927;9;1;1;1
258108598396;258108620026;21630;9;1;1;1
258108646403;258108650522;4119;9;1;1;1
258108650522;258108650633;111;9;1;1;1
258108650633;258108672291;21658;9;1;1;1
258108672291;258108672427;136;9;1;1;1
258108673093;258108675478;2385;9;1;1;1
258108675478;258108675693;215;9;1;1;1
258108675693;258108700327;24634;9;1;1;1
258108700327;258108730430;30103;9;1;1;1
258108730430;258108731484;1054;9;1;1;1
258108771984;258108776409;4425;9;1;1;1
258108776409;258108776502;93;9;1;1;1
258108776502;258108777365;863;9;1;1;1
258108784020;258108840720;56700;9;1;1;1
258108840720;258108840930;210;9;1;1;1
258108840930;258108843280;2350;9;1;1;1
258108869957;258108884662;14705;9;1;1;1
258108884662;258108895795;11133;9;1;1;1
258108895795;258108895883;88;9;1;1;1
258108895883;258108897767;1884;9;1;1;1
258108898591;258108935300;36709;9;1;1;1
258108935300;258108944814;9514;9;1;1;1
258108944814;258108945058;244;9;1;1;1
258108945058;258108975331;30273;9;1;1;1
258109008241;258109008804;563;9;1;1;1
258109008804;258109009081;277;9;1;1;1
258109009081;258109009258;177;9;1;1;1
258109009258;258109009317;59;9;1;1;1
258109009317;258109009359;42;9;1;1;1
258109013607;258109014214;607;9;1;1;1
258109014931;258109038512;23581;9;1;1;1
258109038512;258109041239;2727;9;1;1;1
258109041239;258109041464;225;9;1;1;1
258109041464;258109051091;9627;9;1;1;1
258109051091;258109080806;29715;9;1;1;1
258109107321;258109123961;16640;9;1;1;1
258109123961;258109127204;3243;9;1;1;1
258109127204;258109127258;54;9;1;1;1
258109127258;258109127432;174;9;1;1;1
258109127432;258109127712;280;9;1;1;1
258109127712;258109127764;52;9;1;1;1
258109127764;258109133700;5936;9;1;1;1
258109138713;258109144370;5657;9;1;1;1
258109155833;258109157572;1739;9;1;1;1
258109158625;258109161300;2675;9;1;1;1
258109162583;258109184727;22144;9;1;1;1
258109184727;258109189300;4573;9;1;1;1
258109189300;258109189759;459;9;1;1;1
258109189759;258109194998;5239;9;1;1;1
258109194998;258109195047;49;9;1;1;1
258109195047;258109200228;5181;9;1;1;1
258109263340;258109298787;35447;9;1;1;1
258109298787;258109302398;3611;9;1;1;1
258109302398;258109302417;19;9;1;1;1
258109302417;258109302745;328;9;1;1;1
258109302745;258109302772;27;9;1;1;1
258109302772;258109311540;8768;9;1;1;1
258109371308;258109388465;17157;9;1;1;1
258109388465;258109397921;9456;9;1;1;1
258109397921;258109398167;246;9;1;1;1
258109398167;258109398177;10;9;1;1;1
258109398177;258109398574;397;9;1;1;1
258109398574;258109398631;57;9;1;1;1
258109398631;258109398657;26;9;1;1;1
258109398657;258109399048;391;9;1;1;1
258109399048;258109426751;27703;9;1;1;1
258109426751;258109427864;1113;9;1;1;1
258109481768;258109497817;16049;9;1;1;1
258109497817;258109497852;35;9;1;1;1
258109497852;258109497912;60;9;1;1;1
258109497912;258109497967;55;9;1;1;1
258109497967;258109498096;129;9;1;1;1
258109498096;258109498268;172;9;1;1;1
258109498268;258109504377;6109;9;1;1;1
258109504377;258109536669;32292;9;1;1;1
258109563155;258109564262;1107;9;1;1;1
258109564262;258109581623;17361;9;1;1;1
258109582247;258109612731;30484;9;1;1;1
258109612731;258109622015;9284;9;1;1;1
258109622015;258109622259;244;9;1;1;1
258109622259;258109643606;21347;9;1;1;1
258109643606;258109646899;3293;9;1;1;1
258109646899;258109647000;101;9;1;1;1
258109647000;258109647303;303;9;1;1;1
258109647303;258109647492;189;9;1;1;1
258109647492;258109678144;30652;9;1;1;1
258109678144;258109681112;2968;9;1;1;1
258109681112;258109681161;49;9;1;1;1
258109681161;258109682652;1491;9;1;1;1
258109726013;258109726691;678;9;1;1;1
258109726691;258109726711;20;9;1;1;1
258109726711;258109726727;16;9;1;1;1
258109726727;258109726902;175;9;1;1;1
258109727507;258109756943;29436;9;1;1;1
258109756943;258109765247;8304;9;1;1;1
258109765247;258109766682;1435;9;1;1;1
258109766682;258109766690;8;9;1;1;1
258109766690;258109766743;53;9;1;1;1
258109766743;258109766770;27;9;1;1;1
258109766770;258109767312;542;9;1;1;1
258109767312;258109789815;22503;9;1;1;1
258109816265;258109846524;30259;9;1;1;1
258109846524;258109848551;2027;9;1;1;1
258109848551;258109850620;2069;9;1;1;1
258109850620;258109867617;16997;9;1;1;1
258109867617;258109871519;3902;9;1;1;1
258109911545;258109914144;2599;9;1;1;1
258109914144;258109914170;26;9;1;1;1
258109914170;258109915455;1285;9;1;1;1
258109915455;258109916670;1215;9;1;1;1
258109916670;258109916909;239;9;1;1;1
258109916909;258109920642;3733;9;1;1;1
258109920642;258109921022;380;9;1;1;1
258109921022;258109921095;73;9;1;1;1
258109921095;258109922906;1811;9;1;1;1
258109922906;258109923144;238;9;1;1;1
258109923144;258109924423;1279;9;1;1;1
258109924423;258109935372;10949;9;1;1;1
258109935372;258109937280;1908;9;1;1;1
258109937280;258109937724;444;9;1;1;1
258109937724;258109938221;497;9;1;1;1
258109938221;258109938625;404;9;1;1;1
258109938625;258109939188;563;9;1;1;1
258109939188;258109939759;571;9;1;1;1
258109939759;258109940211;452;9;1;1;1
258109940211;258109940832;621;9;1;1;1
258109940832;258109940946;114;9;1;1;1
258109940946;258109940981;35;9;1;1;1
258109940981;258109941207;226;9;1;1;1
258109941207;258109941288;81;9;1;1;1
258109941288;258109941603;315;9;1;1;1
258109941603;258109945561;3958;9;1;1;1
258109945561;258109945631;70;9;1;1;1
258109945631;258109945659;28;9;1;1;1
258109945659;258109945749;90;9;1;1;1
258109945749;258109946321;572;9;1;1;1
258109946321;258109952782;6461;9;1;1;1
258109952782;258109952796;14;9;1;1;1
258109952796;258109952817;21;9;1;1;1
258109952817;258109957089;4272;9;1;1;1
258109957089;258109957112;23;9;1;1;1
258109957112;258109957318;206;9;1;1;1
258109957318;258109957515;197;9;1;1;1
258109957515;258109957718;203;9;1;1;1
258109957718;258109957781;63;9;1;1;1
258109957781;258109957995;214;9;1;1;1
258109957995;258109958056;61;9;1;1;1
258109958056;258109960463;2407;9;1;1;1
258109960463;258109960476;13;9;1;1;1
258109960476;258109960500;24;9;1;1;1
258109960500;258109960545;45;9;1;1;1
258109960545;258109960561;16;9;1;1;1
258109960561;258109960632;71;9;1;1;1
258109960632;258109961989;1357;9;1;1;1
258109961989;258109962330;341;9;1;1;1
258109962330;258109964836;2506;9;1;1;1
258109964836;258109965385;549;9;1;1;1
258109965385;258109965964;579;9;1;1;1
258109965964;258109966031;67;9;1;1;1
258109966031;258109966048;17;9;1;1;1
258109966048;258109966146;98;9;1;1;1
258109966146;258109975035;8889;9;1;1;1
258110006233;258110006779;546;9;1;1;1
258110006779;258110007544;765;9;1;1;1
258110007544;258110007646;102;9;1;1;1
258110007646;258110008107;461;9;1;1;1
258110008107;258110008819;712;9;1;1;1
258110008819;258110009187;368;9;1;1;1
258110009187;258110009936;749;9;1;1;1
258110009936;258110009982;46;9;1;1;1
258110009982;258110010156;174;9;1;1;1
258110010156;258110018244;8088;9;1;1;1
258110018244;258110018303;59;9;1;1;1
258110018303;258110018322;19;9;1;1;1
258110018322;258110018393;71;9;1;1;1
258110018393;258110018443;50;9;1;1;1
258110018443;258110021973;3530;9;1;1;1
258110021973;258110022006;33;9;1;1;1
258110022006;258110022027;21;9;1;1;1
258110022027;258110024403;2376;9;1;1;1
258110024403;258110025390;987;9;1;1;1
258110025390;258110026757;1367;9;1;1;1
258110026757;258110029180;2423;9;1;1;1
258110029180;258110029507;327;9;1;1;1
258110029507;258110029937;430;9;1;1;1
258110029937;258110030920;983;9;1;1;1
258110030920;258110031054;134;9;1;1;1
258110031054;258110032088;1034;9;1;1;1
258110032088;258110032620;532;9;1;1;1
258110032620;258110034098;1478;9;1;1;1
258110034098;258110034301;203;9;1;1;1
258110034301;258110034337;36;9;1;1;1
258110034337;258110036230;1893;9;1;1;1
258110036230;258110036289;59;9;1;1;1
258110036289;258110036298;9;9;1;1;1
258110036298;258110036347;49;9;1;1;1
258110036347;258110036460;113;9;1;1;1
258110036460;258110040896;4436;9;1;1;1
258110103221;258110103470;249;9;1;1;1
258110103470;258110103544;74;9;1;1;1
258110103544;258110103856;312;9;1;1;1
258110103856;258110107286;3430;9;1;1;1
258110107286;258110107320;34;9;1;1;1
258110107320;258110107523;203;9;1;1;1
258110107523;258110108748;1225;9;1;1;1
258110108748;258110109394;646;9;1;1;1
258110109394;258110109475;81;9;1;1;1
258110109475;258110109483;8;9;1;1;1
258110109483;258110109513;30;9;1;1;1
258110109513;258110110028;515;9;1;1;1
258110110028;258110118774;8746;9;1;1;1
258110118774;258110118785;11;9;1;1;1
258110118785;258110118808;23;9;1;1;1
258110118808;258110118838;30;9;1;1;1
258110118838;258110118889;51;9;1;1;1
258110118889;258110118914;25;9;1;1;1
258110118914;258110119292;378;9;1;1;1
258110119292;258110119300;8;9;1;1;1
258110119300;258110119505;205;9;1;1;1
258110119505;258110119684;179;9;1;1;1
258110119684;258110120292;608;9;1;1;1
258110120292;258110120350;58;9;1;1;1
258110120350;258110124315;3965;9;1;1;1
258110124315;258110150612;26297;9;1;1;1
258110150612;258110150733;121;9;1;1;1
258110150733;258110151043;310;9;1;1;1
258110151043;258110151117;74;9;1;1;1
258110151117;258110151710;593;9;1;1;1
258110151710;258110163764;12054;9;1;1;1
258110163764;258110163856;92;9;1;1;1
258110163856;258110163879;23;9;1;1;1
258110163879;258110164017;138;9;1;1;1
258110164017;258110164304;287;9;1;1;1
258110164304;258110165228;924;9;1;1;1
258110165228;258110167132;1904;9;1;1;1
258110167132;258110168750;1618;9;1;1;1
258110168750;258110168815;65;9;1;1;1
258110168815;258110169337;522;9;1;1;1
258110169337;258110170953;1616;9;1;1;1
258110170953;258110171974;1021;9;1;1;1
258110229059;258110284252;55193;9;1;1;1
258110325653;258110379110;53457;9;1;1;1
258110407467;258110437727;30260;9;1;1;1
258110438432;258110440363;1931;9;1;1;1
258110440363;258110440596;233;9;1;1;1
258110440596;258110444828;4232;9;1;1;1
258110444828;258110447766;2938;9;1;1;1
258110447766;258110447914;148;9;1;1;1
258110447914;258110448163;249;9;1;1;1
258110448163;258110448190;27;9;1;1;1
258110448190;258110448336;146;9;1;1;1
258110448336;258110448576;240;9;1;1;1
258110448576;258110448826;250;9;1;1;1
258110448826;258110449616;790;9;1;1;1
258110449616;258110449775;159;9;1;1;1
258110449775;258110449840;65;9;1;1;1
258110449840;258110450037;197;9;1;1;1
258110450037;258110450281;244;9;1;1;1
258110450281;258110450520;239;9;1;1;1
258110450520;258110450597;77;9;1;1;1
258110450597;258110450647;50;9;1;1;1
258110450647;258110450707;60;9;1;1;1
258110450707;258110450711;4;9;1;1;1
258110450711;258110450936;225;9;1;1;1
258110450936;258110451101;165;9;1;1;1
258110451101;258110451176;75;9;1;1;1
258110451176;258110451229;53;9;1;1;1
258110451229;258110451691;462;9;1;1;1
258110451691;258110451984;293;9;1;1;1
258110451984;258110452549;565;9;1;1;1
258110452549;258110452856;307;9;1;1;1
258110452856;258110453522;666;9;1;1;1
258110453522;258110453564;42;9;1;1;1
258110453564;258110453817;253;9;1;1;1
258110453817;258110453963;146;9;1;1;1
258110453963;258110454070;107;9;1;1;1
258110454070;258110454186;116;9;1;1;1
258110454186;258110454194;8;9;1;1;1
258110454194;258110454251;57;9;1;1;1
258110454251;258110454331;80;9;1;1;1
258110454331;258110454372;41;9;1;1;1
258110454372;258110454404;32;9;1;1;1
258110454404;258110454422;18;9;1;1;1
258110454422;258110454447;25;9;1;1;1
258110454447;258110454469;22;9;1;1;1
258110454469;258110454668;199;9;1;1;1
258110454668;258110454674;6;9;1;1;1
258110454674;258110454791;117;9;1;1;1
258110454791;258110454867;76;9;1;1;1
258110454867;258110454912;45;9;1;1;1
258110454912;258110455189;277;9;1;1;1
258110455189;258110455249;60;9;1;1;1
258110455249;258110455560;311;9;1;1;1
258110455560;258110457261;1701;9;1;1;1
258110457261;258110457361;100;9;1;1;1
258110457361;258110457769;408;9;1;1;1
258110457769;258110457845;76;9;1;1;1
258110457845;258110457876;31;9;1;1;1
258110457876;258110458036;160;9;1;1;1
258110458036;258110458077;41;9;1;1;1
258110458077;258110458171;94;9;1;1;1
258110458171;258110458214;43;9;1;1;1
258110458214;258110458246;32;9;1;1;1
258110458246;258110458278;32;9;1;1;1
258110458278;258110458477;199;9;1;1;1
258110458477;258110458542;65;9;1;1;1
258110458542;258110458589;47;9;1;1;1
258110458589;258110459009;420;9;1;1;1
258110459009;258110459535;526;9;1;1;1
258110459535;258110459750;215;9;1;1;1
258110459750;258110460348;598;9;1;1;1
258110460348;258110460580;232;9;1;1;1
258110460580;258110460714;134;9;1;1;1
258110460714;258110460894;180;9;1;1;1
258110460894;258110460956;62;9;1;1;1
258110460956;258110461052;96;9;1;1;1
258110461052;258110461111;59;9;1;1;1
258110461111;258110461387;276;9;1;1;1
258110461387;258110461437;50;9;1;1;1
258110461437;258110461660;223;9;1;1;1
258110461660;258110461713;53;9;1;1;1
258110461713;258110461935;222;9;1;1;1
258110461935;258110462085;150;9;1;1;1
258110462085;258110462305;220;9;1;1;1
258110462305;258110462331;26;9;1;1;1
258110462331;258110462368;37;9;1;1;1
258110467367;258110467764;397;9;1;1;1
258110467764;258110469248;1484;9;1;1;1
258110471014;258110471353;339;9;1;1;1
258110473626;258110479482;5856;9;1;1;1
258110480703;258110480988;285;9;1;1;1
258110482950;258110487486;4536;9;1;1;1
258110496189;258110496723;534;9;1;1;1
258110498221;258110499680;1459;9;1;1;1
258110500341;258110500442;101;9;1;1;1
258110501345;258110540237;38892;9;1;1;1
258110595834;258110596008;174;9;1;1;1
258110596008;258110596101;93;9;1;1;1
258110596101;258110597658;1557;9;1;1;1
258110597658;258110597844;186;9;1;1;1
258110597844;258110597982;138;9;1;1;1
258110597982;258110598264;282;9;1;1;1
258110598264;258110598345;81;9;1;1;1
258110598345;258110599748;1403;9;1;1;1
258110599748;258110599861;113;9;1;1;1
258110599861;258110599990;129;9;1;1;1
258110599990;258110600116;126;9;1;1;1
258110600116;258110600222;106;9;1;1;1
258110600222;258110600270;48;9;1;1;1
258110600270;258110600305;35;9;1;1;1
258110600305;258110600329;24;9;1;1;1
258110600329;258110600403;74;9;1;1;1
258110600403;258110601769;1366;9;1;1;1
258110601769;258110601916;147;9;1;1;1
258110601916;258110602053;137;9;1;1;1
258110602053;258110602135;82;9;1;1;1
258110602135;258110603327;1192;9;1;1;1
258110603327;258110609793;6466;9;1;1;1
258110609793;258110609994;201;9;1;1;1
258110609994;258110610273;279;9;1;1;1
258110610273;258110610708;435;9;1;1;1
258110610708;258110611016;308;9;1;1;1
258110611016;258110611568;552;9;1;1;1
258110611568;258110614128;2560;9;1;1;1
258110614128;258110614209;81;9;1;1;1
258110614209;258110614300;91;9;1;1;1
258110614300;258110614382;82;9;1;1;1
258110614382;258110614424;42;9;1;1;1
258110614424;258110625709;11285;9;1;1;1
258110625709;258110625959;250;9;1;1;1
258110625959;258110626373;414;9;1;1;1
258110626373;258110626500;127;9;1;1;1
258110626500;258110626636;136;9;1;1;1
258110626636;258110626814;178;9;1;1;1
258110626814;258110627007;193;9;1;1;1
258110627007;258110627070;63;9;1;1;1
258110627070;258110627125;55;9;1;1;1
258110627125;258110627151;26;9;1;1;1
258110627151;258110627172;21;9;1;1;1
258110627172;258110627210;38;9;1;1;1
258110627210;258110627238;28;9;1;1;1
258110627238;258110628065;827;9;1;1;1
258110628065;258110628248;183;9;1;1;1
258110628248;258110628527;279;9;1;1;1
258110628527;258110632616;4089;9;1;1;1
258110632616;258110632815;199;9;1;1;1
258110632815;258110633428;613;9;1;1;1
258110633428;258110633662;234;9;1;1;1
258110633662;258110633699;37;9;1;1;1
258110633699;258110633833;134;9;1;1;1
258110633833;258110633953;120;9;1;1;1
258110633953;258110633991;38;9;1;1;1
258110633991;258110642497;8506;9;1;1;1
258110642497;258110642559;62;9;1;1;1
258110642559;258110643108;549;9;1;1;1
258110643108;258110643250;142;9;1;1;1
258110643250;258110643515;265;9;1;1;1
258110643515;258110643533;18;9;1;1;1
258110643533;258110643586;53;9;1;1;1
258110643586;258110644135;549;9;1;1;1
258110644135;258110644285;150;9;1;1;1
258110644285;258110644339;54;9;1;1;1
258110644339;258110644474;135;9;1;1;1
258110644474;258110644556;82;9;1;1;1
258110644556;258110645592;1036;9;1;1;1
258110645592;258110645859;267;9;1;1;1
258110645859;258110645945;86;9;1;1;1
258110645945;258110646066;121;9;1;1;1
258110646066;258110650231;4165;9;1;1;1
258110679261;258110682705;3444;9;1;1;1
258110682705;258110682761;56;9;1;1;1
258110682761;258110682935;174;9;1;1;1
258110682935;258110683006;71;9;1;1;1
258110683006;258110683070;64;9;1;1;1
258110683070;258110683103;33;9;1;1;1
258110683103;258110684199;1096;9;1;1;1
258110685276;258110686434;1158;9;1;1;1
258110687308;258110689544;2236;9;1;1;1
258110691095;258110691814;719;9;1;1;1
258110694648;258110695019;371;9;1;1;1
258110695019;258110695110;91;9;1;1;1
258110695110;258110695206;96;9;1;1;1
258110695206;258110695653;447;9;1;1;1
258110697327;258110698129;802;9;1;1;1
258110699727;258110709606;9879;9;1;1;1
258110715000;258110715618;618;9;1;1;1
258110716247;258110724527;8280;9;1;1;1
258110724527;258110724542;15;9;1;1;1
258110724542;258110724599;57;9;1;1;1
258110724599;258110724631;32;9;1;1;1
258110724631;258110724679;48;9;1;1;1
258110724679;258110724755;76;9;1;1;1
258110724755;258110724799;44;9;1;1;1
258110724799;258110724802;3;9;1;1;1
258110724802;258110724845;43;9;1;1;1
258110724845;258110724863;18;9;1;1;1
258110724863;258110724968;105;9;1;1;1
258110724968;258110754675;29707;9;1;1;1
258111261501;258111271109;9608;9;1;1;1
258111271109;258111271305;196;9;1;1;1
258111271305;258111271424;119;9;1;1;1
258111271424;258111271577;153;9;1;1;1
258111271577;258111277500;5923;9;1;1;1
258111338306;258111340814;2508;9;1;1;1
258111340814;258111340971;157;9;1;1;1
258111340971;258111344682;3711;9;1;1;1
258111441520;258111456182;14662;9;1;1;1
258111456182;258111456354;172;9;1;1;1
258111456354;258111466368;10014;9;1;1;1
258111466368;258111466571;203;9;1;1;1
258111466571;258111466683;112;9;1;1;1
258111466683;258111466845;162;9;1;1;1
258111466845;258111474788;7943;9;1;1;1
258111501776;258111502050;274;9;1;1;1
258111502050;258111502228;178;9;1;1;1
258111502228;258111502512;284;9;1;1;1
258111502512;258111502578;66;9;1;1;1
258111502578;258111502611;33;9;1;1;1
258111502611;258111502645;34;9;1;1;1
258111502645;258111503943;1298;9;1;1;1
258111516910;258111517091;181;9;1;1;1
258111517129;258111517260;131;9;1;1;1
258111584404;258111584648;244;9;1;1;1
258111584731;258111584978;247;9;1;1;1
258111668813;258111668919;106;9;1;1;1
258111668919;258111668925;6;9;1;1;1
258111668925;258111668974;49;9;1;1;1
258111668974;258111669007;33;9;1;1;1
258111669007;258111669085;78;9;1;1;1
258111669085;258111669218;133;9;1;1;1
258111669218;258111669397;179;9;1;1;1
258111669397;258111669627;230;9;1;1;1
258111669627;258111669665;38;9;1;1;1
258111669665;258111669702;37;9;1;1;1
258111669702;258111669867;165;9;1;1;1
258111669867;258111670077;210;9;1;1;1
258111670077;258111683503;13426;9;1;1;1
258111683503;258111683538;35;9;1;1;1
258111683538;258111683795;257;9;1;1;1
258111683795;258111691496;7701;9;1;1;1
258111731263;258111748264;17001;9;1;1;1
258111748264;258111749421;1157;9;1;1;1
258111749421;258111751239;1818;9;1;1;1
258111751239;258111759355;8116;9;1;1;1
258111759355;258111759748;393;9;1;1;1
258111759748;258111759973;225;9;1;1;1
258111759973;258111760008;35;9;1;1;1
258111760008;258111760030;22;9;1;1;1
258111760030;258111760064;34;9;1;1;1
258111760064;258111760086;22;9;1;1;1
258111760086;258111760291;205;9;1;1;1
258111760291;258111760436;145;9;1;1;1
258111760436;258111760483;47;9;1;1;1
258111760483;258111760565;82;9;1;1;1
258111760565;258111760641;76;9;1;1;1
258111760641;258111760947;306;9;1;1;1
258111760947;258111761036;89;9;1;1;1
258111761036;258111761075;39;9;1;1;1
258111761075;258111777565;16490;9;1;1;1
258111777565;258111777651;86;9;1;1;1
258111777651;258111777730;79;9;1;1;1
258111777730;258111786005;8275;9;1;1;1
258111786005;258111786067;62;9;1;1;1
258111786067;258111786162;95;9;1;1;1
258111786162;258111793293;7131;9;1;1;1
258111793293;258111793460;167;9;1;1;1
258111844027;258111844077;50;9;1;1;1
258111844077;258111844087;10;9;1;1;1
258111844087;258111844112;25;9;1;1;1
258111844112;258111844150;38;9;1;1;1
258111844150;258111844372;222;9;1;1;1
258111844372;258111844533;161;9;1;1;1
258111844533;258111844570;37;9;1;1;1
258111844570;258111844675;105;9;1;1;1
258111844675;258111844715;40;9;1;1;1
258111844715;258111844739;24;9;1;1;1
258111844739;258111844751;12;9;1;1;1
258111844751;258111844973;222;9;1;1;1
258111844973;258111845105;132;9;1;1;1
258112277163;258112277376;213;9;1;1;1
258112277725;258112277762;37;9;1;1;1
258112277762;258112277798;36;9;1;1;1
258112277798;258112277833;35;9;1;1;1
258112277833;258112277870;37;9;1;1;1
258112277870;258112277999;129;9;1;1;1
258112277999;258112278118;119;9;1;1;1
258112278118;258112278286;168;9;1;1;1
258112278286;258112278404;118;9;1;1;1
258112278404;258112278525;121;9;1;1;1
258112278561;258112278695;134;9;1;1;1
258112324638;258112324757;119;9;1;1;1
258112324757;258112324796;39;9;1;1;1
258112324796;258112324954;158;9;1;1;1
258112324954;258112325209;255;9;1;1;1
258112325209;258112327526;2317;9;1;1;1
258112327526;258112327891;365;9;1;1;1
258112327891;258112328707;816;9;1;1;1
258112328707;258112329103;396;9;1;1;1
258112329103;258112329529;426;9;1;1;1
258112331751;258112331968;217;9;1;1;1
258112332009;258112332234;225;9;1;1;1
258112416503;258112416517;14;9;1;1;1
258112416517;258112416566;49;9;1;1;1
258112416566;258112416574;8;9;1;1;1
258112416574;258112416599;25;9;1;1;1
258112416599;258112416793;194;9;1;1;1
258112416793;258112416836;43;9;1;1;1
258112416836;258112416936;100;9;1;1;1
258112416936;258112416996;60;9;1;1;1
258112416996;258112417075;79;9;1;1;1
258112438533;258112438766;233;9;1;1;1
258112438766;258112438797;31;9;1;1;1
258112438797;258112438811;14;9;1;1;1
258112438811;258112440174;1363;9;1;1;1
258112440174;258112467340;27166;9;1;1;1
258112467340;258112473374;6034;9;1;1;1
258112473374;258112481182;7808;9;1;1;1
258112482207;258112485145;2938;9;1;1;1
258112486060;258112486177;117;9;1;1;1
258112487382;258112487683;301;9;1;1;1
258112489272;258112492402;3130;9;1;1;1
258112493780;258112497269;3489;9;1;1;1
258112498927;258112510857;11930;9;1;1;1
258112510857;258112521184;10327;9;1;1;1
258112521184;258112521387;203;9;1;1;1
258112521387;258112521441;54;9;1;1;1
258112521441;258112521616;175;9;1;1;1
258112521616;258112525723;4107;9;1;1;1
258112525723;258112525909;186;9;1;1;1
258112525909;258112526033;124;9;1;1;1
258112526033;258112526073;40;9;1;1;1
258112526073;258112526108;35;9;1;1;1
258112526108;258112543610;17502;9;1;1;1
258112543610;258112550907;7297;9;1;1;1
258112617165;258112630127;12962;9;1;1;1
258112630127;258112638762;8635;9;1;1;1
258112638762;258112638789;27;9;1;1;1
258112638789;258112638843;54;9;1;1;1
258112638843;258112639044;201;9;1;1;1
258112639044;258112639077;33;9;1;1;1
258112639077;258112639169;92;9;1;1;1
258112639169;258112639256;87;9;1;1;1
258112639256;258112639410;154;9;1;1;1
258112639410;258112641662;2252;9;1;1;1
258112641662;258112644437;2775;9;1;1;1
258112644437;258112644528;91;9;1;1;1
258112644528;258112644613;85;9;1;1;1
258112644613;258112644706;93;9;1;1;1
258112644706;258112644784;78;9;1;1;1
258112644784;258112644820;36;9;1;1;1
258112644820;258112644967;147;9;1;1;1
258112644967;258112645087;120;9;1;1;1
258112645087;258112662972;17885;9;1;1;1
258112662972;258112663092;120;9;1;1;1
258112663092;258112663408;316;9;1;1;1
258112663408;258112663651;243;9;1;1;1
258112663651;258112664616;965;9;1;1;1
258112664616;258112664655;39;9;1;1;1
258112664655;258112667844;3189;9;1;1;1
258112667844;258112668038;194;9;1;1;1
258112668038;258112669722;1684;9;1;1;1
258112669722;258112669911;189;9;1;1;1
258112669911;258112670058;147;9;1;1;1
258112670058;258112676449;6391;9;1;1;1
258112676449;258112679694;3245;9;1;1;1
258112679694;258112679796;102;9;1;1;1
258112679796;258112679847;51;9;1;1;1
258112679847;258112681440;1593;9;1;1;1
258112681440;258112689720;8280;9;1;1;1
258112695302;258112697479;2177;9;1;1;1
258112697479;258112699201;1722;9;1;1;1
258112699859;258112708860;9001;9;1;1;1
258112708860;258112708912;52;9;1;1;1
258112708912;258112708938;26;9;1;1;1
258112708938;258112708995;57;9;1;1;1
258112708995;258112709003;8;9;1;1;1
258112709003;258112709054;51;9;1;1;1
258112709054;258112709081;27;9;1;1;1
258112709081;258112709405;324;9;1;1;1
258112709405;258112709592;187;9;1;1;1
258112709592;258112709651;59;9;1;1;1
258112709651;258112709753;102;9;1;1;1
258112709753;258112709804;51;9;1;1;1
258112709804;258112709983;179;9;1;1;1
258112709983;258112710028;45;9;1;1;1
258112710028;258112741317;31289;9;1;1;1
258112741317;258112750376;9059;9;1;1;1
258112750376;258112751658;1282;9;1;1;1
258112751658;258112751982;324;9;1;1;1
258112751982;258112752035;53;9;1;1;1
258112752035;258112752063;28;9;1;1;1
258112752063;258112752119;56;9;1;1;1
258112752119;258112752130;11;9;1;1;1
258112752130;258112752153;23;9;1;1;1
258112752153;258112752341;188;9;1;1;1
258112752341;258112752496;155;9;1;1;1
258112752496;258112752537;41;9;1;1;1
258112752537;258112752695;158;9;1;1;1
258112752695;258112752737;42;9;1;1;1
258112752737;258112752837;100;9;1;1;1
258112752837;258112752928;91;9;1;1;1
258112752928;258112753095;167;9;1;1;1
258112753095;258112757806;4711;9;1;1;1
258112757806;258112757829;23;9;1;1;1
258112757829;258112757882;53;9;1;1;1
258112757882;258112760574;2692;9;1;1;1
258112760574;258112760593;19;9;1;1;1
258112760593;258112761002;409;9;1;1;1
258112761002;258112761057;55;9;1;1;1
258112761057;258112763688;2631;9;1;1;1
258112763688;258112764017;329;9;1;1;1
258112764017;258112764070;53;9;1;1;1
258112764070;258112764366;296;9;1;1;1
258112764366;258112766933;2567;9;1;1;1
258112766933;258112767031;98;9;1;1;1
258112767031;258112767150;119;9;1;1;1
258112767150;258112770316;3166;9;1;1;1
258112776850;258112777704;854;9;1;1;1
258112780235;258112780765;530;9;1;1;1
258112781680;258112785439;3759;9;1;1;1
258112799503;258112801437;1934;9;1;1;1
258112801437;258112801509;72;9;1;1;1
258112801509;258112801610;101;9;1;1;1
258112801610;258112801676;66;9;1;1;1
258112801676;258112803058;1382;9;1;1;1
258112810271;258112822433;12162;9;1;1;1
258112822433;258112822563;130;9;1;1;1
258112822563;258112822687;124;9;1;1;1
258112822687;258112823122;435;9;1;1;1
258112823122;258112823170;48;9;1;1;1
258112823170;258112830441;7271;9;1;1;1
258112830441;258112830580;139;9;1;1;1
258112830580;258112830641;61;9;1;1;1
258112830641;258112830908;267;9;1;1;1
258112830908;258112830994;86;9;1;1;1
258112830994;258112831026;32;9;1;1;1
258112831026;258112831052;26;9;1;1;1
258112831052;258112854953;23901;9;1;1;1
258112854953;258112855062;109;9;1;1;1
258112855062;258112855107;45;9;1;1;1
258112855107;258112858277;3170;9;1;1;1
258112888963;258112898736;9773;9;1;1;1
258112898736;258112898794;58;9;1;1;1
258112898794;258112899058;264;9;1;1;1
258112899058;258112899187;129;9;1;1;1
258112899187;258112899533;346;9;1;1;1
258112899533;258112899607;74;9;1;1;1
258112899607;258112899657;50;9;1;1;1
258112899657;258112899708;51;9;1;1;1
258112899708;258112900787;1079;9;1;1;1
258112900787;258112900975;188;9;1;1;1
258112900975;258112904303;3328;9;1;1;1
258112904937;258112905126;189;9;1;1;1
258112905126;258112906230;1104;9;1;1;1
258112906230;258112908885;2655;9;1;1;1
258112908885;258112909009;124;9;1;1;1
258112909009;258112909224;215;9;1;1;1
258112909224;258112909477;253;9;1;1;1
258112909477;258112956509;47032;9;1;1;1
258112956509;258112966045;9536;9;1;1;1
258112966045;258112966093;48;9;1;1;1
258112966093;258112966290;197;9;1;1;1
258112966290;258112966432;142;9;1;1;1
258112966432;258112967393;961;9;1;1;1
258112967393;258112969506;2113;9;1;1;1
258112969506;258112969687;181;9;1;1;1
258112969687;258112969770;83;9;1;1;1
258112969770;258112969820;50;9;1;1;1
258112969820;258112969876;56;9;1;1;1
258112969876;258112970808;932;9;1;1;1
258112970808;258112972619;1811;9;1;1;1
258113057956;258113060001;2045;9;1;1;1
258113060001;258113060051;50;9;1;1;1
258113060051;258113060078;27;9;1;1;1
258113060078;258113060132;54;9;1;1;1
258113060132;258113060183;51;9;1;1;1
258113060183;258113060191;8;9;1;1;1
258113060191;258113060244;53;9;1;1;1
258113060244;258113060294;50;9;1;1;1
258113060294;258113062137;1843;9;1;1;1
258113062137;258113063185;1048;9;1;1;1
258113063185;258113075332;12147;9;1;1;1
258113075332;258113080817;5485;9;1;1;1
258113111340;258113111635;295;9;1;1;1
258113111635;258113111684;49;9;1;1;1
258113111684;258113111736;52;9;1;1;1
258113111736;258113111770;34;9;1;1;1
258113111770;258113111792;22;9;1;1;1
258113111792;258113112844;1052;9;1;1;1
258113112844;258113112906;62;9;1;1;1
258113112906;258113115231;2325;9;1;1;1
258113115231;258113115239;8;9;1;1;1
258113115239;258113115752;513;9;1;1;1
258113115752;258113115776;24;9;1;1;1
258113115776;258113115896;120;9;1;1;1
258113115896;258113116226;330;9;1;1;1
258113116226;258113116362;136;9;1;1;1
258113116362;258113116418;56;9;1;1;1
258113116418;258113117603;1185;9;1;1;1
258113117603;258113117676;73;9;1;1;1
258113117676;258113118128;452;9;1;1;1
258113118128;258113118285;157;9;1;1;1
258113118285;258113118358;73;9;1;1;1
258113118358;258113118451;93;9;1;1;1
258113118451;258113118609;158;9;1;1;1
258113118609;258113118688;79;9;1;1;1
258113118688;258113119039;351;9;1;1;1
258113119039;258113122590;3551;9;1;1;1
258113122590;258113122933;343;9;1;1;1
258113122933;258113122982;49;9;1;1;1
258113122982;258113123033;51;9;1;1;1
258113123033;258113123041;8;9;1;1;1
258113123041;258113123047;6;9;1;1;1
258113123047;258113123106;59;9;1;1;1
258113123106;258113123174;68;9;1;1;1
258113123174;258113123343;169;9;1;1;1
258113123343;258113123490;147;9;1;1;1
258113123490;258113123653;163;9;1;1;1
258113123653;258113123682;29;9;1;1;1
258113123682;258113125526;1844;9;1;1;1
258113125526;258113125585;59;9;1;1;1
258113125585;258113125659;74;9;1;1;1
258113125659;258113126034;375;9;1;1;1
258113126662;258113127080;418;9;1;1;1
258113127080;258113127236;156;9;1;1;1
258113127236;258113127256;20;9;1;1;1
258113127256;258113127435;179;9;1;1;1
258113127435;258113128527;1092;9;1;1;1
258113128527;258113129486;959;9;1;1;1
258113129486;258113130756;1270;9;1;1;1
258113130756;258113131262;506;9;1;1;1
258113131262;258113131295;33;9;1;1;1
258113131295;258113131554;259;9;1;1;1
258113131554;258113131692;138;9;1;1;1
258113131692;258113131763;71;9;1;1;1
258113131763;258113132532;769;9;1;1;1
258113132532;258113132779;247;9;1;1;1
258113132779;258113135621;2842;9;1;1;1
258113135621;258113136962;1341;9;1;1;1
258113136962;258113137287;325;9;1;1;1
258113137287;258113139888;2601;9;1;1;1
258113139888;258113144705;4817;9;1;1;1
258113144705;258113144991;286;9;1;1;1
258113144991;258113147407;2416;9;1;1;1
258113147407;258113148069;662;9;1;1;1
258113148069;258113148381;312;9;1;1;1
258113148381;258113148398;17;9;1;1;1
258113148398;258113148476;78;9;1;1;1
258113148476;258113148547;71;9;1;1;1
258113148547;258113148600;53;9;1;1;1
258113148600;258113156007;7407;9;1;1;1
258113156007;258113156062;55;9;1;1;1
258113156062;258113156171;109;9;1;1;1
258113156171;258113156376;205;9;1;1;1
258113156376;258113156387;11;9;1;1;1
258113156387;258113159489;3102;9;1;1;1
258113159489;258113159585;96;9;1;1;1
258113159585;258113159624;39;9;1;1;1
258113159624;258113159696;72;9;1;1;1
258113159696;258113159804;108;9;1;1;1
258113159804;258113159909;105;9;1;1;1
258113159909;258113160021;112;9;1;1;1
258113160021;258113160118;97;9;1;1;1
258113160118;258113161825;1707;9;1;1;1
258113161825;258113162020;195;9;1;1;1
258113162020;258113162814;794;9;1;1;1
258113162814;258113164574;1760;9;1;1;1
258113164574;258113164875;301;9;1;1;1
258113164875;258113164894;19;9;1;1;1
258113164894;258113164924;30;9;1;1;1
258113164924;258113165086;162;9;1;1;1
258113165086;258113166613;1527;9;1;1;1
258113166613;258113166682;69;9;1;1;1
258113166682;258113166709;27;9;1;1;1
258113166709;258113166961;252;9;1;1;1
258113166961;258113167057;96;9;1;1;1
258113167057;258113167381;324;9;1;1;1
258113167381;258113168756;1375;9;1;1;1
258113168756;258113168953;197;9;1;1;1
258113168953;258113169012;59;9;1;1;1
258113169012;258113169126;114;9;1;1;1
258113169126;258113169157;31;9;1;1;1
258113169157;258113172444;3287;9;1;1;1
258113172444;258113172648;204;9;1;1;1
258113172648;258113173126;478;9;1;1;1
258113173126;258113173298;172;9;1;1;1
258113173298;258113173490;192;9;1;1;1
258113173490;258113175610;2120;9;1;1;1
258113175610;258113177033;1423;9;1;1;1
258113177033;258113177233;200;9;1;1;1
258113177233;258113177458;225;9;1;1;1
258113177458;258113178271;813;9;1;1;1
258113178271;258113178484;213;9;1;1;1
258113178484;258113178734;250;9;1;1;1
258113178734;258113178868;134;9;1;1;1
258113178868;258113178904;36;9;1;1;1
258113178904;258113178943;39;9;1;1;1
258113178943;258113179095;152;9;1;1;1
258113179095;258113182867;3772;9;1;1;1
258113182867;258113184800;1933;9;1;1;1
258113184800;258113184844;44;9;1;1;1
258113184844;258113184873;29;9;1;1;1
258113184873;258113184888;15;9;1;1;1
258113184888;258113186172;1284;9;1;1;1
258113186172;258113189868;3696;9;1;1;1
258113189868;258113190831;963;9;1;1;1
258113190831;258113191116;285;9;1;1;1
258113191116;258113193007;1891;9;1;1;1
258113193007;258113193078;71;9;1;1;1
258113193078;258113193179;101;9;1;1;1
258113193179;258113194162;983;9;1;1;1
258113194162;258113194513;351;9;1;1;1
258113194513;258113195567;1054;9;1;1;1
258113195567;258113195709;142;9;1;1;1
258113195709;258113195778;69;9;1;1;1
258113195778;258113198151;2373;9;1;1;1
258113198151;258113198311;160;9;1;1;1
258113198311;258113198512;201;9;1;1;1
258113198512;258113199867;1355;9;1;1;1
258113199867;258113200032;165;9;1;1;1
258113200032;258113201530;1498;9;1;1;1
258113202164;258113202220;56;9;1;1;1
258113202220;258113202719;499;9;1;1;1
258113202719;258113205085;2366;9;1;1;1
258113205085;258113205134;49;9;1;1;1
258113205134;258113205319;185;9;1;1;1
258113205319;258113205431;112;9;1;1;1
258113205431;258113205482;51;9;1;1;1
258113205482;258113205792;310;9;1;1;1
258113205792;258113205871;79;9;1;1;1
258113205871;258113205914;43;9;1;1;1
258113205914;258113206898;984;9;1;1;1
258113206898;258113207039;141;9;1;1;1
258113207039;258113207448;409;9;1;1;1
258113207448;258113208670;1222;9;1;1;1
258113208670;258113209550;880;9;1;1;1
258113209550;258113209606;56;9;1;1;1
258113209606;258113209659;53;9;1;1;1
258113209659;258113209767;108;9;1;1;1
258113209767;258113209815;48;9;1;1;1
258113209815;258113210400;585;9;1;1;1
258113210400;258113210934;534;9;1;1;1
258113210934;258113210983;49;9;1;1;1
258113210983;258113211063;80;9;1;1;1
258113211063;258113211071;8;9;1;1;1
258113211071;258113211191;120;9;1;1;1
258113211191;258113211206;15;9;1;1;1
258113211206;258113216214;5008;9;1;1;1
258113216214;258113217709;1495;9;1;1;1
258113217709;258113221867;4158;9;1;1;1
258113221867;258113222170;303;9;1;1;1
258113222170;258113222340;170;9;1;1;1
258113222340;258113222436;96;9;1;1;1
258113222436;258113222494;58;9;1;1;1
258113222494;258113222546;52;9;1;1;1
258113222546;258113222602;56;9;1;1;1
258113222602;258113222608;6;9;1;1;1
258113222608;258113223264;656;9;1;1;1
258113223264;258113223309;45;9;1;1;1
258113223309;258113224497;1188;9;1;1;1
258113224497;258113224756;259;9;1;1;1
258113224756;258113224887;131;9;1;1;1
258113224887;258113225071;184;9;1;1;1
258113225071;258113227353;2282;9;1;1;1
258113227353;258113227381;28;9;1;1;1
258113227381;258113227785;404;9;1;1;1
258113227785;258113227991;206;9;1;1;1
258113227991;258113228222;231;9;1;1;1
258113228222;258113228474;252;9;1;1;1
258113228474;258113228874;400;9;1;1;1
258113228874;258113229102;228;9;1;1;1
258113229102;258113229228;126;9;1;1;1
258113229228;258113229419;191;9;1;1;1
258113229419;258113230995;1576;9;1;1;1
258113230995;258113231931;936;9;1;1;1
258113231931;258113232082;151;9;1;1;1
258113232082;258113232223;141;9;1;1;1
258113232223;258113234152;1929;9;1;1;1
258113234152;258113234947;795;9;1;1;1
258113234947;258113235386;439;9;1;1;1
258113235386;258113236983;1597;9;1;1;1
258113236983;258113238866;1883;9;1;1;1
258113238866;258113239716;850;9;1;1;1
258113239716;258113241144;1428;9;1;1;1
258113241144;258113243966;2822;9;1;1;1
258113243966;258113245712;1746;9;1;1;1
258113245712;258113245890;178;9;1;1;1
258113245890;258113245918;28;9;1;1;1
258113245918;258113248935;3017;9;1;1;1
258113248935;258113251788;2853;9;1;1;1
258113252430;258113252625;195;9;1;1;1
258113252625;258113252647;22;9;1;1;1
258113252647;258113252697;50;9;1;1;1
258113252697;258113259487;6790;9;1;1;1
258113259487;258113259514;27;9;1;1;1
258113259514;258113260538;1024;9;1;1;1
258113260538;258113261144;606;9;1;1;1
258113261144;258113261324;180;9;1;1;1
258113261324;258113261614;290;9;1;1;1
258113261614;258113261683;69;9;1;1;1
258113261683;258113263853;2170;9;1;1;1
258113263853;258113264042;189;9;1;1;1
258113264042;258113264052;10;9;1;1;1
258113264052;258113264092;40;9;1;1;1
258113264092;258113264353;261;9;1;1;1
258113264353;258113264467;114;9;1;1;1
258113264467;258113264800;333;9;1;1;1
258113264800;258113264873;73;9;1;1;1
258113264873;258113264965;92;9;1;1;1
258113264965;258113265173;208;9;1;1;1
258113265173;258113265302;129;9;1;1;1
258113265302;258113265377;75;9;1;1;1
258113265377;258113265545;168;9;1;1;1
258113265545;258113269210;3665;9;1;1;1
258113269210;258113271616;2406;9;1;1;1
258113271616;258113271679;63;9;1;1;1
258113271679;258113271947;268;9;1;1;1
258113271947;258113273600;1653;9;1;1;1
258113273600;258113274355;755;9;1;1;1
258113274355;258113275078;723;9;1;1;1
258113275078;258113275879;801;9;1;1;1
258113275879;258113276045;166;9;1;1;1
258113276045;258113276220;175;9;1;1;1
258113276220;258113276362;142;9;1;1;1
258113276362;258113276485;123;9;1;1;1
258113276485;258113276486;1;9;1;1;1
258113276486;258113276540;54;9;1;1;1
258113276540;258113276597;57;9;1;1;1
258113276597;258113276697;100;9;1;1;1
258113276697;258113276733;36;9;1;1;1
258113276733;258113277856;1123;9;1;1;1
258113277856;258113277947;91;9;1;1;1
258113277947;258113278124;177;9;1;1;1
258113278124;258113278746;622;9;1;1;1
258113278746;258113279184;438;9;1;1;1
258113279184;258113282862;3678;9;1;1;1
258113282862;258113283415;553;9;1;1;1
258113283415;258113285652;2237;9;1;1;1
258113285652;258113290776;5124;9;1;1;1
258113290776;258113290817;41;9;1;1;1
258113290817;258113290842;25;9;1;1;1
258113290842;258113290885;43;9;1;1;1
258113290885;258113290909;24;9;1;1;1
258113290909;258113291300;391;9;1;1;1
258113291300;258113291656;356;9;1;1;1
258113291656;258113291973;317;9;1;1;1
258113291973;258113293691;1718;9;1;1;1
258113293691;258113293935;244;9;1;1;1
258113293935;258113293995;60;9;1;1;1
258113293995;258113295616;1621;9;1;1;1
258113295616;258113299437;3821;9;1;1;1
258113299437;258113299792;355;9;1;1;1
258113299792;258113300172;380;9;1;1;1
258113300172;258113300532;360;9;1;1;1
258113300532;258113301346;814;9;1;1;1
258113301346;258113301868;522;9;1;1;1
258113301868;258113301993;125;9;1;1;1
258113301993;258113302024;31;9;1;1;1
258113302024;258113302226;202;9;1;1;1
258113302226;258113302266;40;9;1;1;1
258113302266;258113302294;28;9;1;1;1
258113302294;258113302480;186;9;1;1;1
258113302480;258113302546;66;9;1;1;1
258113302546;258113302674;128;9;1;1;1
258113302674;258113302965;291;9;1;1;1
258113302965;258113303152;187;9;1;1;1
258113303152;258113305554;2402;9;1;1;1
258113305554;258113305761;207;9;1;1;1
258113305761;258113305848;87;9;1;1;1
258113305848;258113305964;116;9;1;1;1
258113305964;258113306820;856;9;1;1;1
258113306820;258113306960;140;9;1;1;1
258113306960;258113307060;100;9;1;1;1
258113307060;258113307096;36;9;1;1;1
258113307096;258113307501;405;9;1;1;1
258113307501;258113311604;4103;9;1;1;1
258113311604;258113311919;315;9;1;1;1
258113311919;258113313442;1523;9;1;1;1
258113313442;258113314296;854;9;1;1;1
258113314296;258113314429;133;9;1;1;1
258113314429;258113314879;450;9;1;1;1
258113314879;258113316393;1514;9;1;1;1
258113316393;258113322580;6187;9;1;1;1
258113322580;258113323551;971;9;1;1;1
258113323551;258113327562;4011;9;1;1;1
258113327562;258113331728;4166;9;1;1;1
258113332367;258113339129;6762;9;1;1;1
258113339129;258113339135;6;9;1;1;1
258113339135;258113341879;2744;9;1;1;1
258113341879;258113342024;145;9;1;1;1
258113342024;258113343334;1310;9;1;1;1
258113343334;258113343515;181;9;1;1;1
258113343515;258113343892;377;9;1;1;1
258113343892;258113344098;206;9;1;1;1
258113344098;258113344290;192;9;1;1;1
258113344290;258113344424;134;9;1;1;1
258113344424;258113344558;134;9;1;1;1
258113344558;258113344677;119;9;1;1;1
258113344677;258113354833;10156;9;1;1;1
258113354833;258113362546;7713;9;1;1;1
258113362546;258113362621;75;9;1;1;1
258113362621;258113362778;157;9;1;1;1
258113362778;258113362818;40;9;1;1;1
258113362818;258113362896;78;9;1;1;1
258113362896;258113363035;139;9;1;1;1
258113363035;258113365668;2633;9;1;1;1
258113365668;258113365731;63;9;1;1;1
258113366372;258113366399;27;9;1;1;1
258113366399;258113366495;96;9;1;1;1
258113366495;258113366674;179;9;1;1;1
258113366674;258113368797;2123;9;1;1;1
258113368797;258113368845;48;9;1;1;1
258113368845;258113368906;61;9;1;1;1
258113368906;258113372872;3966;9;1;1;1
258113372872;258113373945;1073;9;1;1;1
258113373945;258113374099;154;9;1;1;1
258113374099;258113374275;176;9;1;1;1
258113374275;258113375656;1381;9;1;1;1
258113375656;258113375693;37;9;1;1;1
258113375693;258113375769;76;9;1;1;1
258113375769;258113382782;7013;9;1;1;1
258113382782;258113385711;2929;9;1;1;1
258113385711;258113385779;68;9;1;1;1
258113385779;258113385880;101;9;1;1;1
258113385880;258113388434;2554;9;1;1;1
258113388434;258113388593;159;9;1;1;1
258113388593;258113388619;26;9;1;1;1
258113388619;258113390560;1941;9;1;1;1
258113390560;258113398259;7699;9;1;1;1
258113398259;258113399608;1349;9;1;1;1
258113399608;258113399988;380;9;1;1;1
258113399988;258113400122;134;9;1;1;1
258113400122;258113400218;96;9;1;1;1
258113400218;258113400448;230;9;1;1;1
258113400448;258113400518;70;9;1;1;1
258113400518;258113400555;37;9;1;1;1
258113400555;258113400628;73;9;1;1;1
258113400628;258113408192;7564;9;1;1;1
258113408192;258113409056;864;9;1;1;1
258113409056;258113409139;83;9;1;1;1
258113409139;258113409330;191;9;1;1;1
258113409330;258113418912;9582;9;1;1;1
258113418912;258113419955;1043;9;1;1;1
258113419955;258113419987;32;9;1;1;1
258113419987;258113420059;72;9;1;1;1
258113420059;258113420117;58;9;1;1;1
258113420117;258113420155;38;9;1;1;1
258113420155;258113421124;969;9;1;1;1
258113421124;258113422401;1277;9;1;1;1
258113422401;258113422598;197;9;1;1;1
258113422598;258113422692;94;9;1;1;1
258113422692;258113422902;210;9;1;1;1
258113422902;258113424827;1925;9;1;1;1
258113424827;258113424847;20;9;1;1;1
258113424847;258113424867;20;9;1;1;1
258113424867;258113425025;158;9;1;1;1
258113425025;258113425237;212;9;1;1;1
258113425237;258113425372;135;9;1;1;1
258113425372;258113425733;361;9;1;1;1
258113425733;258113425856;123;9;1;1;1
258113425856;258113425899;43;9;1;1;1
258113425899;258113425942;43;9;1;1;1
258113425942;258113426055;113;9;1;1;1
258113426055;258113426307;252;9;1;1;1
258113426307;258113428159;1852;9;1;1;1
258113428159;258113428483;324;9;1;1;1
258113428483;258113428742;259;9;1;1;1
258113428742;258113428846;104;9;1;1;1
258113428846;258113428980;134;9;1;1;1
258113428980;258113429402;422;9;1;1;1
258113429402;258113438021;8619;9;1;1;1
258113438021;258113439009;988;9;1;1;1
258113439009;258113442381;3372;9;1;1;1
258113442381;258113470489;28108;9;1;1;1
258113470489;258113470547;58;9;1;1;1
258113470547;258113470675;128;9;1;1;1
258113470675;258113471057;382;9;1;1;1
258113471057;258113471177;120;9;1;1;1
258113471177;258113471223;46;9;1;1;1
