start;end;duration;jobs;njobs;days;ndays
258110765669;258110766280;611;2,9;2;1;1
258111072864;258111075381;2517;2,9;2;1;1
258111075381;258111079214;3833;2,9;2;1;1
258111079214;258111081498;2284;2,9;2;1;1
258111081498;258111088108;6610;2,9;2;1;1
258111088108;258111088285;177;2,9;2;1;1
258111088285;258111089460;1175;2,9;2;1;1
258111089460;258111089850;390;2,9;2;1;1
258111089850;258111095953;6103;2,9;2;1;1
258111095953;258111097555;1602;2,9;2;1;1
258111097555;258111099680;2125;2,9;2;1;1
258111099680;258111099743;63;2,9;2;1;1
258111099743;258111103458;3715;2,9;2;1;1
258111103458;258111106555;3097;2,9;2;1;1
258111106555;258111106713;158;2,9;2;1;1
258111106713;258111107490;777;2,9;2;1;1
258111107490;258111108253;763;2,9;2;1;1
258111108253;258111110077;1824;2,9;2;1;1
258111110077;258111110388;311;2,9;2;1;1
258111110388;258111117334;6946;2,9;2;1;1
258111117334;258111120563;3229;2,9;2;1;1
258111120563;258111121651;1088;2,9;2;1;1
258111121651;258111122507;856;2,9;2;1;1
258111122507;258111123195;688;2,9;2;1;1
258111185795;258111189241;3446;2,9;2;1;1
258111189241;258111193172;3931;2,9;2;1;1
258111193172;258111196289;3117;2,9;2;1;1
258111196894;258111197037;143;2,9;2;1;1
258111197037;258111212547;15510;2,9;2;1;1
258111212547;258111212881;334;2,9;2;1;1
258111212881;258111214532;1651;2,9;2;1;1
258111214532;258111219560;5028;2,9;2;1;1
258111219560;258111221401;1841;2,9;2;1;1
258111221401;258111221655;254;2,9;2;1;1
258111221655;258111222428;773;2,9;2;1;1
258111222428;258111223658;1230;2,9;2;1;1
258111223764;258111224461;697;2,9;2;1;1
258111224461;258111225559;1098;2,9;2;1;1
258111225559;258111226203;644;2,9;2;1;1
258111226203;258111231209;5006;2,9;2;1;1
258111231209;258111231287;78;2,9;2;1;1
258111382869;258111386422;3553;2,9;2;1;1
258111386422;258111386942;520;2,9;2;1;1
258111388111;258111390169;2058;2,9;2;1;1
258111518910;258111520701;1791;2,9;2;1;1
258111591607;258111594206;2599;2,9;2;1;1
258111594206;258111601595;7389;2,9;2;1;1
258111601595;258111602758;1163;2,9;2;1;1
258111602758;258111613811;11053;2,9;2;1;1
258111613811;258111614563;752;2,9;2;1;1
258111614563;258111614821;258;2,9;2;1;1
258111614821;258111618120;3299;2,9;2;1;1
258111618120;258111619859;1739;2,9;2;1;1
258111619859;258111623348;3489;2,9;2;1;1
258111623348;258111624336;988;2,9;2;1;1
258111624336;258111624490;154;2,9;2;1;1
258111624667;258111624706;39;2,9;2;1;1
258111624835;258111625171;336;2,9;2;1;1
258111625171;258111625416;245;2,9;2;1;1
258111625416;258111626103;687;2,9;2;1;1
258111626103;258111626525;422;2,9;2;1;1
258111626525;258111628131;1606;2,9;2;1;1
258111628131;258111633852;5721;2,9;2;1;1
258111633852;258111640415;6563;2,9;2;1;1
258111640415;258111640866;451;2,9;2;1;1
258111640866;258111641840;974;2,9;2;1;1
258111641840;258111643696;1856;2,9;2;1;1
258111815793;258111816211;418;2,9;2;1;1
258111816211;258111816837;626;2,9;2;1;1
258111816837;258111825873;9036;2,9;2;1;1
258111825873;258111825884;11;2,9;2;1;1
258111825884;258111828676;2792;2,9;2;1;1
258111828676;258111829303;627;2,9;2;1;1
258111829303;258111831281;1978;2,9;2;1;1
258111831281;258111831924;643;2,9;2;1;1
258111831924;258111832105;181;2,9;2;1;1
258111832105;258111832721;616;2,9;2;1;1
258111876235;258111879575;3340;2,9;2;1;1
258111879575;258111881393;1818;2,9;2;1;1
258111881393;258111888047;6654;2,9;2;1;1
258111891220;258111896275;5055;2,9;2;1;1
258111896275;258111896546;271;2,9;2;1;1
258111896546;258111898887;2341;2,9;2;1;1
258111898887;258111900042;1155;2,9;2;1;1
258111900249;258111900286;37;2,9;2;1;1
258111900466;258111904899;4433;2,9;2;1;1
258111904899;258111908714;3815;2,9;2;1;1
258111908714;258111908827;113;2,9;2;1;1
258111908827;258111909030;203;2,9;2;1;1
258111909030;258111910950;1920;2,9;2;1;1
258111978608;258112005764;27156;2,9;2;1;1
258112070973;258112073268;2295;2,9;2;1;1
258112073268;258112082938;9670;2,9;2;1;1
258112082938;258112083536;598;2,9;2;1;1
258112083536;258112089980;6444;2,9;2;1;1
258112089980;258112095912;5932;2,9;2;1;1
258112095912;258112096485;573;2,9;2;1;1
258112096485;258112097852;1367;2,9;2;1;1
258112097852;258112100630;2778;2,9;2;1;1
258112100630;258112101267;637;2,9;2;1;1
258112101267;258112106030;4763;2,9;2;1;1
258112106030;258112111533;5503;2,9;2;1;1
258112111533;258112112131;598;2,9;2;1;1
258112112131;258112119581;7450;2,9;2;1;1
258112119581;258112120680;1099;2,9;2;1;1
258112120680;258112121630;950;2,9;2;1;1
258112121630;258112122435;805;2,9;2;1;1
258112122435;258112122961;526;2,9;2;1;1
258112125705;258112126230;525;2,9;2;1;1
258112126230;258112127044;814;2,9;2;1;1
258112127044;258112127199;155;2,9;2;1;1
258112127199;258112128867;1668;2,9;2;1;1
258112128867;258112128973;106;2,9;2;1;1
258112129760;258112130510;750;2,9;2;1;1
258112167062;258112168121;1059;2,9;2;1;1
258112170134;258112170940;806;2,9;2;1;1
258112170940;258112172536;1596;2,9;2;1;1
258112172536;258112172987;451;2,9;2;1;1
258112175641;258112176231;590;2,9;2;1;1
258112176231;258112177106;875;2,9;2;1;1
258112177106;258112178415;1309;2,9;2;1;1
258112178415;258112178727;312;2,9;2;1;1
258112178727;258112179749;1022;2,9;2;1;1
258112180605;258112183057;2452;2,9;2;1;1
258112183057;258112184403;1346;2,9;2;1;1
258112184403;258112185113;710;2,9;2;1;1
258112185113;258112185525;412;2,9;2;1;1
258112185525;258112185777;252;2,9;2;1;1
258112185777;258112189177;3400;2,9;2;1;1
258112189177;258112190159;982;2,9;2;1;1
258112190159;258112192101;1942;2,9;2;1;1
258112192101;258112192729;628;2,9;2;1;1
258112192729;258112193749;1020;2,9;2;1;1
258112193749;258112194840;1091;2,9;2;1;1
258112194840;258112198582;3742;2,9;2;1;1
258112198582;258112199756;1174;2,9;2;1;1
258112199756;258112200409;653;2,9;2;1;1
258112200409;258112200489;80;2,9;2;1;1
258112203807;258112204356;549;2,9;2;1;1
258112242912;258112247126;4214;2,9;2;1;1
258112290574;258112291195;621;2,9;2;1;1
258112359941;258112360497;556;2,9;2;1;1
258112407081;258112407924;843;2,9;2;1;1
258112558507;258112560375;1868;2,9;2;1;1
258112560375;258112563723;3348;2,9;2;1;1
258112563723;258112564178;455;2,9;2;1;1
258112564178;258112564486;308;2,9;2;1;1
258112564486;258112568470;3984;2,9;2;1;1
258112568470;258112573361;4891;2,9;2;1;1
258112573361;258112573640;279;2,9;2;1;1
258112573855;258112573978;123;2,9;2;1;1
258112574145;258112575430;1285;2,9;2;1;1
258112575430;258112576336;906;2,9;2;1;1
258112576336;258112581372;5036;2,9;2;1;1
258112581372;258112582244;872;2,9;2;1;1
258112583076;258112584707;1631;2,9;2;1;1
258112584707;258112585334;627;2,9;2;1;1
258112863249;258112869008;5759;2,9;2;1;1
258112869008;258112872246;3238;2,9;2;1;1
258112872705;258112872899;194;2,9;2;1;1
258112873321;258112873445;124;2,9;2;1;1
258112873842;258112882724;8882;2,9;2;1;1
258113011118;258113012055;937;2,9;2;1;1
258113012055;258113012119;64;2,9;2;1;1
258113012119;258113014026;1907;2,9;2;1;1
258113014026;258113015529;1503;2,9;2;1;1
258113015529;258113016397;868;2,9;2;1;1
258113016397;258113016481;84;2,9;2;1;1
258113016481;258113017460;979;2,9;2;1;1
258113017460;258113018122;662;2,9;2;1;1
258113018122;258113018834;712;2,9;2;1;1
258113018834;258113019492;658;2,9;2;1;1
258113019492;258113022680;3188;2,9;2;1;1
258113022680;258113022766;86;2,9;2;1;1
258113022766;258113023216;450;2,9;2;1;1
258113023216;258113023356;140;2,9;2;1;1
258113472129;258113473057;928;2,9;2;1;1
258113541220;258113544419;3199;2,9;2;1;1
258113549435;258113550020;585;2,9;2;1;1
258113550020;258113550702;682;2,9;2;1;1
258113550702;258113551276;574;2,9;2;1;1
258113551276;258113551671;395;2,9;2;1;1
258113551671;258113551751;80;2,9;2;1;1
258113551751;258113552384;633;2,9;2;1;1
258113552384;258113554988;2604;2,9;2;1;1
258113554988;258113555835;847;2,9;2;1;1
258113557364;258113557602;238;2,9;2;1;1
258113557602;258113558501;899;2,9;2;1;1
258113559231;258113559802;571;2,9;2;1;1
258113559802;258113559873;71;2,9;2;1;1
258113559873;258113559993;120;2,9;2;1;1
258113559993;258113562674;2681;2,9;2;1;1
258113562674;258113563390;716;2,9;2;1;1
258113563390;258113564178;788;2,9;2;1;1
258113564664;258113565432;768;2,9;2;1;1
258113569601;258113570017;416;2,9;2;1;1
258113570017;258113571076;1059;2,9;2;1;1
258113571076;258113571781;705;2,9;2;1;1
258113619992;258113621933;1941;2,9;2;1;1
258113621933;258113628457;6524;2,9;2;1;1
258113628457;258113628633;176;2,9;2;1;1
258113628633;258113640827;12194;2,9;2;1;1
258113640827;258113641283;456;2,9;2;1;1
258113641283;258113643559;2276;2,9;2;1;1
258113643559;258113647473;3914;2,9;2;1;1
258113647473;258113649620;2147;2,9;2;1;1
258113649620;258113651356;1736;2,9;2;1;1
258113651356;258113651783;427;2,9;2;1;1
258113651783;258113658811;7028;2,9;2;1;1
258113658811;258113664018;5207;2,9;2;1;1
258113664018;258113666523;2505;2,9;2;1;1
258113666523;258113666743;220;2,9;2;1;1
258113666743;258113666887;144;2,9;2;1;1
258113666887;258113667070;183;2,9;2;1;1
258113667070;258113667274;204;2,9;2;1;1
258113667274;258113669227;1953;2,9;2;1;1
258113669227;258113670389;1162;2,9;2;1;1
258113670389;258113672323;1934;2,9;2;1;1
258113672323;258113672493;170;2,9;2;1;1
258113728123;258113739646;11523;2,9;2;1;1
258113739646;258113743030;3384;2,9;2;1;1
258113743030;258113756786;13756;2,9;2;1;1
258113792518;258113793524;1006;2,9;2;1;1
258113793524;258113793976;452;2,9;2;1;1
258113793976;258113795085;1109;2,9;2;1;1
258113796658;258113797875;1217;2,9;2;1;1
258113797878;258113799496;1618;2,9;2;1;1
258113799922;258113804755;4833;2,9;2;1;1
258113804755;258113805524;769;2,9;2;1;1
258113805524;258113807589;2065;2,9;2;1;1
258113841523;258113842064;541;2,9;2;1;1
258113871998;258113873323;1325;2,9;2;1;1
258113876533;258113879096;2563;2,9;2;1;1
258113879280;258113881884;2604;2,9;2;1;1
258113881884;258113882747;863;2,9;2;1;1
258113882747;258113884205;1458;2,9;2;1;1
258113884205;258113884290;85;2,9;2;1;1
258113884865;258113885365;500;2,9;2;1;1
258113885365;258113886269;904;2,9;2;1;1
258113886776;258113888160;1384;2,9;2;1;1
258113888160;258113889739;1579;2,9;2;1;1
258113889739;258113890072;333;2,9;2;1;1
258113891874;258113892401;527;2,9;2;1;1
258113892401;258113899466;7065;2,9;2;1;1
258113899466;258113899701;235;2,9;2;1;1
258113901312;258113902714;1402;2,9;2;1;1
258113955275;258113955741;466;2,9;2;1;1
258113955741;258113956446;705;2,9;2;1;1
258113956446;258113961075;4629;2,9;2;1;1
258113961075;258113961390;315;2,9;2;1;1
258113961390;258113962300;910;2,9;2;1;1
258113962300;258113962356;56;2,9;2;1;1
258113962356;258113963237;881;2,9;2;1;1
258113963237;258113964142;905;2,9;2;1;1
258113964142;258113967901;3759;2,9;2;1;1
258113967901;258113988976;21075;2,9;2;1;1
258113988976;258113989329;353;2,9;2;1;1
258113989329;258113989917;588;2,9;2;1;1
258113989917;258113994610;4693;2,9;2;1;1
258113994610;258113998803;4193;2,9;2;1;1
258113998803;258113999377;574;2,9;2;1;1
258113999377;258114002157;2780;2,9;2;1;1
258114059916;258114061744;1828;2,9;2;1;1
258114061744;258114062611;867;2,9;2;1;1
258114062611;258114063188;577;2,9;2;1;1
258114065451;258114067114;1663;2,9;2;1;1
258114069052;258114071058;2006;2,9;2;1;1
258114071573;258114073995;2422;2,9;2;1;1
258114073995;258114076421;2426;2,9;2;1;1
258114076421;258114076528;107;2,9;2;1;1
258114076528;258114077243;715;2,9;2;1;1
258114078353;258114079302;949;2,9;2;1;1
258114079302;258114081369;2067;2,9;2;1;1
258114081369;258114082558;1189;2,9;2;1;1
258114082558;258114083808;1250;2,9;2;1;1
258114083808;258114085555;1747;2,9;2;1;1
258114085555;258114085563;8;2,9;2;1;1
258114085563;258114086185;622;2,9;2;1;1
258114086185;258114089857;3672;2,9;2;1;1
258114090657;258114093260;2603;2,9;2;1;1
258114093725;258114095622;1897;2,9;2;1;1
258114095622;258114096052;430;2,9;2;1;1
258114096052;258114096531;479;2,9;2;1;1
258114096531;258114097589;1058;2,9;2;1;1
258114097589;258114098072;483;2,9;2;1;1
258114148211;258114153219;5008;2,9;2;1;1
258114153219;258114153855;636;2,9;2;1;1
258114153855;258114156768;2913;2,9;2;1;1
258114156768;258114161237;4469;2,9;2;1;1
258114161237;258114166428;5191;2,9;2;1;1
258114166428;258114169818;3390;2,9;2;1;1
258114169818;258114174802;4984;2,9;2;1;1
258114174802;258114179986;5184;2,9;2;1;1
258114179986;258114181542;1556;2,9;2;1;1
258114181542;258114184484;2942;2,9;2;1;1
258114184484;258114185012;528;2,9;2;1;1
258114185012;258114187148;2136;2,9;2;1;1
258114187148;258114187562;414;2,9;2;1;1
258114187562;258114189767;2205;2,9;2;1;1
258114189767;258114190932;1165;2,9;2;1;1
258114190932;258114191436;504;2,9;2;1;1
258114191436;258114192188;752;2,9;2;1;1
258114237785;258114238427;642;2,9;2;1;1
258114288517;258114289147;630;2,9;2;1;1
258114361934;258114367947;6013;2,9;2;1;1
258114367947;258114369357;1410;2,9;2;1;1
258114369357;258114374502;5145;2,9;2;1;1
258114374502;258114377367;2865;2,9;2;1;1
258114377367;258114379834;2467;2,9;2;1;1
258114379834;258114380493;659;2,9;2;1;1
258114380493;258114383018;2525;2,9;2;1;1
258114383018;258114386431;3413;2,9;2;1;1
258114386431;258114399552;13121;2,9;2;1;1
258114399552;258114401823;2271;2,9;2;1;1
258114401823;258114405141;3318;2,9;2;1;1
258114405141;258114405584;443;2,9;2;1;1
258114405584;258114406717;1133;2,9;2;1;1
258114406717;258114407648;931;2,9;2;1;1
258114407648;258114408723;1075;2,9;2;1;1
258114408723;258114409645;922;2,9;2;1;1
258114409645;258114410668;1023;2,9;2;1;1
258114410668;258114410824;156;2,9;2;1;1
258114410824;258114411127;303;2,9;2;1;1
258114411127;258114411820;693;2,9;2;1;1
258114454538;258114455169;631;2,9;2;1;1
258114494321;258114496396;2075;2,9;2;1;1
258114501091;258114504146;3055;2,9;2;1;1
258114507972;258114509072;1100;2,9;2;1;1
258114509509;258114510502;993;2,9;2;1;1
258114510502;258114511421;919;2,9;2;1;1
258114511421;258114513854;2433;2,9;2;1;1
258114513854;258114513863;9;2,9;2;1;1
258114513863;258114514623;760;2,9;2;1;1
258114514623;258114514630;7;2,9;2;1;1
258114514630;258114519905;5275;2,9;2;1;1
258114519905;258114519923;18;2,9;2;1;1
258114519923;258114521411;1488;2,9;2;1;1
258114523915;258114524564;649;2,9;2;1;1
258114525441;258114525981;540;2,9;2;1;1
258114570979;258114573845;2866;2,9;2;1;1
258114573845;258114581706;7861;2,9;2;1;1
258114581706;258114581865;159;2,9;2;1;1
258114581865;258114582282;417;2,9;2;1;1
258114582282;258114582745;463;2,9;2;1;1
258114582745;258114590751;8006;2,9;2;1;1
258114590751;258114594269;3518;2,9;2;1;1
258114594269;258114596243;1974;2,9;2;1;1
258114596243;258114597822;1579;2,9;2;1;1
258114597822;258114600061;2239;2,9;2;1;1
258114600061;258114600356;295;2,9;2;1;1
258114600356;258114603898;3542;2,9;2;1;1
258114603898;258114604890;992;2,9;2;1;1
258114604890;258114605901;1011;2,9;2;1;1
258114605901;258114609162;3261;2,9;2;1;1
258114609162;258114613011;3849;2,9;2;1;1
258114613011;258114613645;634;2,9;2;1;1
258114613645;258114613865;220;2,9;2;1;1
258114613865;258114615944;2079;2,9;2;1;1
258114615944;258114618107;2163;2,9;2;1;1
258114618107;258114618716;609;2,9;2;1;1
258114674766;258114676797;2031;2,9;2;1;1
258114676797;258114679664;2867;2,9;2;1;1
258114679664;258114684586;4922;2,9;2;1;1
258114684586;258114685479;893;2,9;2;1;1
258114685479;258114693156;7677;2,9;2;1;1
258114693156;258114697162;4006;2,9;2;1;1
258114697162;258114698561;1399;2,9;2;1;1
258114698561;258114700874;2313;2,9;2;1;1
258114700874;258114703505;2631;2,9;2;1;1
258114703505;258114703673;168;2,9;2;1;1
258114703673;258114705847;2174;2,9;2;1;1
258114705847;258114706359;512;2,9;2;1;1
258114706359;258114712433;6074;2,9;2;1;1
258114712433;258114713405;972;2,9;2;1;1
258114713405;258114714745;1340;2,9;2;1;1
258114714745;258114716336;1591;2,9;2;1;1
258114716336;258114718691;2355;2,9;2;1;1
258114718691;258114722411;3720;2,9;2;1;1
258114722411;258114723107;696;2,9;2;1;1
258114723107;258114723726;619;2,9;2;1;1
258114723726;258114724342;616;2,9;2;1;1
258114724342;258114725118;776;2,9;2;1;1
258114725118;258114726369;1251;2,9;2;1;1
258114791065;258114791692;627;2,9;2;1;1
258114823181;258114824470;1289;2,9;2;1;1
258114827679;258114830034;2355;2,9;2;1;1
258114830034;258114830917;883;2,9;2;1;1
258114830917;258114832134;1217;2,9;2;1;1
258114832166;258114833492;1326;2,9;2;1;1
258114833492;258114834336;844;2,9;2;1;1
258114834336;258114836004;1668;2,9;2;1;1
258114837322;258114839491;2169;2,9;2;1;1
258114839491;258114840750;1259;2,9;2;1;1
258114840750;258114846039;5289;2,9;2;1;1
258114846039;258114847370;1331;2,9;2;1;1
258114847370;258114848743;1373;2,9;2;1;1
258114848743;258114852172;3429;2,9;2;1;1
258114852172;258114854717;2545;2,9;2;1;1
258114854717;258114856146;1429;2,9;2;1;1
258114856146;258114857225;1079;2,9;2;1;1
258114898267;258114900603;2336;2,9;2;1;1
258114900603;258114913974;13371;2,9;2;1;1
258114913974;258114917563;3589;2,9;2;1;1
258114917563;258114919641;2078;2,9;2;1;1
258114919641;258114919958;317;2,9;2;1;1
258114919958;258114920760;802;2,9;2;1;1
258114920760;258114922035;1275;2,9;2;1;1
258114922035;258114924049;2014;2,9;2;1;1
258114924049;258114924698;649;2,9;2;1;1
258114924698;258114928820;4122;2,9;2;1;1
258114928820;258114929512;692;2,9;2;1;1
258114929512;258114929568;56;2,9;2;1;1
258114932908;258114945461;12553;2,9;2;1;1
258114945461;258114945636;175;2,9;2;1;1
258114945636;258114946265;629;2,9;2;1;1
258114946265;258114946876;611;2,9;2;1;1
258114946876;258114947402;526;2,9;2;1;1
258114947402;258114948400;998;2,9;2;1;1
258114948400;258114948573;173;2,9;2;1;1
258115021086;258115021633;547;2,9;2;1;1
258115060396;258115061550;1154;2,9;2;1;1
258115065676;258115066495;819;2,9;2;1;1
258115066495;258115068753;2258;2,9;2;1;1
258115068753;258115069709;956;2,9;2;1;1
258115070688;258115070797;109;2,9;2;1;1
258115070797;258115073749;2952;2,9;2;1;1
258115073749;258115073842;93;2,9;2;1;1
258115073842;258115074581;739;2,9;2;1;1
258115074581;258115076470;1889;2,9;2;1;1
258115076470;258115076627;157;2,9;2;1;1
258115076627;258115077251;624;2,9;2;1;1
258115077251;258115078829;1578;2,9;2;1;1
258115080724;258115081876;1152;2,9;2;1;1
258115081876;258115082250;374;2,9;2;1;1
258115082250;258115083904;1654;2,9;2;1;1
258115083904;258115084282;378;2,9;2;1;1
258115084282;258115085282;1000;2,9;2;1;1
258115085282;258115086869;1587;2,9;2;1;1
258115086869;258115087571;702;2,9;2;1;1
258115087571;258115090061;2490;2,9;2;1;1
258115090061;258115090329;268;2,9;2;1;1
258115090329;258115091729;1400;2,9;2;1;1
258115091729;258115092717;988;2,9;2;1;1
258115092717;258115093024;307;2,9;2;1;1
258115093024;258115093743;719;2,9;2;1;1
258115096647;258115097525;878;2,9;2;1;1
258115098430;258115098976;546;2,9;2;1;1
258115144228;258115145298;1070;2,9;2;1;1
258115145298;258115146698;1400;2,9;2;1;1
258115146698;258115147619;921;2,9;2;1;1
258115147619;258115154395;6776;2,9;2;1;1
258115154395;258115162864;8469;2,9;2;1;1
258115162864;258115169109;6245;2,9;2;1;1
258115169109;258115172526;3417;2,9;2;1;1
258115172526;258115172995;469;2,9;2;1;1
258115172995;258115173296;301;2,9;2;1;1
258115173296;258115174086;790;2,9;2;1;1
258115174086;258115175058;972;2,9;2;1;1
258115175058;258115176098;1040;2,9;2;1;1
258115176098;258115176440;342;2,9;2;1;1
258115176440;258115178740;2300;2,9;2;1;1
258115178740;258115181033;2293;2,9;2;1;1
258115181033;258115182146;1113;2,9;2;1;1
258115182146;258115182506;360;2,9;2;1;1
258115182506;258115187814;5308;2,9;2;1;1
258115187814;258115188182;368;2,9;2;1;1
258115188182;258115193454;5272;2,9;2;1;1
258115193454;258115193918;464;2,9;2;1;1
258115193918;258115195056;1138;2,9;2;1;1
258115264596;258115269601;5005;2,9;2;1;1
258115269601;258115270917;1316;2,9;2;1;1
258115270917;258115282487;11570;2,9;2;1;1
258115282487;258115284126;1639;2,9;2;1;1
258115284126;258115285348;1222;2,9;2;1;1
258115285348;258115289934;4586;2,9;2;1;1
258115289934;258115290297;363;2,9;2;1;1
258115290297;258115293263;2966;2,9;2;1;1
258115293263;258115294260;997;2,9;2;1;1
258115294260;258115296793;2533;2,9;2;1;1
258115296793;258115299435;2642;2,9;2;1;1
258115299435;258115301563;2128;2,9;2;1;1
258115301563;258115302268;705;2,9;2;1;1
258115302268;258115302854;586;2,9;2;1;1
258115302854;258115303097;243;2,9;2;1;1
258115303097;258115306664;3567;2,9;2;1;1
258115306664;258115306774;110;2,9;2;1;1
258115306774;258115320302;13528;2,9;2;1;1
258115320302;258115320546;244;2,9;2;1;1
258115320546;258115321692;1146;2,9;2;1;1
258115321692;258115323139;1447;2,9;2;1;1
258115360150;258115360711;561;2,9;2;1;1
258115397996;258115399079;1083;2,9;2;1;1
258115400036;258115401294;1258;2,9;2;1;1
258115405344;258115405817;473;2,9;2;1;1
258115405817;258115406490;673;2,9;2;1;1
258115406490;258115408811;2321;2,9;2;1;1
258115408811;258115409173;362;2,9;2;1;1
258115409689;258115410235;546;2,9;2;1;1
258115410235;258115411136;901;2,9;2;1;1
258115411136;258115411818;682;2,9;2;1;1
258115418061;258115419004;943;2,9;2;1;1
258115420553;258115421574;1021;2,9;2;1;1
258115421574;258115422269;695;2,9;2;1;1
258115422269;258115422818;549;2,9;2;1;1
258115431885;258115433923;2038;2,9;2;1;1
258115433923;258115436229;2306;2,9;2;1;1
258115436229;258115437415;1186;2,9;2;1;1
258115437415;258115437940;525;2,9;2;1;1
258115437940;258115438150;210;2,9;2;1;1
258115438150;258115438728;578;2,9;2;1;1
258115438728;258115439621;893;2,9;2;1;1
258115439621;258115439743;122;2,9;2;1;1
258115439743;258115440710;967;2,9;2;1;1
258115440710;258115441244;534;2,9;2;1;1
258115441244;258115441535;291;2,9;2;1;1
258115442179;258115442326;147;2,9;2;1;1
258115442326;258115443246;920;2,9;2;1;1
258115443246;258115443391;145;2,9;2;1;1
258115443391;258115443535;144;2,9;2;1;1
258115477803;258115481076;3273;2,9;2;1;1
258115481076;258115481213;137;2,9;2;1;1
258115481213;258115482839;1626;2,9;2;1;1
258115482839;258115483590;751;2,9;2;1;1
258115483590;258115483865;275;2,9;2;1;1
258115483865;258115484086;221;2,9;2;1;1
258115484086;258115484242;156;2,9;2;1;1
258115484242;258115487785;3543;2,9;2;1;1
258115487785;258115493034;5249;2,9;2;1;1
258115493034;258115495621;2587;2,9;2;1;1
258115495621;258115503228;7607;2,9;2;1;1
258115503228;258115503790;562;2,9;2;1;1
258115503790;258115508686;4896;2,9;2;1;1
258115508686;258115509255;569;2,9;2;1;1
258115509255;258115516461;7206;2,9;2;1;1
258115516461;258115517075;614;2,9;2;1;1
258115517075;258115518865;1790;2,9;2;1;1
258115518865;258115519325;460;2,9;2;1;1
258115519325;258115520485;1160;2,9;2;1;1
258115520485;258115521585;1100;2,9;2;1;1
258115521585;258115522145;560;2,9;2;1;1
258115522145;258115523259;1114;2,9;2;1;1
258115523259;258115524028;769;2,9;2;1;1
258115524028;258115524706;678;2,9;2;1;1
258115524706;258115530450;5744;2,9;2;1;1
258115530450;258115530536;86;2,9;2;1;1
258115530536;258115531263;727;2,9;2;1;1
258115629905;258115634595;4690;2,9;2;1;1
258115686507;258115687128;621;2,9;2;1;1
258115765983;258115766598;615;2,9;2;1;1
258115812793;258115816850;4057;2,9;2;1;1
258115896430;258115898011;1581;2,9;2;1;1
258115899489;258115899938;449;2,9;2;1;1
258115899938;258115901263;1325;2,9;2;1;1
258115901263;258115901656;393;2,9;2;1;1
258115901656;258115902333;677;2,9;2;1;1
258115903554;258115904830;1276;2,9;2;1;1
258115906038;258115906230;192;2,9;2;1;1
258115906230;258115906480;250;2,9;2;1;1
258115906480;258115907204;724;2,9;2;1;1
258115910181;258115911874;1693;2,9;2;1;1
258115911874;258115912970;1096;2,9;2;1;1
258115913746;258115914733;987;2,9;2;1;1
258115914733;258115915913;1180;2,9;2;1;1
258115915913;258115918314;2401;2,9;2;1;1
258115918314;258115918480;166;2,9;2;1;1
258115918480;258115919045;565;2,9;2;1;1
258115919045;258115919270;225;2,9;2;1;1
258115919270;258115922115;2845;2,9;2;1;1
258115922459;258115923007;548;2,9;2;1;1
258115923007;258115923958;951;2,9;2;1;1
258115923958;258115926318;2360;2,9;2;1;1
258115926318;258115926616;298;2,9;2;1;1
258115926616;258115928968;2352;2,9;2;1;1
258115928968;258115929613;645;2,9;2;1;1
258115929613;258115933641;4028;2,9;2;1;1
258115936485;258115936586;101;2,9;2;1;1
258115936586;258115937723;1137;2,9;2;1;1
258115937723;258115938176;453;2,9;2;1;1
258115944357;258115944658;301;2,9;2;1;1
258115944658;258115946037;1379;2,9;2;1;1
258115983190;258115986029;2839;2,9;2;1;1
258115986029;258115991089;5060;2,9;2;1;1
258115991089;258115994610;3521;2,9;2;1;1
258115994610;258115998562;3952;2,9;2;1;1
258115998562;258116000487;1925;2,9;2;1;1
258116000487;258116005960;5473;2,9;2;1;1
258116005960;258116008285;2325;2,9;2;1;1
258116008285;258116012213;3928;2,9;2;1;1
258116012213;258116012989;776;2,9;2;1;1
258116012989;258116015353;2364;2,9;2;1;1
258116015353;258116023154;7801;2,9;2;1;1
258116023154;258116025130;1976;2,9;2;1;1
258116025130;258116025737;607;2,9;2;1;1
258116025737;258116028507;2770;2,9;2;1;1
258116028507;258116029334;827;2,9;2;1;1
258116029334;258116029821;487;2,9;2;1;1
258116029821;258116030321;500;2,9;2;1;1
258116030321;258116030929;608;2,9;2;1;1
258116030929;258116031599;670;2,9;2;1;1
258116031599;258116032841;1242;2,9;2;1;1
258116032841;258116035113;2272;2,9;2;1;1
258116035113;258116043664;8551;2,9;2;1;1
258116043664;258116044250;586;2,9;2;1;1
258116097979;258116100347;2368;2,9;2;1;1
258116100347;258116111635;11288;2,9;2;1;1
258116111635;258116112016;381;2,9;2;1;1
258116112016;258116114017;2001;2,9;2;1;1
258116114017;258116118257;4240;2,9;2;1;1
258116118257;258116119651;1394;2,9;2;1;1
258116119651;258116120616;965;2,9;2;1;1
258116120616;258116124877;4261;2,9;2;1;1
258116124877;258116125085;208;2,9;2;1;1
258116125085;258116126357;1272;2,9;2;1;1
258116126357;258116128314;1957;2,9;2;1;1
258116128314;258116128389;75;2,9;2;1;1
258116128389;258116130042;1653;2,9;2;1;1
258116130042;258116130191;149;2,9;2;1;1
258116130191;258116135024;4833;2,9;2;1;1
258116135024;258116136753;1729;2,9;2;1;1
258116136753;258116142589;5836;2,9;2;1;1
258116142589;258116144665;2076;2,9;2;1;1
258116144665;258116145327;662;2,9;2;1;1
258116145327;258116145369;42;2,9;2;1;1
258116145369;258116145521;152;2,9;2;1;1
258116145521;258116146093;572;2,9;2;1;1
258116146093;258116146352;259;2,9;2;1;1
258116146352;258116146750;398;2,9;2;1;1
258116146750;258116146999;249;2,9;2;1;1
258116146999;258116147183;184;2,9;2;1;1
258116147183;258116148087;904;2,9;2;1;1
258116208650;258116210762;2112;2,9;2;1;1
258116210762;258116223053;12291;2,9;2;1;1
258116223053;258116223409;356;2,9;2;1;1
258116223409;258116229018;5609;2,9;2;1;1
258116229018;258116230325;1307;2,9;2;1;1
258116230325;258116238058;7733;2,9;2;1;1
258116238058;258116239916;1858;2,9;2;1;1
258116239916;258116245067;5151;2,9;2;1;1
258116245067;258116246022;955;2,9;2;1;1
258116246022;258116246709;687;2,9;2;1;1
258116246709;258116247152;443;2,9;2;1;1
258116247152;258116247445;293;2,9;2;1;1
258116247445;258116247661;216;2,9;2;1;1
258116248393;258116249736;1343;2,9;2;1;1
258116249736;258116249983;247;2,9;2;1;1
258116249983;258116251550;1567;2,9;2;1;1
258116251550;258116252007;457;2,9;2;1;1
258116252007;258116252927;920;2,9;2;1;1
258116356447;258116358623;2176;2,9;2;1;1
258116358774;258116359799;1025;2,9;2;1;1
258116362938;258116364755;1817;2,9;2;1;1
258116364755;258116365381;626;2,9;2;1;1
258116365381;258116366591;1210;2,9;2;1;1
258116366591;258116367371;780;2,9;2;1;1
258116367371;258116368218;847;2,9;2;1;1
258116368218;258116368261;43;2,9;2;1;1
258116368261;258116368745;484;2,9;2;1;1
258116368745;258116369693;948;2,9;2;1;1
258116370332;258116372544;2212;2,9;2;1;1
258116372544;258116374921;2377;2,9;2;1;1
258116374921;258116376291;1370;2,9;2;1;1
258116376291;258116377126;835;2,9;2;1;1
258116377126;258116377464;338;2,9;2;1;1
258116381634;258116383093;1459;2,9;2;1;1
258116383093;258116384933;1840;2,9;2;1;1
258116384933;258116385039;106;2,9;2;1;1
258116385039;258116385992;953;2,9;2;1;1
258116385992;258116386627;635;2,9;2;1;1
258116386887;258116387536;649;2,9;2;1;1
258116398424;258116399143;719;2,9;2;1;1
258116399143;258116400006;863;2,9;2;1;1
258116400006;258116400316;310;2,9;2;1;1
258116400316;258116400396;80;2,9;2;1;1
258116400396;258116401092;696;2,9;2;1;1
258116401092;258116401236;144;2,9;2;1;1
258116401236;258116401674;438;2,9;2;1;1
258116401674;258116401788;114;2,9;2;1;1
258116401788;258116402655;867;2,9;2;1;1
258116453743;258116457536;3793;2,9;2;1;1
258116457536;258116468682;11146;2,9;2;1;1
258116468682;258116476688;8006;2,9;2;1;1
258116476688;258116478783;2095;2,9;2;1;1
258116478783;258116479383;600;2,9;2;1;1
258116479383;258116483774;4391;2,9;2;1;1
258116483774;258116484994;1220;2,9;2;1;1
258116484994;258116485388;394;2,9;2;1;1
258116485388;258116485975;587;2,9;2;1;1
258116485975;258116487607;1632;2,9;2;1;1
258116487607;258116487886;279;2,9;2;1;1
258116487886;258116488104;218;2,9;2;1;1
258116488104;258116488981;877;2,9;2;1;1
258116488981;258116489252;271;2,9;2;1;1
258116489252;258116489571;319;2,9;2;1;1
258116489571;258116490840;1269;2,9;2;1;1
258116490840;258116491088;248;2,9;2;1;1
258116491088;258116491337;249;2,9;2;1;1
258116491337;258116492266;929;2,9;2;1;1
258116492266;258116493139;873;2,9;2;1;1
258116493139;258116493240;101;2,9;2;1;1
258116493240;258116493944;704;2,9;2;1;1
258116493944;258116494381;437;2,9;2;1;1
258116494381;258116494869;488;2,9;2;1;1
258116495634;258116496178;544;2,9;2;1;1
258116561832;258116563638;1806;2,9;2;1;1
258116563638;258116569250;5612;2,9;2;1;1
258116569250;258116577230;7980;2,9;2;1;1
258116577230;258116578054;824;2,9;2;1;1
258116578054;258116580482;2428;2,9;2;1;1
258116580482;258116580625;143;2,9;2;1;1
258116580625;258116580703;78;2,9;2;1;1
258116580703;258116581896;1193;2,9;2;1;1
258116581896;258116584911;3015;2,9;2;1;1
258116584911;258116595345;10434;2,9;2;1;1
258116595345;258116595424;79;2,9;2;1;1
258116595424;258116595753;329;2,9;2;1;1
258116595753;258116596019;266;2,9;2;1;1
258116596019;258116596569;550;2,9;2;1;1
258116596569;258116597253;684;2,9;2;1;1
258116597253;258116598029;776;2,9;2;1;1
258116598029;258116599573;1544;2,9;2;1;1
258116599573;258116601786;2213;2,9;2;1;1
258116601786;258116610803;9017;2,9;2;1;1
258116681581;258116690185;8604;2,9;2;1;1
258116690185;258116691825;1640;2,9;2;1;1
258116691825;258116696474;4649;2,9;2;1;1
258116696474;258116701302;4828;2,9;2;1;1
258116701302;258116706367;5065;2,9;2;1;1
258116706367;258116706378;11;2,9;2;1;1
258116706378;258116706921;543;2,9;2;1;1
258116706921;258116712104;5183;2,9;2;1;1
258116712104;258116713874;1770;2,9;2;1;1
258116713874;258116714508;634;2,9;2;1;1
258116714508;258116715092;584;2,9;2;1;1
258116715092;258116716107;1015;2,9;2;1;1
258116716107;258116719361;3254;2,9;2;1;1
258116719361;258116721374;2013;2,9;2;1;1
258116721374;258116721526;152;2,9;2;1;1
258116721526;258116723396;1870;2,9;2;1;1
258116723396;258116724255;859;2,9;2;1;1
258116724255;258116724468;213;2,9;2;1;1
258116724468;258116726566;2098;2,9;2;1;1
258116774260;258116775408;1148;2,9;2;1;1
258116824630;258116825510;880;2,9;2;1;1
258116902524;258116902599;75;2,9;2;1;1
258116902599;258116903131;532;2,9;2;1;1
258116949049;258116949610;561;2,9;2;1;1
258116986167;258116987712;1545;2,9;2;1;1
258116988516;258116989799;1283;2,9;2;1;1
258116993419;258116993819;400;2,9;2;1;1
258116993819;258116995577;1758;2,9;2;1;1
258116995577;258116996627;1050;2,9;2;1;1
258116996627;258116997141;514;2,9;2;1;1
258116997141;258116997535;394;2,9;2;1;1
258116997535;258116998278;743;2,9;2;1;1
258116998278;258116998753;475;2,9;2;1;1
258116999593;258117001024;1431;2,9;2;1;1
258117001024;258117001196;172;2,9;2;1;1
258117007924;258117009607;1683;2,9;2;1;1
258117010548;258117011170;622;2,9;2;1;1
258117059003;258117059540;537;2,9;2;1;1
258117059540;258117059886;346;2,9;2;1;1
258117059886;258117060296;410;2,9;2;1;1
258117060296;258117063678;3382;2,9;2;1;1
258117063678;258117072483;8805;2,9;2;1;1
258117072483;258117073498;1015;2,9;2;1;1
258117073498;258117078589;5091;2,9;2;1;1
258117078589;258117083298;4709;2,9;2;1;1
258117083298;258117084982;1684;2,9;2;1;1
258117084982;258117085776;794;2,9;2;1;1
258117085776;258117091427;5651;2,9;2;1;1
258117091427;258117092691;1264;2,9;2;1;1
258117092691;258117101320;8629;2,9;2;1;1
258117101320;258117102363;1043;2,9;2;1;1
258117102363;258117103924;1561;2,9;2;1;1
258117103924;258117104641;717;2,9;2;1;1
258117104641;258117108406;3765;2,9;2;1;1
258117108406;258117111597;3191;2,9;2;1;1
258117111597;258117111607;10;2,9;2;1;1
258117111607;258117111832;225;2,9;2;1;1
258117111832;258117113086;1254;2,9;2;1;1
258117113086;258117113213;127;2,9;2;1;1
258117113213;258117113927;714;2,9;2;1;1
258117158760;258117162637;3877;2,9;2;1;1
258117162637;258117164598;1961;2,9;2;1;1
258117164598;258117168530;3932;2,9;2;1;1
258117168530;258117174454;5924;2,9;2;1;1
258117174454;258117178966;4512;2,9;2;1;1
258117178966;258117180890;1924;2,9;2;1;1
258117180890;258117187820;6930;2,9;2;1;1
258117187820;258117188297;477;2,9;2;1;1
258117188297;258117190689;2392;2,9;2;1;1
258117190689;258117192167;1478;2,9;2;1;1
258117192167;258117196120;3953;2,9;2;1;1
258117196120;258117196754;634;2,9;2;1;1
258117196754;258117197941;1187;2,9;2;1;1
258117197941;258117199394;1453;2,9;2;1;1
258117199394;258117199801;407;2,9;2;1;1
258117199801;258117206656;6855;2,9;2;1;1
258117206656;258117210389;3733;2,9;2;1;1
258117210389;258117210553;164;2,9;2;1;1
258117210553;258117210824;271;2,9;2;1;1
258117210824;258117210982;158;2,9;2;1;1
258117210982;258117211707;725;2,9;2;1;1
258117257893;258117258505;612;2,9;2;1;1
258117290763;258117292084;1321;2,9;2;1;1
258117370601;258117371252;651;2,9;2;1;1
258117419147;258117419716;569;2,9;2;1;1
258117456995;258117457558;563;2,9;2;1;1
258117492998;258117493728;730;2,9;2;1;1
258117618787;258117620564;1777;2,9;2;1;1
258117620798;258117622790;1992;2,9;2;1;1
258117623620;258117624884;1264;2,9;2;1;1
258117626279;258117629096;2817;2,9;2;1;1
258117631446;258117632000;554;2,9;2;1;1
258117632000;258117634928;2928;2,9;2;1;1
258117634928;258117635176;248;2,9;2;1;1
258117635176;258117635507;331;2,9;2;1;1
258117635507;258117637380;1873;2,9;2;1;1
258117637380;258117639211;1831;2,9;2;1;1
258117639211;258117648826;9615;2,9;2;1;1
258117648826;258117649581;755;2,9;2;1;1
258117649581;258117650024;443;2,9;2;1;1
258117653296;258117653939;643;2,9;2;1;1
258117713111;258117716630;3519;2,9;2;1;1
258117793820;258117795203;1383;2,9;2;1;1
258117795203;258117796596;1393;2,9;2;1;1
258117796596;258117797370;774;2,9;2;1;1
258117797370;258117798080;710;2,9;2;1;1
258117798080;258117799148;1068;2,9;2;1;1
258117800267;258117801105;838;2,9;2;1;1
258117801105;258117802793;1688;2,9;2;1;1
258117802793;258117803373;580;2,9;2;1;1
258117891450;258117892708;1258;2,9;2;1;1
258117892708;258117893777;1069;2,9;2;1;1
258117893777;258117897629;3852;2,9;2;1;1
258117897629;258117899918;2289;2,9;2;1;1
258117899918;258117901426;1508;2,9;2;1;1
258117901426;258117901559;133;2,9;2;1;1
258117901559;258117904444;2885;2,9;2;1;1
258117904444;258117905189;745;2,9;2;1;1
258117905189;258117908876;3687;2,9;2;1;1
258117908876;258117909534;658;2,9;2;1;1
258117909534;258117915928;6394;2,9;2;1;1
258117915928;258117918154;2226;2,9;2;1;1
258117918154;258117925422;7268;2,9;2;1;1
258120010695;258120017714;7019;2,9;2;1;1
258120017714;258120018012;298;2,9;2;1;1
258120102938;258120103596;658;2,9;2;1;1
258120143986;258120144621;635;2,9;2;1;1
258120190169;258120191068;899;2,9;2;1;1
258120241464;258120242023;559;2,9;2;1;1
258120359150;258120360757;1607;2,9;2;1;1
258120417032;258120417663;631;2,9;2;1;1
258120652821;258120653432;611;2,9;2;1;1
258120709758;258120711369;1611;2,9;2;1;1
258120756385;258120761368;4983;2,9;2;1;1
258120805374;258120808655;3281;2,9;2;1;1
258120808655;258120809685;1030;2,9;2;1;1
258121008612;258121009332;720;2,9;2;1;1
258121086883;258121091298;4415;2,9;2;1;1
258121091298;258121091752;454;2,9;2;1;1
258121092267;258121092865;598;2,9;2;1;1
258121124219;258121124806;587;2,9;2;1;1
258121174482;258121175031;549;2,9;2;1;1
258121234019;258121234646;627;2,9;2;1;1
258121330451;258121331616;1165;2,9;2;1;1
258121389299;258121390210;911;2,9;2;1;1
258121433738;258121441483;7745;2,9;2;1;1
258121441483;258121469762;28279;2,9;2;1;1
258121497755;258121498380;625;2,9;2;1;1
258121600848;258121601879;1031;2,9;2;1;1
258121601879;258121602845;966;2,9;2;1;1
258121644392;258121645046;654;2,9;2;1;1
258121694055;258121695187;1132;2,9;2;1;1
258121763809;258121764373;564;2,9;2;1;1
258121811376;258121812051;675;2,9;2;1;1
258121899318;258121900151;833;2,9;2;1;1
258121954070;258121954756;686;2,9;2;1;1
258122073401;258122073417;16;2,9;2;1;1
258122073417;258122074528;1111;2,9;2;1;1
258122077827;258122078423;596;2,9;2;1;1
258122078504;258122079340;836;2,9;2;1;1
258122134136;258122135059;923;2,9;2;1;1
258122184408;258122187491;3083;2,9;2;1;1
258122187491;258122196082;8591;2,9;2;1;1
258122196082;258122213418;17336;2,9;2;1;1
258122236752;258122237390;638;2,9;2;1;1
258122319958;258122320526;568;2,9;2;1;1
258122382242;258122383447;1205;2,9;2;1;1
258122458614;258122459247;633;2,9;2;1;1
258122525581;258122526228;647;2,9;2;1;1
258122553190;258122553727;537;2,9;2;1;1
258122609784;258122610703;919;2,9;2;1;1
258122659482;258122660102;620;2,9;2;1;1
258122722326;258122722873;547;2,9;2;1;1
258122768999;258122769800;801;2,9;2;1;1
258122857597;258122858492;895;2,9;2;1;1
258122905612;258122906249;637;2,9;2;1;1
258122986243;258122987297;1054;2,9;2;1;1
258123009716;258123010276;560;2,9;2;1;1
258123117454;258123118006;552;2,9;2;1;1
258123210415;258123211206;791;2,9;2;1;1
258123372420;258123373215;795;2,9;2;1;1
258123421950;258123422701;751;2,9;2;1;1
258123476164;258123480945;4781;2,9;2;1;1
258123522498;258123526092;3594;2,9;2;1;1
258123526092;258123528823;2731;2,9;2;1;1
258123528823;258123557193;28370;2,9;2;1;1
258123597756;258123598305;549;2,9;2;1;1
258123711151;258123713168;2017;2,9;2;1;1
258123739287;258123739860;573;2,9;2;1;1
258123813477;258123814034;557;2,9;2;1;1
258123890797;258123891344;547;2,9;2;1;1
258123953835;258123955239;1404;2,9;2;1;1
258124042809;258124043390;581;2,9;2;1;1
258124096515;258124097173;658;2,9;2;1;1
258124198446;258124199076;630;2,9;2;1;1
258124248709;258124249353;644;2,9;2;1;1
258124333372;258124333998;626;2,9;2;1;1
258124380222;258124380844;622;2,9;2;1;1
258124515836;258124516444;608;2,9;2;1;1
258124558974;258124601688;42714;2,9;2;1;1
258124601688;258124604953;3265;2,9;2;1;1
258124604953;258124610208;5255;2,9;2;1;1
258124670264;258124670906;642;2,9;2;1;1
258124745076;258124745731;655;2,9;2;1;1
258124789194;258124789823;629;2,9;2;1;1
258124846518;258124847644;1126;2,9;2;1;1
258124938920;258124939616;696;2,9;2;1;1
258125013593;258125014152;559;2,9;2;1;1
258125087972;258125088615;643;2,9;2;1;1
258125178321;258125178973;652;2,9;2;1;1
258125247311;258125248612;1301;2,9;2;1;1
258125301891;258125302488;597;2,9;2;1;1
258125350687;258125351236;549;2,9;2;1;1
258125400446;258125407966;7520;2,9;2;1;1
258125454256;258125454889;633;2,9;2;1;1
258125508895;258125509454;559;2,9;2;1;1
258125625963;258125626520;557;2,9;2;1;1
258125696272;258125697421;1149;2,9;2;1;1
258125760680;258125761101;421;2,9;2;1;1
258125761101;258125761390;289;2,9;2;1;1
258125761390;258125761753;363;2,9;2;1;1
258125810498;258125811130;632;2,9;2;1;1
258125882018;258125883513;1495;2,9;2;1;1
258125885278;258125885920;642;2,9;2;1;1
258125933327;258125933870;543;2,9;2;1;1
258126030812;258126031757;945;2,9;2;1;1
258126077876;258126078693;817;2,9;2;1;1
258126135244;258126135757;513;2,9;2;1;1
258126230572;258126231191;619;2,9;2;1;1
258126272057;258126272601;544;2,9;2;1;1
258126348920;258126349616;696;2,9;2;1;1
258126472866;258126473335;469;2,9;2;1;1
258126524696;258126524834;138;2,9;2;1;1
258126524834;258126525193;359;2,9;2;1;1
258126566566;258126567043;477;2,9;2;1;1
258126606854;258126607395;541;2,9;2;1;1
258126720032;258126720562;530;2,9;2;1;1
258126789629;258126790118;489;2,9;2;1;1
258126826989;258126831049;4060;2,9;2;1;1
258126917802;258126918274;472;2,9;2;1;1
258127055421;258127059697;4276;2,9;2;1;1
258127163603;258127164634;1031;2,9;2;1;1
258127226887;258127227368;481;2,9;2;1;1
258127340885;258127341376;491;2,9;2;1;1
258127344234;258127344724;490;2,9;2;1;1
258127345214;258127345807;593;2,9;2;1;1
258127379497;258127379965;468;2,9;2;1;1
258127418879;258127419461;582;2,9;2;1;1
258127541362;258127541842;480;2,9;2;1;1
258127585124;258127585734;610;2,9;2;1;1
258127640028;258127640659;631;2,9;2;1;1
258127704779;258127705310;531;2,9;2;1;1
258127744189;258127744678;489;2,9;2;1;1
258127854745;258127855209;464;2,9;2;1;1
258127922448;258127923005;557;2,9;2;1;1
258127967625;258127968092;467;2,9;2;1;1
258128046564;258128047587;1023;2,9;2;1;1
258128131656;258128132153;497;2,9;2;1;1
258128197196;258128197660;464;2,9;2;1;1
258128232723;258128233325;602;2,9;2;1;1
258128313131;258128313852;721;2,9;2;1;1
258128383247;258128383711;464;2,9;2;1;1
258128463921;258128464396;475;2,9;2;1;1
258128554381;258128555025;644;2,9;2;1;1
258128614030;258128614834;804;2,9;2;1;1
258128692270;258128692897;627;2,9;2;1;1
258128773411;258128773878;467;2,9;2;1;1
258128829920;258128830549;629;2,9;2;1;1
258128875316;258128875815;499;2,9;2;1;1
258128953867;258128954342;475;2,9;2;1;1
258129015844;258129016396;552;2,9;2;1;1
258129064240;258129064704;464;2,9;2;1;1
258129096856;258129097368;512;2,9;2;1;1
258129173290;258129173742;452;2,9;2;1;1
258129213192;258129213645;453;2,9;2;1;1
258129277187;258129277753;566;2,9;2;1;1
258129349977;258129354035;4058;2,9;2;1;1
258129507069;258129507572;503;2,9;2;1;1
258129612083;258129613070;987;2,9;2;1;1
258129711919;258129712904;985;9;1;1;1
258129716400;258129716951;551;2,9;2;1;1
258129964787;258129965417;630;2,9;2;1;1
258130038938;258130039481;543;2,9;2;1;1
258130117751;258130118237;486;2,9;2;1;1
258130256654;258130257288;634;2,9;2;1;1
258130339977;258130340638;661;2,9;2;1;1
258130444813;258130445452;639;2,9;2;1;1
258130499969;258130500516;547;2,9;2;1;1
258130541131;258130541696;565;2,9;2;1;1
258130618615;258130619076;461;2,9;2;1;1
258130619076;258130619576;500;2,9;2;1;1
258130701152;258130701683;531;2,9;2;1;1
258130786447;258130787008;561;2,9;2;1;1
258130829657;258130830206;549;2,9;2;1;1
258130866680;258130867220;540;2,9;2;1;1
258130936474;258130936869;395;2,9;2;1;1
258130936869;258130936944;75;2,9;2;1;1
258131014512;258131015009;497;2,9;2;1;1
258131015009;258131015037;28;2,9;2;1;1
258131104077;258131104691;614;2,9;2;1;1
258131173038;258131174010;972;2,9;2;1;1
258131240011;258131240547;536;2,9;2;1;1
258131317207;258131317838;631;2,9;2;1;1
258131390735;258131391124;389;2,9;2;1;1
258131391124;258131391203;79;2,9;2;1;1
258131455724;258131455919;195;2,9;2;1;1
258131455919;258131456171;252;2,9;2;1;1
258131456171;258131456362;191;2,9;2;1;1
258131513959;258131514490;531;2,9;2;1;1
258131597238;258131597605;367;2,9;2;1;1
258131597605;258131597748;143;2,9;2;1;1
258131597748;258131597753;5;2,9;2;1;1
258131662260;258131662789;529;2,9;2;1;1
258131734304;258131734921;617;2,9;2;1;1
258131769600;258131770142;542;2,9;2;1;1
258131929385;258131930178;793;2,9;2;1;1
258131930178;258131930505;327;2,9;2;1;1
258131979992;258131980276;284;2,9;2;1;1
258131980276;258131980459;183;2,9;2;1;1
258132053946;258132054601;655;2,9;2;1;1
258132232185;258132232797;612;2,9;2;1;1
258132353475;258132353960;485;2,9;2;1;1
258132466316;258132466902;586;2,9;2;1;1
258132466902;258132467005;103;2,9;2;1;1
258132467005;258132467068;63;2,9;2;1;1
258132467068;258132467811;743;2,9;2;1;1
258132560453;258132561005;552;2,9;2;1;1
258132594555;258132595008;453;2,9;2;1;1
258132635095;258132635621;526;2,9;2;1;1
258132681622;258132681988;366;2,9;2;1;1
258132681988;258132682088;100;2,9;2;1;1
258132723558;258132725126;1568;2,9;2;1;1
258132725746;258132726785;1039;2,9;2;1;1
258132728091;258132728717;626;2,9;2;1;1
258132929875;258132930358;483;2,9;2;1;1
258132930358;258132930534;176;2,9;2;1;1
258133003578;258133003787;209;2,9;2;1;1
258133003787;258133003854;67;2,9;2;1;1
258133003854;258133004228;374;2,9;2;1;1
258133080844;258133081414;570;2,9;2;1;1
258133146183;258133148037;1854;2,9;2;1;1
258133148037;258133150145;2108;2,9;2;1;1
258133150145;258133176958;26813;2,9;2;1;1
258133176958;258133182623;5665;2,9;2;1;1
258133182623;258133183358;735;2,9;2;1;1
258133183358;258133186482;3124;2,9;2;1;1
258133186482;258133186946;464;2,9;2;1;1
258133186946;258133187027;81;2,9;2;1;1
258133187027;258133187420;393;2,9;2;1;1
258133187420;258133187787;367;2,9;2;1;1
258133187787;258133189177;1390;2,9;2;1;1
258133189177;258133191545;2368;2,9;2;1;1
258133191545;258133193829;2284;2,9;2;1;1
258133193829;258133194929;1100;2,9;2;1;1
258133194929;258133195673;744;2,9;2;1;1
258133195673;258133197304;1631;2,9;2;1;1
258133197304;258133197570;266;2,9;2;1;1
258133197570;258133197886;316;2,9;2;1;1
258133197886;258133198149;263;2,9;2;1;1
258133198149;258133198425;276;2,9;2;1;1
258133198425;258133199360;935;2,9;2;1;1
258133199360;258133201060;1700;2,9;2;1;1
258133201060;258133204229;3169;2,9;2;1;1
258133204229;258133205993;1764;2,9;2;1;1
258133205993;258133206312;319;2,9;2;1;1
258133206312;258133207057;745;2,9;2;1;1
258133207339;258133207552;213;2,9;2;1;1
258133207552;258133208367;815;2,9;2;1;1
258133209588;258133210145;557;2,9;2;1;1
258133237438;258133237913;475;2,9;2;1;1
258133329426;258133330363;937;2,9;2;1;1
258133331578;258133332549;971;2,9;2;1;1
258133333859;258133334525;666;2,9;2;1;1
258133403965;258133404593;628;2,9;2;1;1
258133486085;258133486719;634;2,9;2;1;1
